Wavelength (nm)	Transmission (dBm)	Linear Transmission
1574.500000	-90.660004	0.000000
1574.520020	-210.000000	0.000000
1574.540039	-84.290001	0.000000
1574.560059	-210.000000	0.000000
1574.579956	-210.000000	0.000000
1574.599976	-210.000000	0.000000
1574.619995	-90.660004	0.000000
1574.640015	-210.000000	0.000000
1574.660034	-80.239998	0.000000
1574.680054	-210.000000	0.000000
1574.699951	-210.000000	0.000000
1574.719971	-85.019997	0.000000
1574.739990	-86.980003	0.000000
1574.760010	-210.000000	0.000000
1574.780029	-210.000000	0.000000
1574.800049	-92.419998	0.000000
1574.819946	-80.959999	0.000000
1574.839966	-210.000000	0.000000
1574.859985	-210.000000	0.000000
1574.880005	-82.419998	0.000000
1574.900024	-210.000000	0.000000
1574.920044	-84.639999	0.000000
1574.939941	-85.889999	0.000000
1574.959961	-210.000000	0.000000
1574.979980	-210.000000	0.000000
1575.000000	-210.000000	0.000000
1575.020020	-210.000000	0.000000
1575.040039	-90.660004	0.000000
1575.060059	-210.000000	0.000000
1575.079956	-210.000000	0.000000
1575.099976	-82.639999	0.000000
1575.119995	-82.639999	0.000000
1575.140015	-85.889999	0.000000
1575.160034	-210.000000	0.000000
1575.180054	-210.000000	0.000000
1575.199951	-84.639999	0.000000
1575.219971	-81.449997	0.000000
1575.239990	-210.000000	0.000000
1575.260010	-210.000000	0.000000
1575.280029	-210.000000	0.000000
1575.300049	-92.419998	0.000000
1575.319946	-210.000000	0.000000
1575.339966	-81.449997	0.000000
1575.359985	-81.449997	0.000000
1575.380005	-210.000000	0.000000
1575.400024	-210.000000	0.000000
1575.420044	-80.110001	0.000000
1575.439941	-83.970001	0.000000
1575.459961	-210.000000	0.000000
1575.479980	-210.000000	0.000000
1575.500000	-210.000000	0.000000
1575.520020	-210.000000	0.000000
1575.540039	-210.000000	0.000000
1575.560059	-92.430000	0.000000
1575.579956	-82.220001	0.000000
1575.599976	-88.449997	0.000000
1575.619995	-85.900002	0.000000
1575.640015	-210.000000	0.000000
1575.660034	-92.430000	0.000000
1575.680054	-210.000000	0.000000
1575.699951	-77.519997	0.000000
1575.719971	-82.889999	0.000000
1575.739990	-210.000000	0.000000
1575.760010	-89.419998	0.000000
1575.780029	-79.529999	0.000000
1575.800049	-82.019997	0.000000
1575.819946	-80.820000	0.000000
1575.839966	-90.669998	0.000000
1575.859985	-81.820000	0.000000
1575.880005	-210.000000	0.000000
1575.900024	-82.019997	0.000000
1575.920044	-80.000000	0.000000
1575.939941	-85.440002	0.000000
1575.959961	-81.459999	0.000000
1575.979980	-210.000000	0.000000
1576.000000	-210.000000	0.000000
1576.020020	-78.360001	0.000000
1576.040039	-88.449997	0.000000
1576.060059	-210.000000	0.000000
1576.079956	-79.209999	0.000000
1576.099976	-85.029999	0.000000
1576.119995	-210.000000	0.000000
1576.140015	-80.669998	0.000000
1576.160034	-81.459999	0.000000
1576.180054	-210.000000	0.000000
1576.199951	-83.680000	0.000000
1576.219971	-210.000000	0.000000
1576.239990	-210.000000	0.000000
1576.260010	-210.000000	0.000000
1576.280029	-85.900002	0.000000
1576.300049	-210.000000	0.000000
1576.319946	-79.309998	0.000000
1576.339966	-210.000000	0.000000
1576.359985	-210.000000	0.000000
1576.380005	-210.000000	0.000000
1576.400024	-210.000000	0.000000
1576.420044	-82.430000	0.000000
1576.439941	-210.000000	0.000000
1576.459961	-210.000000	0.000000
1576.479980	-210.000000	0.000000
1576.500000	-81.290001	0.000000
1576.520020	-86.410004	0.000000
1576.540039	-84.650002	0.000000
1576.560059	-210.000000	0.000000
1576.579956	-210.000000	0.000000
1576.599976	-210.000000	0.000000
1576.619995	-210.000000	0.000000
1576.640015	-210.000000	0.000000
1576.660034	-210.000000	0.000000
1576.680054	-81.459999	0.000000
1576.699951	-210.000000	0.000000
1576.719971	-92.430000	0.000000
1576.739990	-210.000000	0.000000
1576.760010	-210.000000	0.000000
1576.780029	-210.000000	0.000000
1576.800049	-89.419998	0.000000
1576.819946	-210.000000	0.000000
1576.839966	-210.000000	0.000000
1576.859985	-210.000000	0.000000
1576.880005	-78.910004	0.000000
1576.900024	-82.430000	0.000000
1576.920044	-83.980003	0.000000
1576.939941	-210.000000	0.000000
1576.959961	-210.000000	0.000000
1576.979980	-210.000000	0.000000
1577.000000	-210.000000	0.000000
1577.020020	-81.129997	0.000000
1577.040039	-210.000000	0.000000
1577.060059	-210.000000	0.000000
1577.079956	-210.000000	0.000000
1577.099976	-210.000000	0.000000
1577.119995	-86.410004	0.000000
1577.140015	-95.440002	0.000000
1577.160034	-88.449997	0.000000
1577.180054	-80.389999	0.000000
1577.199951	-210.000000	0.000000
1577.219971	-81.639999	0.000000
1577.239990	-210.000000	0.000000
1577.260010	-210.000000	0.000000
1577.280029	-84.650002	0.000000
1577.300049	-83.400002	0.000000
1577.319946	-210.000000	0.000000
1577.339966	-210.000000	0.000000
1577.359985	-81.129997	0.000000
1577.380005	-95.440002	0.000000
1577.400024	-210.000000	0.000000
1577.420044	-210.000000	0.000000
1577.439941	-210.000000	0.000000
1577.459961	-88.449997	0.000000
1577.479980	-85.900002	0.000000
1577.500000	-86.410004	0.000000
1577.520020	-210.000000	0.000000
1577.540039	-81.820000	0.000000
1577.560059	-82.889999	0.000000
1577.579956	-87.660004	0.000000
1577.599976	-210.000000	0.000000
1577.619995	-81.459999	0.000000
1577.640015	-210.000000	0.000000
1577.660034	-210.000000	0.000000
1577.680054	-210.000000	0.000000
1577.699951	-81.459999	0.000000
1577.719971	-84.300003	0.000000
1577.739990	-210.000000	0.000000
1577.760010	-82.650002	0.000000
1577.780029	-210.000000	0.000000
1577.800049	-85.900002	0.000000
1577.819946	-88.449997	0.000000
1577.839966	-210.000000	0.000000
1577.859985	-210.000000	0.000000
1577.880005	-80.389999	0.000000
1577.900024	-210.000000	0.000000
1577.920044	-210.000000	0.000000
1577.939941	-83.129997	0.000000
1577.959961	-79.879997	0.000000
1577.979980	-83.680000	0.000000
1578.000000	-87.669998	0.000000
1578.020020	-89.430000	0.000000
1578.040039	-83.139999	0.000000
1578.060059	-210.000000	0.000000
1578.079956	-77.320000	0.000000
1578.099976	-210.000000	0.000000
1578.119995	-210.000000	0.000000
1578.140015	-210.000000	0.000000
1578.160034	-83.139999	0.000000
1578.180054	-82.900002	0.000000
1578.199951	-210.000000	0.000000
1578.219971	-88.459999	0.000000
1578.239990	-210.000000	0.000000
1578.260010	-85.040001	0.000000
1578.280029	-210.000000	0.000000
1578.300049	-79.769997	0.000000
1578.319946	-85.910004	0.000000
1578.339966	-210.000000	0.000000
1578.359985	-88.459999	0.000000
1578.380005	-82.660004	0.000000
1578.400024	-90.680000	0.000000
1578.420044	-85.910004	0.000000
1578.439941	-210.000000	0.000000
1578.459961	-87.000000	0.000000
1578.479980	-210.000000	0.000000
1578.500000	-82.660004	0.000000
1578.520020	-80.680000	0.000000
1578.540039	-83.989998	0.000000
1578.560059	-84.660004	0.000000
1578.579956	-210.000000	0.000000
1578.599976	-210.000000	0.000000
1578.619995	-95.449997	0.000000
1578.640015	-87.000000	0.000000
1578.660034	-82.029999	0.000000
1578.680054	-81.300003	0.000000
1578.699951	-210.000000	0.000000
1578.719971	-80.400002	0.000000
1578.739990	-85.910004	0.000000
1578.760010	-210.000000	0.000000
1578.780029	-210.000000	0.000000
1578.800049	-210.000000	0.000000
1578.819946	-210.000000	0.000000
1578.839966	-210.000000	0.000000
1578.859985	-210.000000	0.000000
1578.880005	-81.650002	0.000000
1578.900024	-210.000000	0.000000
1578.920044	-85.910004	0.000000
1578.939941	-210.000000	0.000000
1578.959961	-210.000000	0.000000
1578.979980	-90.680000	0.000000
1579.000000	-80.400002	0.000000
1579.020020	-210.000000	0.000000
1579.040039	-83.690002	0.000000
1579.060059	-81.470001	0.000000
1579.079956	-210.000000	0.000000
1579.099976	-210.000000	0.000000
1579.119995	-210.000000	0.000000
1579.140015	-88.459999	0.000000
1579.160034	-210.000000	0.000000
1579.180054	-210.000000	0.000000
1579.199951	-210.000000	0.000000
1579.219971	-82.029999	0.000000
1579.239990	-85.040001	0.000000
1579.260010	-210.000000	0.000000
1579.280029	-210.000000	0.000000
1579.300049	-82.230003	0.000000
1579.319946	-210.000000	0.000000
1579.339966	-210.000000	0.000000
1579.359985	-210.000000	0.000000
1579.380005	-210.000000	0.000000
1579.400024	-80.129997	0.000000
1579.420044	-210.000000	0.000000
1579.439941	-210.000000	0.000000
1579.459961	-87.669998	0.000000
1579.479980	-80.540001	0.000000
1579.500000	-83.410004	0.000000
1579.520020	-86.419998	0.000000
1579.540039	-210.000000	0.000000
1579.560059	-84.309998	0.000000
1579.579956	-210.000000	0.000000
1579.599976	-79.650002	0.000000
1579.619995	-83.410004	0.000000
1579.640015	-82.029999	0.000000
1579.660034	-84.660004	0.000000
1579.680054	-210.000000	0.000000
1579.699951	-210.000000	0.000000
1579.719971	-82.660004	0.000000
1579.739990	-78.820000	0.000000
1579.760010	-210.000000	0.000000
1579.780029	-87.000000	0.000000
1579.800049	-210.000000	0.000000
1579.819946	-84.660004	0.000000
1579.839966	-81.139999	0.000000
1579.859985	-210.000000	0.000000
1579.880005	-210.000000	0.000000
1579.900024	-210.000000	0.000000
1579.920044	-210.000000	0.000000
1579.939941	-210.000000	0.000000
1579.959961	-90.680000	0.000000
1579.979980	-210.000000	0.000000
1580.000000	-85.449997	0.000000
1580.020020	-210.000000	0.000000
1580.040039	-210.000000	0.000000
1580.060059	-80.400002	0.000000
1580.079956	-84.309998	0.000000
1580.099976	-87.669998	0.000000
1580.119995	-82.230003	0.000000
1580.140015	-210.000000	0.000000
1580.160034	-82.900002	0.000000
1580.180054	-210.000000	0.000000
1580.199951	-210.000000	0.000000
1580.219971	-87.000000	0.000000
1580.239990	-86.419998	0.000000
1580.260010	-210.000000	0.000000
1580.280029	-210.000000	0.000000
1580.300049	-210.000000	0.000000
1580.319946	-92.440002	0.000000
1580.339966	-210.000000	0.000000
1580.359985	-81.830002	0.000000
1580.380005	-210.000000	0.000000
1580.400024	-83.690002	0.000000
1580.420044	-84.660004	0.000000
1580.439941	-83.989998	0.000000
1580.459961	-81.139999	0.000000
1580.479980	-83.410004	0.000000
1580.500000	-210.000000	0.000000
1580.520020	-80.989998	0.000000
1580.540039	-79.230003	0.000000
1580.560059	-210.000000	0.000000
1580.579956	-79.330002	0.000000
1580.599976	-210.000000	0.000000
1580.619995	-95.459999	0.000000
1580.640015	-87.010002	0.000000
1580.660034	-210.000000	0.000000
1580.680054	-80.690002	0.000000
1580.699951	-85.919998	0.000000
1580.719971	-210.000000	0.000000
1580.739990	-210.000000	0.000000
1580.760010	-81.839996	0.000000
1580.780029	-210.000000	0.000000
1580.800049	-210.000000	0.000000
1580.819946	-210.000000	0.000000
1580.839966	-210.000000	0.000000
1580.859985	-87.680000	0.000000
1580.880005	-85.050003	0.000000
1580.900024	-88.470001	0.000000
1580.920044	-210.000000	0.000000
1580.939941	-210.000000	0.000000
1580.959961	-95.459999	0.000000
1580.979980	-89.440002	0.000000
1581.000000	-210.000000	0.000000
1581.020020	-80.690002	0.000000
1581.040039	-210.000000	0.000000
1581.060059	-84.669998	0.000000
1581.079956	-210.000000	0.000000
1581.099976	-210.000000	0.000000
1581.119995	-80.690002	0.000000
1581.140015	-81.480003	0.000000
1581.160034	-80.839996	0.000000
1581.180054	-80.550003	0.000000
1581.199951	-79.779999	0.000000
1581.219971	-210.000000	0.000000
1581.239990	-83.699997	0.000000
1581.260010	-88.470001	0.000000
1581.280029	-81.839996	0.000000
1581.300049	-75.769997	0.000000
1581.319946	-75.129997	0.000000
1581.339966	-74.459999	0.000000
1581.359985	-72.180000	0.000000
1581.380005	-72.559998	0.000000
1581.400024	-72.410004	0.000000
1581.420044	-71.599998	0.000000
1581.439941	-71.820000	0.000000
1581.459961	-71.050003	0.000000
1581.479980	-70.669998	0.000000
1581.500000	-69.970001	0.000000
1581.520020	-69.480003	0.000000
1581.540039	-70.199997	0.000000
1581.560059	-69.349998	0.000000
1581.579956	-69.320000	0.000000
1581.599976	-68.800003	0.000000
1581.619995	-68.790001	0.000000
1581.640015	-68.510002	0.000000
1581.660034	-67.879997	0.000000
1581.680054	-67.930000	0.000000
1581.699951	-67.510002	0.000000
1581.719971	-67.849998	0.000000
1581.739990	-67.730003	0.000000
1581.760010	-67.529999	0.000000
1581.780029	-67.449997	0.000000
1581.800049	-66.910004	0.000000
1581.819946	-67.080002	0.000000
1581.839966	-67.029999	0.000000
1581.859985	-66.879997	0.000000
1581.880005	-66.919998	0.000000
1581.900024	-66.610001	0.000000
1581.920044	-66.970001	0.000000
1581.939941	-66.389999	0.000000
1581.959961	-66.180000	0.000000
1581.979980	-66.129997	0.000000
1582.000000	-66.180000	0.000000
1582.020020	-66.150002	0.000000
1582.040039	-66.279999	0.000000
1582.060059	-66.099998	0.000000
1582.079956	-65.809998	0.000000
1582.099976	-65.720001	0.000000
1582.119995	-65.339996	0.000000
1582.140015	-65.570000	0.000000
1582.160034	-65.559998	0.000000
1582.180054	-65.690002	0.000000
1582.199951	-65.680000	0.000000
1582.219971	-65.400002	0.000000
1582.239990	-65.029999	0.000000
1582.260010	-65.010002	0.000000
1582.280029	-65.040001	0.000000
1582.300049	-65.230003	0.000000
1582.319946	-65.349998	0.000000
1582.339966	-65.559998	0.000000
1582.359985	-65.489998	0.000000
1582.380005	-65.410004	0.000000
1582.400024	-65.110001	0.000000
1582.420044	-65.050003	0.000000
1582.439941	-64.959999	0.000000
1582.459961	-65.129997	0.000000
1582.479980	-65.230003	0.000000
1582.500000	-65.419998	0.000000
1582.520020	-65.620003	0.000000
1582.540039	-65.379997	0.000000
1582.560059	-65.419998	0.000000
1582.579956	-65.370003	0.000000
1582.599976	-65.550003	0.000000
1582.619995	-65.699997	0.000000
1582.640015	-65.709999	0.000000
1582.660034	-65.870003	0.000000
1582.680054	-65.790001	0.000000
1582.699951	-65.650002	0.000000
1582.719971	-65.519997	0.000000
1582.739990	-65.169998	0.000000
1582.760010	-65.360001	0.000000
1582.780029	-65.150002	0.000000
1582.800049	-64.940002	0.000000
1582.819946	-64.389999	0.000000
1582.839966	-64.080002	0.000000
1582.859985	-63.730000	0.000000
1582.880005	-63.349998	0.000000
1582.900024	-63.230000	0.000000
1582.920044	-62.950001	0.000001
1582.939941	-62.439999	0.000001
1582.959961	-62.090000	0.000001
1582.979980	-61.619999	0.000001
1583.000000	-60.980000	0.000001
1583.020020	-60.599998	0.000001
1583.040039	-60.349998	0.000001
1583.060059	-60.090000	0.000001
1583.079956	-59.750000	0.000001
1583.099976	-59.310001	0.000001
1583.119995	-58.700001	0.000001
1583.140015	-58.240002	0.000001
1583.160034	-57.799999	0.000002
1583.180054	-57.529999	0.000002
1583.199951	-57.349998	0.000002
1583.219971	-57.139999	0.000002
1583.239990	-56.779999	0.000002
1583.260010	-56.270000	0.000002
1583.280029	-55.630001	0.000003
1583.300049	-55.009998	0.000003
1583.319946	-54.709999	0.000003
1583.339966	-54.529999	0.000004
1583.359985	-54.279999	0.000004
1583.380005	-53.930000	0.000004
1583.400024	-53.380001	0.000005
1583.420044	-52.639999	0.000005
1583.439941	-52.060001	0.000006
1583.459961	-51.570000	0.000007
1583.479980	-51.110001	0.000008
1583.500000	-50.869999	0.000008
1583.520020	-50.660000	0.000009
1583.540039	-50.200001	0.000010
1583.560059	-49.480000	0.000011
1583.579956	-48.680000	0.000014
1583.599976	-48.080002	0.000016
1583.619995	-47.820000	0.000017
1583.640015	-47.599998	0.000017
1583.660034	-47.330002	0.000018
1583.680054	-47.000000	0.000020
1583.699951	-46.549999	0.000022
1583.719971	-46.080002	0.000025
1583.739990	-45.669998	0.000027
1583.760010	-45.400002	0.000029
1583.780029	-45.250000	0.000030
1583.800049	-45.139999	0.000031
1583.819946	-45.080002	0.000031
1583.839966	-45.000000	0.000032
1583.859985	-44.849998	0.000033
1583.880005	-44.650002	0.000034
1583.900024	-44.500000	0.000035
1583.920044	-44.410000	0.000036
1583.939941	-44.400002	0.000036
1583.959961	-44.520000	0.000035
1583.979980	-44.740002	0.000034
1584.000000	-44.880001	0.000033
1584.020020	-44.919998	0.000032
1584.040039	-44.849998	0.000033
1584.060059	-44.849998	0.000033
1584.079956	-44.970001	0.000032
1584.099976	-45.220001	0.000030
1584.119995	-45.560001	0.000028
1584.140015	-45.900002	0.000026
1584.160034	-46.080002	0.000025
1584.180054	-46.080002	0.000025
1584.199951	-46.119999	0.000024
1584.219971	-46.250000	0.000024
1584.239990	-46.520000	0.000022
1584.260010	-46.869999	0.000021
1584.280029	-47.220001	0.000019
1584.300049	-47.490002	0.000018
1584.319946	-47.590000	0.000017
1584.339966	-47.570000	0.000017
1584.359985	-47.580002	0.000017
1584.380005	-47.639999	0.000017
1584.400024	-47.740002	0.000017
1584.420044	-47.970001	0.000016
1584.439941	-48.209999	0.000015
1584.459961	-48.270000	0.000015
1584.479980	-48.160000	0.000015
1584.500000	-48.029999	0.000016
1584.520020	-47.980000	0.000016
1584.540039	-48.049999	0.000016
1584.560059	-48.220001	0.000015
1584.579956	-48.400002	0.000014
1584.599976	-48.509998	0.000014
1584.619995	-48.389999	0.000014
1584.640015	-48.220001	0.000015
1584.660034	-48.139999	0.000015
1584.680054	-48.189999	0.000015
1584.699951	-48.330002	0.000015
1584.719971	-48.560001	0.000014
1584.739990	-48.709999	0.000013
1584.760010	-48.709999	0.000013
1584.780029	-48.580002	0.000014
1584.800049	-48.490002	0.000014
1584.819946	-48.509998	0.000014
1584.839966	-48.639999	0.000014
1584.859985	-48.820000	0.000013
1584.880005	-49.029999	0.000013
1584.900024	-49.240002	0.000012
1584.920044	-49.209999	0.000012
1584.939941	-49.119999	0.000012
1584.959961	-49.099998	0.000012
1584.979980	-49.160000	0.000012
1585.000000	-49.330002	0.000012
1585.020020	-49.630001	0.000011
1585.040039	-49.840000	0.000010
1585.060059	-49.880001	0.000010
1585.079956	-49.779999	0.000011
1585.099976	-49.709999	0.000011
1585.119995	-49.730000	0.000011
1585.140015	-49.880001	0.000010
1585.160034	-50.080002	0.000010
1585.180054	-50.330002	0.000009
1585.199951	-50.500000	0.000009
1585.219971	-50.430000	0.000009
1585.239990	-50.299999	0.000009
1585.260010	-50.240002	0.000009
1585.280029	-50.290001	0.000009
1585.300049	-50.450001	0.000009
1585.319946	-50.720001	0.000008
1585.339966	-50.889999	0.000008
1585.359985	-50.939999	0.000008
1585.380005	-50.830002	0.000008
1585.400024	-50.720001	0.000008
1585.420044	-50.750000	0.000008
1585.439941	-50.860001	0.000008
1585.459961	-51.049999	0.000008
1585.479980	-51.290001	0.000007
1585.500000	-51.470001	0.000007
1585.520020	-51.459999	0.000007
1585.540039	-51.400002	0.000007
1585.560059	-51.380001	0.000007
1585.579956	-51.470001	0.000007
1585.599976	-51.650002	0.000007
1585.619995	-51.910000	0.000006
1585.640015	-52.119999	0.000006
1585.660034	-52.250000	0.000006
1585.680054	-52.200001	0.000006
1585.699951	-52.169998	0.000006
1585.719971	-52.200001	0.000006
1585.739990	-52.320000	0.000006
1585.760010	-52.549999	0.000006
1585.780029	-52.910000	0.000005
1585.800049	-53.150002	0.000005
1585.819946	-53.209999	0.000005
1585.839966	-53.169998	0.000005
1585.859985	-53.180000	0.000005
1585.880005	-53.270000	0.000005
1585.900024	-53.470001	0.000004
1585.920044	-53.689999	0.000004
1585.939941	-53.959999	0.000004
1585.959961	-54.070000	0.000004
1585.979980	-54.020000	0.000004
1586.000000	-54.009998	0.000004
1586.020020	-54.060001	0.000004
1586.040039	-54.220001	0.000004
1586.060059	-54.490002	0.000004
1586.079956	-54.830002	0.000003
1586.099976	-55.000000	0.000003
1586.119995	-55.029999	0.000003
1586.140015	-55.000000	0.000003
1586.160034	-55.060001	0.000003
1586.180054	-55.230000	0.000003
1586.199951	-55.529999	0.000003
1586.219971	-55.799999	0.000003
1586.239990	-56.110001	0.000002
1586.260010	-56.279999	0.000002
1586.280029	-56.340000	0.000002
1586.300049	-56.430000	0.000002
1586.319946	-56.580002	0.000002
1586.339966	-56.900002	0.000002
1586.359985	-57.299999	0.000002
1586.380005	-57.730000	0.000002
1586.400024	-57.990002	0.000002
1586.420044	-58.110001	0.000002
1586.439941	-58.169998	0.000002
1586.459961	-58.259998	0.000001
1586.479980	-58.500000	0.000001
1586.500000	-58.830002	0.000001
1586.520020	-59.169998	0.000001
1586.540039	-59.400002	0.000001
1586.560059	-59.419998	0.000001
1586.579956	-59.279999	0.000001
1586.599976	-59.209999	0.000001
1586.619995	-59.220001	0.000001
1586.640015	-59.360001	0.000001
1586.660034	-59.540001	0.000001
1586.680054	-59.799999	0.000001
1586.699951	-59.770000	0.000001
1586.719971	-59.700001	0.000001
1586.739990	-59.389999	0.000001
1586.760010	-59.270000	0.000001
1586.780029	-59.349998	0.000001
1586.800049	-59.450001	0.000001
1586.819946	-59.570000	0.000001
1586.839966	-59.669998	0.000001
1586.859985	-59.639999	0.000001
1586.880005	-59.520000	0.000001
1586.900024	-59.389999	0.000001
1586.920044	-59.380001	0.000001
1586.939941	-59.470001	0.000001
1586.959961	-59.639999	0.000001
1586.979980	-59.799999	0.000001
1587.000000	-60.070000	0.000001
1587.020020	-60.090000	0.000001
1587.040039	-60.130001	0.000001
1587.060059	-60.130001	0.000001
1587.079956	-60.119999	0.000001
1587.099976	-60.369999	0.000001
1587.119995	-60.509998	0.000001
1587.140015	-60.810001	0.000001
1587.160034	-61.130001	0.000001
1587.180054	-61.200001	0.000001
1587.199951	-61.189999	0.000001
1587.219971	-61.180000	0.000001
1587.239990	-61.299999	0.000001
1587.260010	-61.549999	0.000001
1587.280029	-61.779999	0.000001
1587.300049	-62.270000	0.000001
1587.319946	-62.459999	0.000001
1587.339966	-62.430000	0.000001
1587.359985	-62.480000	0.000001
1587.380005	-62.570000	0.000001
1587.400024	-62.700001	0.000001
1587.420044	-63.000000	0.000001
1587.439941	-63.220001	0.000000
1587.459961	-63.520000	0.000000
1587.479980	-63.590000	0.000000
1587.500000	-63.669998	0.000000
1587.520020	-64.019997	0.000000
1587.540039	-64.169998	0.000000
1587.560059	-64.370003	0.000000
1587.579956	-64.650002	0.000000
1587.599976	-64.949997	0.000000
1587.619995	-65.260002	0.000000
1587.640015	-65.510002	0.000000
1587.660034	-65.730003	0.000000
1587.680054	-66.050003	0.000000
1587.699951	-66.459999	0.000000
1587.719971	-67.029999	0.000000
1587.739990	-67.389999	0.000000
1587.760010	-67.580002	0.000000
1587.780029	-68.040001	0.000000
1587.800049	-68.120003	0.000000
1587.819946	-68.239998	0.000000
1587.839966	-69.040001	0.000000
1587.859985	-69.550003	0.000000
1587.880005	-70.570000	0.000000
1587.900024	-71.010002	0.000000
1587.920044	-70.889999	0.000000
1587.939941	-70.400002	0.000000
1587.959961	-70.510002	0.000000
1587.979980	-70.970001	0.000000
1588.000000	-70.809998	0.000000
1588.020020	-71.449997	0.000000
1588.040039	-71.230003	0.000000
1588.060059	-70.989998	0.000000
1588.079956	-70.660004	0.000000
1588.099976	-70.000000	0.000000
1588.119995	-70.449997	0.000000
1588.140015	-70.760002	0.000000
1588.160034	-69.820000	0.000000
1588.180054	-70.129997	0.000000
1588.199951	-69.339996	0.000000
1588.219971	-68.989998	0.000000
1588.239990	-68.949997	0.000000
1588.260010	-68.580002	0.000000
1588.280029	-68.489998	0.000000
1588.300049	-68.059998	0.000000
1588.319946	-68.139999	0.000000
1588.339966	-68.480003	0.000000
1588.359985	-68.080002	0.000000
1588.380005	-68.250000	0.000000
1588.400024	-68.169998	0.000000
1588.420044	-67.800003	0.000000
1588.439941	-68.070000	0.000000
1588.459961	-68.239998	0.000000
1588.479980	-68.650002	0.000000
1588.500000	-68.779999	0.000000
1588.520020	-68.849998	0.000000
1588.540039	-68.699997	0.000000
1588.560059	-69.029999	0.000000
1588.579956	-69.260002	0.000000
1588.599976	-69.410004	0.000000
1588.619995	-69.739998	0.000000
1588.640015	-70.230003	0.000000
1588.660034	-70.760002	0.000000
1588.680054	-71.500000	0.000000
1588.699951	-72.900002	0.000000
1588.719971	-73.550003	0.000000
1588.739990	-73.470001	0.000000
1588.760010	-74.260002	0.000000
1588.780029	-75.220001	0.000000
1588.800049	-75.019997	0.000000
1588.819946	-79.089996	0.000000
1588.839966	-82.639999	0.000000
1588.859985	-210.000000	0.000000
1588.880005	-89.410004	0.000000
1588.900024	-210.000000	0.000000
1588.920044	-86.980003	0.000000
1588.939941	-210.000000	0.000000
1588.959961	-87.650002	0.000000
1588.979980	-87.650002	0.000000
1589.000000	-210.000000	0.000000
1589.020020	-78.190002	0.000000
1589.040039	-210.000000	0.000000
1589.060059	-210.000000	0.000000
1589.079956	-79.199997	0.000000
1589.099976	-210.000000	0.000000
1589.119995	-210.000000	0.000000
1589.140015	-81.629997	0.000000
1589.160034	-210.000000	0.000000
1589.180054	-85.430000	0.000000
1589.199951	-210.000000	0.000000
1589.219971	-210.000000	0.000000
1589.239990	-210.000000	0.000000
1589.260010	-79.750000	0.000000
1589.280029	-85.430000	0.000000
1589.300049	-79.089996	0.000000
1589.319946	-92.419998	0.000000
1589.339966	-210.000000	0.000000
1589.359985	-210.000000	0.000000
1589.380005	-210.000000	0.000000
1589.400024	-79.089996	0.000000
1589.420044	-79.989998	0.000000
1589.439941	-210.000000	0.000000
1589.459961	-82.879997	0.000000
1589.479980	-210.000000	0.000000
1589.500000	-79.989998	0.000000
1589.520020	-210.000000	0.000000
1589.540039	-78.190002	0.000000
1589.560059	-210.000000	0.000000
1589.579956	-210.000000	0.000000
1589.599976	-86.400002	0.000000
1589.619995	-210.000000	0.000000
1589.640015	-81.449997	0.000000
1589.660034	-92.419998	0.000000
1589.680054	-84.639999	0.000000
1589.699951	-210.000000	0.000000
1589.719971	-86.980003	0.000000
1589.739990	-83.389999	0.000000
1589.760010	-210.000000	0.000000
1589.780029	-83.120003	0.000000
1589.800049	-210.000000	0.000000
1589.819946	-210.000000	0.000000
1589.839966	-81.279999	0.000000
1589.859985	-82.639999	0.000000
1589.880005	-79.300003	0.000000
1589.900024	-210.000000	0.000000
1589.920044	-210.000000	0.000000
1589.939941	-210.000000	0.000000
1589.959961	-210.000000	0.000000
1589.979980	-83.669998	0.000000
1590.000000	-79.300003	0.000000
1590.020020	-82.879997	0.000000
1590.040039	-210.000000	0.000000
1590.060059	-210.000000	0.000000
1590.079956	-83.120003	0.000000
1590.099976	-85.430000	0.000000
1590.119995	-82.010002	0.000000
1590.140015	-82.639999	0.000000
1590.160034	-87.650002	0.000000
1590.180054	-210.000000	0.000000
1590.199951	-210.000000	0.000000
1590.219971	-78.800003	0.000000
1590.239990	-210.000000	0.000000
1590.260010	-90.660004	0.000000
1590.280029	-210.000000	0.000000
1590.300049	-210.000000	0.000000
1590.319946	-210.000000	0.000000
1590.339966	-80.959999	0.000000
1590.359985	-88.440002	0.000000
1590.380005	-85.019997	0.000000
1590.400024	-210.000000	0.000000
1590.420044	-210.000000	0.000000
1590.439941	-80.809998	0.000000
1590.459961	-210.000000	0.000000
1590.479980	-89.410004	0.000000
1590.500000	-92.410004	0.000000
1590.520020	-210.000000	0.000000
1590.540039	-210.000000	0.000000
1590.560059	-95.419998	0.000000
1590.579956	-86.970001	0.000000
1590.599976	-87.639999	0.000000
1590.619995	-86.970001	0.000000
1590.640015	-210.000000	0.000000
1590.660034	-210.000000	0.000000
1590.680054	-210.000000	0.000000
1590.699951	-210.000000	0.000000
1590.719971	-80.099998	0.000000
1590.739990	-85.010002	0.000000
1590.760010	-210.000000	0.000000
1590.780029	-81.620003	0.000000
1590.800049	-92.410004	0.000000
1590.819946	-210.000000	0.000000
1590.839966	-210.000000	0.000000
1590.859985	-82.870003	0.000000
1590.880005	-210.000000	0.000000
1590.900024	-210.000000	0.000000
1590.920044	-210.000000	0.000000
1590.939941	-210.000000	0.000000
1590.959961	-95.419998	0.000000
1590.979980	-210.000000	0.000000
1591.000000	-210.000000	0.000000
1591.020020	-210.000000	0.000000
1591.040039	-210.000000	0.000000
1591.060059	-81.110001	0.000000
1591.079956	-87.639999	0.000000
1591.099976	-210.000000	0.000000
1591.119995	-210.000000	0.000000
1591.140015	-210.000000	0.000000
1591.160034	-210.000000	0.000000
1591.180054	-210.000000	0.000000
1591.199951	-86.389999	0.000000
1591.219971	-82.629997	0.000000
1591.239990	-210.000000	0.000000
1591.260010	-210.000000	0.000000
1591.280029	-84.629997	0.000000
1591.300049	-210.000000	0.000000
1591.319946	-86.389999	0.000000
1591.339966	-210.000000	0.000000
1591.359985	-210.000000	0.000000
1591.380005	-95.419998	0.000000
1591.400024	-95.419998	0.000000
1591.420044	-88.430000	0.000000
1591.439941	-210.000000	0.000000
1591.459961	-210.000000	0.000000
1591.479980	-85.879997	0.000000
1591.500000	-85.419998	0.000000
1591.520020	-82.410004	0.000000
1591.540039	-79.290001	0.000000
1591.560059	-83.660004	0.000000
1591.579956	-210.000000	0.000000
1591.599976	-210.000000	0.000000
1591.619995	-83.110001	0.000000
1591.640015	-210.000000	0.000000
1591.660034	-210.000000	0.000000
1591.680054	-85.419998	0.000000
1591.699951	-95.419998	0.000000
1591.719971	-210.000000	0.000000
1591.739990	-83.959999	0.000000
1591.760010	-210.000000	0.000000
1591.780029	-210.000000	0.000000
1591.800049	-210.000000	0.000000
1591.819946	-210.000000	0.000000
1591.839966	-210.000000	0.000000
1591.859985	-90.650002	0.000000
1591.880005	-82.000000	0.000000
1591.900024	-95.419998	0.000000
1591.920044	-210.000000	0.000000
1591.939941	-210.000000	0.000000
1591.959961	-83.110001	0.000000
1591.979980	-210.000000	0.000000
1592.000000	-90.650002	0.000000
1592.020020	-210.000000	0.000000
1592.040039	-210.000000	0.000000
1592.060059	-210.000000	0.000000
1592.079956	-210.000000	0.000000
1592.099976	-210.000000	0.000000
1592.119995	-84.629997	0.000000
1592.140015	-84.279999	0.000000
1592.160034	-85.010002	0.000000
1592.180054	-210.000000	0.000000
1592.199951	-90.650002	0.000000
1592.219971	-210.000000	0.000000
1592.239990	-83.660004	0.000000
1592.260010	-79.510002	0.000000
1592.280029	-210.000000	0.000000
1592.300049	-89.400002	0.000000
1592.319946	-210.000000	0.000000
1592.339966	-82.000000	0.000000
1592.359985	-85.879997	0.000000
1592.380005	-83.379997	0.000000
1592.400024	-210.000000	0.000000
1592.420044	-210.000000	0.000000
1592.439941	-82.629997	0.000000
1592.459961	-84.629997	0.000000
1592.479980	-84.279999	0.000000
1592.500000	-210.000000	0.000000
1592.520020	-210.000000	0.000000
1592.540039	-210.000000	0.000000
1592.560059	-92.410004	0.000000
1592.579956	-87.639999	0.000000
1592.599976	-78.260002	0.000000
1592.619995	-210.000000	0.000000
1592.640015	-210.000000	0.000000
1592.660034	-81.620003	0.000000
1592.680054	-210.000000	0.000000
1592.699951	-80.949997	0.000000
1592.719971	-80.650002	0.000000
1592.739990	-210.000000	0.000000
1592.760010	-83.379997	0.000000
1592.780029	-210.000000	0.000000
1592.800049	-210.000000	0.000000
1592.819946	-210.000000	0.000000
1592.839966	-210.000000	0.000000
1592.859985	-210.000000	0.000000
1592.880005	-210.000000	0.000000
1592.900024	-95.419998	0.000000
1592.920044	-210.000000	0.000000
1592.939941	-210.000000	0.000000
1592.959961	-210.000000	0.000000
1592.979980	-83.959999	0.000000
1593.000000	-210.000000	0.000000
1593.020020	-86.389999	0.000000
1593.040039	-83.110001	0.000000
1593.060059	-86.970001	0.000000
1593.079956	-210.000000	0.000000
1593.099976	-86.389999	0.000000
1593.119995	-210.000000	0.000000
1593.140015	-210.000000	0.000000
1593.160034	-210.000000	0.000000
1593.180054	-83.110001	0.000000
1593.199951	-210.000000	0.000000
1593.219971	-210.000000	0.000000
1593.239990	-210.000000	0.000000
1593.260010	-89.400002	0.000000
1593.280029	-79.080002	0.000000
1593.300049	-83.660004	0.000000
1593.319946	-210.000000	0.000000
1593.339966	-210.000000	0.000000
1593.359985	-210.000000	0.000000
1593.380005	-210.000000	0.000000
1593.400024	-210.000000	0.000000
1593.420044	-210.000000	0.000000
1593.439941	-87.639999	0.000000
1593.459961	-81.620003	0.000000
1593.479980	-210.000000	0.000000
1593.500000	-210.000000	0.000000
1593.520020	-210.000000	0.000000
1593.540039	-210.000000	0.000000
1593.560059	-79.290001	0.000000
1593.579956	-210.000000	0.000000
1593.599976	-80.650002	0.000000
1593.619995	-210.000000	0.000000
1593.640015	-210.000000	0.000000
1593.660034	-210.000000	0.000000
1593.680054	-210.000000	0.000000
1593.699951	-82.000000	0.000000
1593.719971	-210.000000	0.000000
1593.739990	-210.000000	0.000000
1593.760010	-210.000000	0.000000
1593.780029	-95.419998	0.000000
1593.800049	-210.000000	0.000000
1593.819946	-89.400002	0.000000
1593.839966	-210.000000	0.000000
1593.859985	-89.400002	0.000000
1593.880005	-210.000000	0.000000
1593.900024	-80.230003	0.000000
1593.920044	-85.879997	0.000000
1593.939941	-82.199997	0.000000
1593.959961	-210.000000	0.000000
1593.979980	-84.629997	0.000000
1594.000000	-210.000000	0.000000
1594.020020	-210.000000	0.000000
1594.040039	-82.870003	0.000000
1594.060059	-210.000000	0.000000
1594.079956	-210.000000	0.000000
1594.099976	-81.800003	0.000000
1594.119995	-210.000000	0.000000
1594.140015	-85.010002	0.000000
1594.160034	-92.410004	0.000000
1594.180054	-85.879997	0.000000
1594.199951	-210.000000	0.000000
1594.219971	-210.000000	0.000000
1594.239990	-87.639999	0.000000
1594.260010	-85.879997	0.000000
1594.280029	-210.000000	0.000000
1594.300049	-83.660004	0.000000
1594.319946	-92.410004	0.000000
1594.339966	-210.000000	0.000000
1594.359985	-210.000000	0.000000
1594.380005	-82.410004	0.000000
1594.400024	-210.000000	0.000000
1594.420044	-210.000000	0.000000
1594.439941	-210.000000	0.000000
1594.459961	-210.000000	0.000000
1594.479980	-85.419998	0.000000
1594.500000	-210.000000	0.000000
