Wavelength (nm)	Transmission (dBm)	Linear Transmission
1574.500000	-85.889999	0.000000
1574.520020	-210.000000	0.000000
1574.540039	-210.000000	0.000000
1574.560059	-210.000000	0.000000
1574.579956	-210.000000	0.000000
1574.599976	-210.000000	0.000000
1574.619995	-210.000000	0.000000
1574.640015	-210.000000	0.000000
1574.660034	-210.000000	0.000000
1574.680054	-90.660004	0.000000
1574.699951	-210.000000	0.000000
1574.719971	-210.000000	0.000000
1574.739990	-86.400002	0.000000
1574.760010	-210.000000	0.000000
1574.780029	-84.290001	0.000000
1574.800049	-82.209999	0.000000
1574.819946	-85.430000	0.000000
1574.839966	-81.120003	0.000000
1574.859985	-210.000000	0.000000
1574.880005	-87.650002	0.000000
1574.900024	-210.000000	0.000000
1574.920044	-210.000000	0.000000
1574.939941	-81.629997	0.000000
1574.959961	-83.389999	0.000000
1574.979980	-210.000000	0.000000
1575.000000	-210.000000	0.000000
1575.020020	-210.000000	0.000000
1575.040039	-210.000000	0.000000
1575.060059	-210.000000	0.000000
1575.079956	-82.209999	0.000000
1575.099976	-79.989998	0.000000
1575.119995	-210.000000	0.000000
1575.140015	-87.650002	0.000000
1575.160034	-82.209999	0.000000
1575.180054	-210.000000	0.000000
1575.199951	-85.019997	0.000000
1575.219971	-210.000000	0.000000
1575.239990	-82.879997	0.000000
1575.260010	-81.120003	0.000000
1575.280029	-210.000000	0.000000
1575.300049	-210.000000	0.000000
1575.319946	-85.019997	0.000000
1575.339966	-210.000000	0.000000
1575.359985	-86.980003	0.000000
1575.380005	-210.000000	0.000000
1575.400024	-210.000000	0.000000
1575.420044	-86.400002	0.000000
1575.439941	-83.389999	0.000000
1575.459961	-84.639999	0.000000
1575.479980	-210.000000	0.000000
1575.500000	-210.000000	0.000000
1575.520020	-86.410004	0.000000
1575.540039	-80.000000	0.000000
1575.560059	-84.650002	0.000000
1575.579956	-210.000000	0.000000
1575.599976	-84.650002	0.000000
1575.619995	-210.000000	0.000000
1575.640015	-210.000000	0.000000
1575.660034	-210.000000	0.000000
1575.680054	-210.000000	0.000000
1575.699951	-210.000000	0.000000
1575.719971	-85.440002	0.000000
1575.739990	-83.680000	0.000000
1575.760010	-210.000000	0.000000
1575.780029	-83.980003	0.000000
1575.800049	-210.000000	0.000000
1575.819946	-210.000000	0.000000
1575.839966	-85.440002	0.000000
1575.859985	-85.029999	0.000000
1575.880005	-210.000000	0.000000
1575.900024	-210.000000	0.000000
1575.920044	-80.120003	0.000000
1575.939941	-210.000000	0.000000
1575.959961	-84.300003	0.000000
1575.979980	-210.000000	0.000000
1576.000000	-81.639999	0.000000
1576.020020	-210.000000	0.000000
1576.040039	-80.669998	0.000000
1576.060059	-210.000000	0.000000
1576.079956	-210.000000	0.000000
1576.099976	-210.000000	0.000000
1576.119995	-210.000000	0.000000
1576.140015	-80.820000	0.000000
1576.160034	-89.419998	0.000000
1576.180054	-82.889999	0.000000
1576.199951	-89.419998	0.000000
1576.219971	-210.000000	0.000000
1576.239990	-82.019997	0.000000
1576.260010	-210.000000	0.000000
1576.280029	-210.000000	0.000000
1576.300049	-80.120003	0.000000
1576.319946	-210.000000	0.000000
1576.339966	-210.000000	0.000000
1576.359985	-210.000000	0.000000
1576.380005	-210.000000	0.000000
1576.400024	-210.000000	0.000000
1576.420044	-87.660004	0.000000
1576.439941	-210.000000	0.000000
1576.459961	-210.000000	0.000000
1576.479980	-210.000000	0.000000
1576.500000	-210.000000	0.000000
1576.520020	-210.000000	0.000000
1576.540039	-210.000000	0.000000
1576.560059	-210.000000	0.000000
1576.579956	-90.669998	0.000000
1576.599976	-80.120003	0.000000
1576.619995	-210.000000	0.000000
1576.640015	-210.000000	0.000000
1576.660034	-88.449997	0.000000
1576.680054	-210.000000	0.000000
1576.699951	-210.000000	0.000000
1576.719971	-210.000000	0.000000
1576.739990	-95.440002	0.000000
1576.760010	-95.440002	0.000000
1576.780029	-89.419998	0.000000
1576.800049	-210.000000	0.000000
1576.819946	-79.099998	0.000000
1576.839966	-83.129997	0.000000
1576.859985	-84.300003	0.000000
1576.880005	-83.680000	0.000000
1576.900024	-82.889999	0.000000
1576.920044	-210.000000	0.000000
1576.939941	-87.660004	0.000000
1576.959961	-210.000000	0.000000
1576.979980	-84.300003	0.000000
1577.000000	-82.889999	0.000000
1577.020020	-210.000000	0.000000
1577.040039	-210.000000	0.000000
1577.060059	-81.639999	0.000000
1577.079956	-210.000000	0.000000
1577.099976	-210.000000	0.000000
1577.119995	-82.650002	0.000000
1577.140015	-85.440002	0.000000
1577.160034	-210.000000	0.000000
1577.180054	-210.000000	0.000000
1577.199951	-84.650002	0.000000
1577.219971	-210.000000	0.000000
1577.239990	-81.820000	0.000000
1577.260010	-210.000000	0.000000
1577.280029	-210.000000	0.000000
1577.300049	-210.000000	0.000000
1577.319946	-210.000000	0.000000
1577.339966	-210.000000	0.000000
1577.359985	-210.000000	0.000000
1577.380005	-210.000000	0.000000
1577.400024	-210.000000	0.000000
1577.420044	-210.000000	0.000000
1577.439941	-210.000000	0.000000
1577.459961	-88.449997	0.000000
1577.479980	-83.680000	0.000000
1577.500000	-95.440002	0.000000
1577.520020	-210.000000	0.000000
1577.540039	-210.000000	0.000000
1577.560059	-210.000000	0.000000
1577.579956	-85.440002	0.000000
1577.599976	-82.220001	0.000000
1577.619995	-210.000000	0.000000
1577.640015	-210.000000	0.000000
1577.660034	-210.000000	0.000000
1577.680054	-89.419998	0.000000
1577.699951	-210.000000	0.000000
1577.719971	-79.000000	0.000000
1577.739990	-210.000000	0.000000
1577.760010	-90.669998	0.000000
1577.780029	-89.419998	0.000000
1577.800049	-210.000000	0.000000
1577.819946	-82.430000	0.000000
1577.839966	-83.680000	0.000000
1577.859985	-210.000000	0.000000
1577.880005	-210.000000	0.000000
1577.900024	-85.440002	0.000000
1577.920044	-85.900002	0.000000
1577.939941	-82.220001	0.000000
1577.959961	-90.669998	0.000000
1577.979980	-85.900002	0.000000
1578.000000	-78.459999	0.000000
1578.020020	-210.000000	0.000000
1578.040039	-82.440002	0.000000
1578.060059	-80.010002	0.000000
1578.079956	-81.139999	0.000000
1578.099976	-210.000000	0.000000
1578.119995	-85.910004	0.000000
1578.140015	-81.139999	0.000000
1578.160034	-210.000000	0.000000
1578.180054	-210.000000	0.000000
1578.199951	-82.900002	0.000000
1578.219971	-210.000000	0.000000
1578.239990	-210.000000	0.000000
1578.260010	-210.000000	0.000000
1578.280029	-82.029999	0.000000
1578.300049	-80.980003	0.000000
1578.319946	-210.000000	0.000000
1578.339966	-81.470001	0.000000
1578.359985	-79.769997	0.000000
1578.380005	-87.669998	0.000000
1578.400024	-81.830002	0.000000
1578.420044	-79.540001	0.000000
1578.439941	-88.459999	0.000000
1578.459961	-210.000000	0.000000
1578.479980	-210.000000	0.000000
1578.500000	-210.000000	0.000000
1578.520020	-210.000000	0.000000
1578.540039	-77.250000	0.000000
1578.560059	-81.300003	0.000000
1578.579956	-210.000000	0.000000
1578.599976	-210.000000	0.000000
1578.619995	-210.000000	0.000000
1578.640015	-210.000000	0.000000
1578.660034	-77.889999	0.000000
1578.680054	-82.440002	0.000000
1578.699951	-90.680000	0.000000
1578.719971	-88.459999	0.000000
1578.739990	-210.000000	0.000000
1578.760010	-82.660004	0.000000
1578.780029	-79.430000	0.000000
1578.800049	-80.129997	0.000000
1578.819946	-80.540001	0.000000
1578.839966	-85.449997	0.000000
1578.859985	-87.000000	0.000000
1578.880005	-82.440002	0.000000
1578.900024	-78.050003	0.000000
1578.920044	-78.919998	0.000000
1578.939941	-77.889999	0.000000
1578.959961	-83.989998	0.000000
1578.979980	-77.970001	0.000000
1579.000000	-77.970001	0.000000
1579.020020	-76.470001	0.000000
1579.040039	-77.190002	0.000000
1579.060059	-78.129997	0.000000
1579.079956	-76.529999	0.000000
1579.099976	-77.250000	0.000000
1579.119995	-75.040001	0.000000
1579.140015	-76.099998	0.000000
1579.160034	-75.040001	0.000000
1579.180054	-75.760002	0.000000
1579.199951	-78.919998	0.000000
1579.219971	-78.370003	0.000000
1579.239990	-77.970001	0.000000
1579.260010	-75.160004	0.000000
1579.280029	-75.540001	0.000000
1579.300049	-74.660004	0.000000
1579.319946	-76.309998	0.000000
1579.339966	-76.309998	0.000000
1579.359985	-79.010002	0.000000
1579.380005	-76.160004	0.000000
1579.400024	-77.190002	0.000000
1579.420044	-76.209999	0.000000
1579.439941	-76.099998	0.000000
1579.459961	-75.860001	0.000000
1579.479980	-77.190002	0.000000
1579.500000	-77.459999	0.000000
1579.520020	-75.540001	0.000000
1579.540039	-77.320000	0.000000
1579.560059	-76.260002	0.000000
1579.579956	-77.190002	0.000000
1579.599976	-75.489998	0.000000
1579.619995	-78.370003	0.000000
1579.640015	-79.110001	0.000000
1579.660034	-76.309998	0.000000
1579.680054	-76.419998	0.000000
1579.699951	-79.010002	0.000000
1579.719971	-75.320000	0.000000
1579.739990	-80.400002	0.000000
1579.760010	-75.489998	0.000000
1579.780029	-76.699997	0.000000
1579.800049	-80.129997	0.000000
1579.819946	-76.260002	0.000000
1579.839966	-75.040001	0.000000
1579.859985	-79.110001	0.000000
1579.880005	-75.040001	0.000000
1579.900024	-80.540001	0.000000
1579.920044	-76.639999	0.000000
1579.939941	-75.410004	0.000000
1579.959961	-73.930000	0.000000
1579.979980	-74.800003	0.000000
1580.000000	-76.160004	0.000000
1580.020020	-77.320000	0.000000
1580.040039	-75.040001	0.000000
1580.060059	-75.449997	0.000000
1580.079956	-73.519997	0.000000
1580.099976	-73.690002	0.000000
1580.119995	-76.529999	0.000000
1580.140015	-73.519997	0.000000
1580.160034	-73.550003	0.000000
1580.180054	-73.570000	0.000000
1580.199951	-74.080002	0.000000
1580.219971	-72.250000	0.000000
1580.239990	-72.870003	0.000000
1580.260010	-73.250000	0.000000
1580.280029	-71.720001	0.000000
1580.300049	-72.400002	0.000000
1580.319946	-71.559998	0.000000
1580.339966	-71.870003	0.000000
1580.359985	-71.500000	0.000000
1580.380005	-72.709999	0.000000
1580.400024	-71.790001	0.000000
1580.420044	-71.180000	0.000000
1580.439941	-71.059998	0.000000
1580.459961	-70.209999	0.000000
1580.479980	-70.750000	0.000000
1580.500000	-70.339996	0.000000
1580.520020	-70.440002	0.000000
1580.540039	-70.040001	0.000000
1580.560059	-70.690002	0.000000
1580.579956	-70.290001	0.000000
1580.599976	-69.790001	0.000000
1580.619995	-69.900002	0.000000
1580.640015	-69.860001	0.000000
1580.660034	-69.739998	0.000000
1580.680054	-69.459999	0.000000
1580.699951	-69.559998	0.000000
1580.719971	-70.029999	0.000000
1580.739990	-70.089996	0.000000
1580.760010	-69.750000	0.000000
1580.780029	-69.639999	0.000000
1580.800049	-69.870003	0.000000
1580.819946	-69.599998	0.000000
1580.839966	-70.080002	0.000000
1580.859985	-70.199997	0.000000
1580.880005	-70.209999	0.000000
1580.900024	-70.089996	0.000000
1580.920044	-69.910004	0.000000
1580.939941	-70.070000	0.000000
1580.959961	-70.449997	0.000000
1580.979980	-71.110001	0.000000
1581.000000	-70.870003	0.000000
1581.020020	-70.910004	0.000000
1581.040039	-70.269997	0.000000
1581.060059	-70.260002	0.000000
1581.079956	-70.839996	0.000000
1581.099976	-71.070000	0.000000
1581.119995	-70.760002	0.000000
1581.140015	-70.779999	0.000000
1581.160034	-71.410004	0.000000
1581.180054	-70.930000	0.000000
1581.199951	-70.629997	0.000000
1581.219971	-71.029999	0.000000
1581.239990	-69.930000	0.000000
1581.260010	-69.480003	0.000000
1581.280029	-70.260002	0.000000
1581.300049	-70.120003	0.000000
1581.319946	-69.980003	0.000000
1581.339966	-69.199997	0.000000
1581.359985	-69.089996	0.000000
1581.380005	-68.470001	0.000000
1581.400024	-68.180000	0.000000
1581.420044	-68.430000	0.000000
1581.439941	-68.040001	0.000000
1581.459961	-67.849998	0.000000
1581.479980	-68.059998	0.000000
1581.500000	-67.410004	0.000000
1581.520020	-67.360001	0.000000
1581.540039	-66.730003	0.000000
1581.560059	-66.919998	0.000000
1581.579956	-66.559998	0.000000
1581.599976	-66.379997	0.000000
1581.619995	-65.970001	0.000000
1581.640015	-65.809998	0.000000
1581.660034	-65.320000	0.000000
1581.680054	-65.150002	0.000000
1581.699951	-65.010002	0.000000
1581.719971	-64.769997	0.000000
1581.739990	-64.830002	0.000000
1581.760010	-64.370003	0.000000
1581.780029	-64.139999	0.000000
1581.800049	-63.980000	0.000000
1581.819946	-63.419998	0.000000
1581.839966	-63.150002	0.000000
1581.859985	-62.930000	0.000001
1581.880005	-62.820000	0.000001
1581.900024	-62.669998	0.000001
1581.920044	-62.509998	0.000001
1581.939941	-62.099998	0.000001
1581.959961	-61.669998	0.000001
1581.979980	-61.290001	0.000001
1582.000000	-60.980000	0.000001
1582.020020	-60.730000	0.000001
1582.040039	-60.470001	0.000001
1582.060059	-60.279999	0.000001
1582.079956	-59.900002	0.000001
1582.099976	-59.410000	0.000001
1582.119995	-58.880001	0.000001
1582.140015	-58.689999	0.000001
1582.160034	-58.470001	0.000001
1582.180054	-58.340000	0.000001
1582.199951	-58.000000	0.000002
1582.219971	-57.590000	0.000002
1582.239990	-56.900002	0.000002
1582.260010	-56.509998	0.000002
1582.280029	-56.220001	0.000002
1582.300049	-55.980000	0.000003
1582.319946	-55.759998	0.000003
1582.339966	-55.540001	0.000003
1582.359985	-55.200001	0.000003
1582.380005	-54.779999	0.000003
1582.400024	-54.240002	0.000004
1582.420044	-53.740002	0.000004
1582.439941	-53.430000	0.000005
1582.459961	-53.250000	0.000005
1582.479980	-53.110001	0.000005
1582.500000	-52.880001	0.000005
1582.520020	-52.480000	0.000006
1582.540039	-51.900002	0.000006
1582.560059	-51.529999	0.000007
1582.579956	-51.270000	0.000007
1582.599976	-51.029999	0.000008
1582.619995	-50.880001	0.000008
1582.640015	-50.689999	0.000009
1582.660034	-50.480000	0.000009
1582.680054	-50.139999	0.000010
1582.699951	-49.680000	0.000011
1582.719971	-49.389999	0.000012
1582.739990	-49.220001	0.000012
1582.760010	-49.150002	0.000012
1582.780029	-49.099998	0.000012
1582.800049	-49.009998	0.000013
1582.819946	-48.790001	0.000013
1582.839966	-48.509998	0.000014
1582.859985	-48.250000	0.000015
1582.880005	-48.040001	0.000016
1582.900024	-47.959999	0.000016
1582.920044	-47.939999	0.000016
1582.939941	-47.939999	0.000016
1582.959961	-47.880001	0.000016
1582.979980	-47.669998	0.000017
1583.000000	-47.330002	0.000018
1583.020020	-47.139999	0.000019
1583.040039	-47.070000	0.000020
1583.060059	-47.049999	0.000020
1583.079956	-47.080002	0.000020
1583.099976	-47.080002	0.000020
1583.119995	-46.939999	0.000020
1583.140015	-46.759998	0.000021
1583.160034	-46.580002	0.000022
1583.180054	-46.480000	0.000022
1583.199951	-46.470001	0.000023
1583.219971	-46.529999	0.000022
1583.239990	-46.630001	0.000022
1583.260010	-46.709999	0.000021
1583.280029	-46.680000	0.000021
1583.300049	-46.570000	0.000022
1583.319946	-46.500000	0.000022
1583.339966	-46.509998	0.000022
1583.359985	-46.630001	0.000022
1583.380005	-46.840000	0.000021
1583.400024	-47.080002	0.000020
1583.420044	-47.220001	0.000019
1583.439941	-47.200001	0.000019
1583.459961	-47.130001	0.000019
1583.479980	-47.150002	0.000019
1583.500000	-47.279999	0.000019
1583.520020	-47.459999	0.000018
1583.540039	-47.790001	0.000017
1583.560059	-48.049999	0.000016
1583.579956	-48.110001	0.000015
1583.599976	-48.040001	0.000016
1583.619995	-48.040001	0.000016
1583.640015	-48.099998	0.000015
1583.660034	-48.299999	0.000015
1583.680054	-48.529999	0.000014
1583.699951	-48.730000	0.000013
1583.719971	-48.790001	0.000013
1583.739990	-48.700001	0.000013
1583.760010	-48.560001	0.000014
1583.780029	-48.529999	0.000014
1583.800049	-48.570000	0.000014
1583.819946	-48.660000	0.000014
1583.839966	-48.849998	0.000013
1583.859985	-49.049999	0.000012
1583.880005	-49.029999	0.000013
1583.900024	-48.869999	0.000013
1583.920044	-48.740002	0.000013
1583.939941	-48.740002	0.000013
1583.959961	-48.860001	0.000013
1583.979980	-49.110001	0.000012
1584.000000	-49.310001	0.000012
1584.020020	-49.400002	0.000011
1584.040039	-49.259998	0.000012
1584.060059	-49.130001	0.000012
1584.079956	-49.150002	0.000012
1584.099976	-49.279999	0.000012
1584.119995	-49.490002	0.000011
1584.140015	-49.759998	0.000011
1584.160034	-49.939999	0.000010
1584.180054	-49.889999	0.000010
1584.199951	-49.810001	0.000010
1584.219971	-49.790001	0.000010
1584.239990	-49.869999	0.000010
1584.260010	-50.029999	0.000010
1584.280029	-50.240002	0.000009
1584.300049	-50.470001	0.000009
1584.319946	-50.590000	0.000009
1584.339966	-50.490002	0.000009
1584.359985	-50.369999	0.000009
1584.380005	-50.360001	0.000009
1584.400024	-50.419998	0.000009
1584.420044	-50.610001	0.000009
1584.439941	-50.880001	0.000008
1584.459961	-51.009998	0.000008
1584.479980	-50.930000	0.000008
1584.500000	-50.740002	0.000008
1584.520020	-50.639999	0.000009
1584.540039	-50.680000	0.000009
1584.560059	-50.840000	0.000008
1584.579956	-51.029999	0.000008
1584.599976	-51.220001	0.000008
1584.619995	-51.160000	0.000008
1584.640015	-50.980000	0.000008
1584.660034	-50.889999	0.000008
1584.680054	-50.930000	0.000008
1584.699951	-51.049999	0.000008
1584.719971	-51.279999	0.000007
1584.739990	-51.470001	0.000007
1584.760010	-51.540001	0.000007
1584.780029	-51.490002	0.000007
1584.800049	-51.389999	0.000007
1584.819946	-51.400002	0.000007
1584.839966	-51.529999	0.000007
1584.859985	-51.709999	0.000007
1584.880005	-51.939999	0.000006
1584.900024	-52.259998	0.000006
1584.920044	-52.340000	0.000006
1584.939941	-52.279999	0.000006
1584.959961	-52.230000	0.000006
1584.979980	-52.259998	0.000006
1585.000000	-52.410000	0.000006
1585.020020	-52.660000	0.000005
1585.040039	-52.900002	0.000005
1585.060059	-52.970001	0.000005
1585.079956	-52.869999	0.000005
1585.099976	-52.720001	0.000005
1585.119995	-52.700001	0.000005
1585.140015	-52.810001	0.000005
1585.160034	-52.959999	0.000005
1585.180054	-53.169998	0.000005
1585.199951	-53.340000	0.000005
1585.219971	-53.279999	0.000005
1585.239990	-53.130001	0.000005
1585.260010	-53.009998	0.000005
1585.280029	-52.970001	0.000005
1585.300049	-53.020000	0.000005
1585.319946	-53.160000	0.000005
1585.339966	-53.290001	0.000005
1585.359985	-53.320000	0.000005
1585.380005	-53.180000	0.000005
1585.400024	-52.990002	0.000005
1585.420044	-52.910000	0.000005
1585.439941	-52.950001	0.000005
1585.459961	-53.090000	0.000005
1585.479980	-53.270000	0.000005
1585.500000	-53.400002	0.000005
1585.520020	-53.369999	0.000005
1585.540039	-53.270000	0.000005
1585.560059	-53.169998	0.000005
1585.579956	-53.200001	0.000005
1585.599976	-53.340000	0.000005
1585.619995	-53.490002	0.000004
1585.640015	-53.570000	0.000004
1585.660034	-53.610001	0.000004
1585.680054	-53.520000	0.000004
1585.699951	-53.439999	0.000005
1585.719971	-53.450001	0.000005
1585.739990	-53.509998	0.000004
1585.760010	-53.599998	0.000004
1585.780029	-53.759998	0.000004
1585.800049	-53.889999	0.000004
1585.819946	-53.880001	0.000004
1585.839966	-53.820000	0.000004
1585.859985	-53.770000	0.000004
1585.880005	-53.790001	0.000004
1585.900024	-53.889999	0.000004
1585.920044	-54.000000	0.000004
1585.939941	-54.110001	0.000004
1585.959961	-54.160000	0.000004
1585.979980	-54.080002	0.000004
1586.000000	-54.020000	0.000004
1586.020020	-54.060001	0.000004
1586.040039	-54.169998	0.000004
1586.060059	-54.369999	0.000004
1586.079956	-54.570000	0.000003
1586.099976	-54.709999	0.000003
1586.119995	-54.720001	0.000003
1586.140015	-54.720001	0.000003
1586.160034	-54.799999	0.000003
1586.180054	-55.000000	0.000003
1586.199951	-55.270000	0.000003
1586.219971	-55.520000	0.000003
1586.239990	-55.740002	0.000003
1586.260010	-55.950001	0.000003
1586.280029	-56.080002	0.000002
1586.300049	-56.200001	0.000002
1586.319946	-56.410000	0.000002
1586.339966	-56.700001	0.000002
1586.359985	-57.090000	0.000002
1586.380005	-57.529999	0.000002
1586.400024	-57.799999	0.000002
1586.420044	-57.950001	0.000002
1586.439941	-58.099998	0.000002
1586.459961	-58.209999	0.000002
1586.479980	-58.529999	0.000001
1586.500000	-58.830002	0.000001
1586.520020	-59.200001	0.000001
1586.540039	-59.450001	0.000001
1586.560059	-59.619999	0.000001
1586.579956	-59.599998	0.000001
1586.599976	-59.509998	0.000001
1586.619995	-59.549999	0.000001
1586.640015	-59.680000	0.000001
1586.660034	-59.900002	0.000001
1586.680054	-60.110001	0.000001
1586.699951	-60.150002	0.000001
1586.719971	-60.060001	0.000001
1586.739990	-59.869999	0.000001
1586.760010	-59.840000	0.000001
1586.780029	-59.919998	0.000001
1586.800049	-60.000000	0.000001
1586.819946	-60.160000	0.000001
1586.839966	-60.209999	0.000001
1586.859985	-60.250000	0.000001
1586.880005	-60.209999	0.000001
1586.900024	-60.130001	0.000001
1586.920044	-60.040001	0.000001
1586.939941	-60.119999	0.000001
1586.959961	-60.279999	0.000001
1586.979980	-60.480000	0.000001
1587.000000	-60.599998	0.000001
1587.020020	-60.820000	0.000001
1587.040039	-60.799999	0.000001
1587.060059	-60.779999	0.000001
1587.079956	-60.750000	0.000001
1587.099976	-60.840000	0.000001
1587.119995	-61.009998	0.000001
1587.140015	-61.259998	0.000001
1587.160034	-61.580002	0.000001
1587.180054	-61.700001	0.000001
1587.199951	-61.700001	0.000001
1587.219971	-61.590000	0.000001
1587.239990	-61.680000	0.000001
1587.260010	-61.790001	0.000001
1587.280029	-62.000000	0.000001
1587.300049	-62.180000	0.000001
1587.319946	-62.509998	0.000001
1587.339966	-62.580002	0.000001
1587.359985	-62.459999	0.000001
1587.380005	-62.549999	0.000001
1587.400024	-62.660000	0.000001
1587.420044	-62.820000	0.000001
1587.439941	-63.020000	0.000000
1587.459961	-63.439999	0.000000
1587.479980	-63.439999	0.000000
1587.500000	-63.560001	0.000000
1587.520020	-63.770000	0.000000
1587.540039	-63.980000	0.000000
1587.560059	-64.190002	0.000000
1587.579956	-64.400002	0.000000
1587.599976	-64.800003	0.000000
1587.619995	-65.099998	0.000000
1587.640015	-65.089996	0.000000
1587.660034	-64.970001	0.000000
1587.680054	-65.269997	0.000000
1587.699951	-65.389999	0.000000
1587.719971	-65.800003	0.000000
1587.739990	-66.419998	0.000000
1587.760010	-66.690002	0.000000
1587.780029	-66.839996	0.000000
1587.800049	-66.699997	0.000000
1587.819946	-66.949997	0.000000
1587.839966	-67.080002	0.000000
1587.859985	-67.449997	0.000000
1587.880005	-68.099998	0.000000
1587.900024	-67.849998	0.000000
1587.920044	-68.349998	0.000000
1587.939941	-68.500000	0.000000
1587.959961	-68.650002	0.000000
1587.979980	-68.449997	0.000000
1588.000000	-68.930000	0.000000
1588.020020	-69.160004	0.000000
1588.040039	-69.150002	0.000000
1588.060059	-70.099998	0.000000
1588.079956	-70.620003	0.000000
1588.099976	-71.160004	0.000000
1588.119995	-71.019997	0.000000
1588.140015	-71.150002	0.000000
1588.160034	-70.760002	0.000000
1588.180054	-70.730003	0.000000
1588.199951	-71.430000	0.000000
1588.219971	-71.480003	0.000000
1588.239990	-72.230003	0.000000
1588.260010	-72.690002	0.000000
1588.280029	-71.760002	0.000000
1588.300049	-72.510002	0.000000
1588.319946	-71.610001	0.000000
1588.339966	-72.400002	0.000000
1588.359985	-72.400002	0.000000
1588.380005	-72.690002	0.000000
1588.400024	-71.500000	0.000000
1588.420044	-70.309998	0.000000
1588.439941	-70.080002	0.000000
1588.459961	-69.400002	0.000000
1588.479980	-69.389999	0.000000
1588.500000	-69.139999	0.000000
1588.520020	-69.070000	0.000000
1588.540039	-68.389999	0.000000
1588.560059	-68.349998	0.000000
1588.579956	-67.919998	0.000000
1588.599976	-67.760002	0.000000
1588.619995	-67.449997	0.000000
1588.640015	-67.570000	0.000000
1588.660034	-67.790001	0.000000
1588.680054	-67.820000	0.000000
1588.699951	-67.489998	0.000000
1588.719971	-67.349998	0.000000
1588.739990	-67.199997	0.000000
1588.760010	-67.099998	0.000000
1588.780029	-66.949997	0.000000
1588.800049	-67.309998	0.000000
1588.819946	-67.209999	0.000000
1588.839966	-68.199997	0.000000
1588.859985	-68.199997	0.000000
1588.880005	-67.889999	0.000000
1588.900024	-67.660004	0.000000
1588.920044	-67.580002	0.000000
1588.939941	-67.779999	0.000000
1588.959961	-68.480003	0.000000
1588.979980	-68.709999	0.000000
1589.000000	-68.750000	0.000000
1589.020020	-68.550003	0.000000
1589.040039	-68.160004	0.000000
1589.060059	-68.239998	0.000000
1589.079956	-68.820000	0.000000
1589.099976	-68.370003	0.000000
1589.119995	-68.900002	0.000000
1589.140015	-68.760002	0.000000
1589.160034	-68.550003	0.000000
1589.180054	-68.470001	0.000000
1589.199951	-68.150002	0.000000
1589.219971	-68.209999	0.000000
1589.239990	-68.360001	0.000000
1589.260010	-68.410004	0.000000
1589.280029	-68.519997	0.000000
1589.300049	-68.339996	0.000000
1589.319946	-68.160004	0.000000
1589.339966	-67.730003	0.000000
1589.359985	-67.589996	0.000000
1589.380005	-67.440002	0.000000
1589.400024	-67.570000	0.000000
1589.420044	-67.739998	0.000000
1589.439941	-67.699997	0.000000
1589.459961	-67.389999	0.000000
1589.479980	-67.180000	0.000000
1589.500000	-66.919998	0.000000
1589.520020	-66.970001	0.000000
1589.540039	-67.029999	0.000000
1589.560059	-67.489998	0.000000
1589.579956	-67.620003	0.000000
1589.599976	-67.440002	0.000000
1589.619995	-67.529999	0.000000
1589.640015	-67.029999	0.000000
1589.660034	-66.800003	0.000000
1589.680054	-67.000000	0.000000
1589.699951	-67.400002	0.000000
1589.719971	-67.389999	0.000000
1589.739990	-67.830002	0.000000
1589.760010	-68.059998	0.000000
1589.780029	-67.750000	0.000000
1589.800049	-67.889999	0.000000
1589.819946	-67.370003	0.000000
1589.839966	-67.760002	0.000000
1589.859985	-67.980003	0.000000
1589.880005	-68.699997	0.000000
1589.900024	-69.139999	0.000000
1589.920044	-69.019997	0.000000
1589.939941	-69.040001	0.000000
1589.959961	-68.769997	0.000000
1589.979980	-69.080002	0.000000
1590.000000	-69.150002	0.000000
1590.020020	-69.559998	0.000000
1590.040039	-70.139999	0.000000
1590.060059	-70.750000	0.000000
1590.079956	-70.750000	0.000000
1590.099976	-70.660004	0.000000
1590.119995	-70.559998	0.000000
1590.140015	-70.660004	0.000000
1590.160034	-72.059998	0.000000
1590.180054	-71.120003	0.000000
1590.199951	-72.059998	0.000000
1590.219971	-72.949997	0.000000
1590.239990	-73.309998	0.000000
1590.260010	-72.800003	0.000000
1590.280029	-73.529999	0.000000
1590.300049	-73.440002	0.000000
1590.319946	-75.699997	0.000000
1590.339966	-77.370003	0.000000
1590.359985	-74.639999	0.000000
1590.380005	-76.449997	0.000000
1590.400024	-77.440002	0.000000
1590.420044	-74.860001	0.000000
1590.439941	-76.339996	0.000000
1590.459961	-75.300003	0.000000
1590.479980	-77.650002	0.000000
1590.500000	-77.639999	0.000000
1590.520020	-77.639999	0.000000
1590.540039	-77.360001	0.000000
1590.560059	-77.290001	0.000000
1590.579956	-76.730003	0.000000
1590.599976	-76.910004	0.000000
1590.619995	-75.419998	0.000000
1590.640015	-77.430000	0.000000
1590.660034	-76.180000	0.000000
1590.680054	-76.070000	0.000000
1590.699951	-77.940002	0.000000
1590.719971	-76.330002	0.000000
1590.739990	-77.089996	0.000000
1590.760010	-77.360001	0.000000
1590.780029	-76.669998	0.000000
1590.800049	-76.970001	0.000000
1590.819946	-76.730003	0.000000
1590.839966	-75.250000	0.000000
1590.859985	-77.160004	0.000000
1590.880005	-76.550003	0.000000
1590.900024	-76.070000	0.000000
1590.920044	-76.330002	0.000000
1590.939941	-75.419998	0.000000
1590.959961	-75.379997	0.000000
1590.979980	-74.250000	0.000000
1591.000000	-76.550003	0.000000
1591.020020	-75.129997	0.000000
1591.040039	-75.379997	0.000000
1591.060059	-74.250000	0.000000
1591.079956	-75.599998	0.000000
1591.099976	-74.150002	0.000000
1591.119995	-75.779999	0.000000
1591.140015	-75.510002	0.000000
1591.160034	-76.440002	0.000000
1591.180054	-76.440002	0.000000
1591.199951	-77.160004	0.000000
1591.219971	-74.629997	0.000000
1591.239990	-75.419998	0.000000
1591.260010	-76.330002	0.000000
1591.280029	-75.510002	0.000000
1591.300049	-75.459999	0.000000
1591.319946	-75.779999	0.000000
1591.339966	-77.709999	0.000000
1591.359985	-76.849998	0.000000
1591.380005	-77.790001	0.000000
1591.400024	-77.709999	0.000000
1591.420044	-80.800003	0.000000
1591.439941	-77.940002	0.000000
1591.459961	-88.430000	0.000000
1591.479980	-78.699997	0.000000
1591.500000	-89.400002	0.000000
1591.520020	-78.699997	0.000000
1591.540039	-76.330002	0.000000
1591.560059	-78.099998	0.000000
1591.579956	-78.889999	0.000000
1591.599976	-82.870003	0.000000
1591.619995	-79.980003	0.000000
1591.640015	-83.110001	0.000000
1591.660034	-80.949997	0.000000
1591.680054	-83.959999	0.000000
1591.699951	-78.430000	0.000000
1591.719971	-210.000000	0.000000
1591.739990	-77.639999	0.000000
1591.760010	-78.519997	0.000000
1591.780029	-95.419998	0.000000
1591.800049	-210.000000	0.000000
1591.819946	-80.949997	0.000000
1591.839966	-80.949997	0.000000
1591.859985	-82.000000	0.000000
1591.880005	-79.739998	0.000000
1591.900024	-79.400002	0.000000
1591.920044	-77.790001	0.000000
1591.939941	-82.629997	0.000000
1591.959961	-210.000000	0.000000
1591.979980	-81.440002	0.000000
1592.000000	-83.110001	0.000000
1592.020020	-88.430000	0.000000
1592.040039	-86.970001	0.000000
1592.060059	-210.000000	0.000000
1592.079956	-84.629997	0.000000
1592.099976	-84.629997	0.000000
1592.119995	-85.879997	0.000000
1592.140015	-79.860001	0.000000
1592.160034	-81.440002	0.000000
1592.180054	-210.000000	0.000000
1592.199951	-210.000000	0.000000
1592.219971	-82.199997	0.000000
1592.239990	-210.000000	0.000000
1592.260010	-85.879997	0.000000
1592.280029	-79.290001	0.000000
1592.300049	-89.400002	0.000000
1592.319946	-80.370003	0.000000
1592.339966	-84.279999	0.000000
1592.359985	-83.959999	0.000000
1592.380005	-83.660004	0.000000
1592.400024	-79.860001	0.000000
1592.420044	-81.620003	0.000000
1592.439941	-210.000000	0.000000
1592.459961	-80.650002	0.000000
1592.479980	-78.019997	0.000000
1592.500000	-83.959999	0.000000
1592.520020	-210.000000	0.000000
1592.540039	-86.389999	0.000000
1592.560059	-85.010002	0.000000
1592.579956	-80.949997	0.000000
1592.599976	-87.639999	0.000000
1592.619995	-85.010002	0.000000
1592.640015	-85.879997	0.000000
1592.660034	-210.000000	0.000000
1592.680054	-80.370003	0.000000
1592.699951	-85.010002	0.000000
1592.719971	-79.980003	0.000000
1592.739990	-89.400002	0.000000
1592.760010	-85.010002	0.000000
1592.780029	-80.650002	0.000000
1592.800049	-79.860001	0.000000
1592.819946	-210.000000	0.000000
1592.839966	-80.099998	0.000000
1592.859985	-81.269997	0.000000
1592.880005	-210.000000	0.000000
1592.900024	-78.430000	0.000000
1592.920044	-82.870003	0.000000
1592.939941	-78.519997	0.000000
1592.959961	-81.800003	0.000000
1592.979980	-210.000000	0.000000
1593.000000	-77.940002	0.000000
1593.020020	-77.160004	0.000000
1593.040039	-210.000000	0.000000
1593.060059	-210.000000	0.000000
1593.079956	-87.639999	0.000000
1593.099976	-95.419998	0.000000
1593.119995	-85.010002	0.000000
1593.140015	-210.000000	0.000000
1593.160034	-83.959999	0.000000
1593.180054	-79.980003	0.000000
1593.199951	-83.660004	0.000000
1593.219971	-210.000000	0.000000
1593.239990	-86.970001	0.000000
1593.260010	-81.440002	0.000000
1593.280029	-210.000000	0.000000
1593.300049	-82.410004	0.000000
1593.319946	-90.650002	0.000000
1593.339966	-210.000000	0.000000
1593.359985	-210.000000	0.000000
1593.380005	-210.000000	0.000000
1593.400024	-210.000000	0.000000
1593.420044	-82.000000	0.000000
1593.439941	-86.970001	0.000000
1593.459961	-84.279999	0.000000
1593.479980	-92.410004	0.000000
1593.500000	-210.000000	0.000000
1593.520020	-210.000000	0.000000
1593.540039	-210.000000	0.000000
1593.560059	-81.269997	0.000000
1593.579956	-86.389999	0.000000
1593.599976	-80.800003	0.000000
1593.619995	-86.970001	0.000000
1593.640015	-80.800003	0.000000
1593.660034	-210.000000	0.000000
1593.680054	-210.000000	0.000000
1593.699951	-83.110001	0.000000
1593.719971	-210.000000	0.000000
1593.739990	-210.000000	0.000000
1593.760010	-210.000000	0.000000
1593.780029	-210.000000	0.000000
1593.800049	-85.419998	0.000000
1593.819946	-83.110001	0.000000
1593.839966	-210.000000	0.000000
1593.859985	-210.000000	0.000000
1593.880005	-210.000000	0.000000
1593.900024	-210.000000	0.000000
1593.920044	-210.000000	0.000000
1593.939941	-79.980003	0.000000
1593.959961	-83.379997	0.000000
1593.979980	-82.410004	0.000000
1594.000000	-80.650002	0.000000
1594.020020	-83.660004	0.000000
1594.040039	-210.000000	0.000000
1594.060059	-84.629997	0.000000
1594.079956	-210.000000	0.000000
1594.099976	-210.000000	0.000000
1594.119995	-82.410004	0.000000
1594.140015	-80.099998	0.000000
1594.160034	-86.970001	0.000000
1594.180054	-210.000000	0.000000
1594.199951	-210.000000	0.000000
1594.219971	-89.400002	0.000000
1594.239990	-81.269997	0.000000
1594.260010	-210.000000	0.000000
1594.280029	-210.000000	0.000000
1594.300049	-85.419998	0.000000
1594.319946	-210.000000	0.000000
1594.339966	-84.629997	0.000000
1594.359985	-90.650002	0.000000
1594.380005	-84.629997	0.000000
1594.400024	-210.000000	0.000000
1594.420044	-90.650002	0.000000
1594.439941	-210.000000	0.000000
1594.459961	-210.000000	0.000000
1594.479980	-210.000000	0.000000
1594.500000	-210.000000	0.000000
