Wavelength (nm)	Transmission (dBm)	Linear Transmission
1574.500000	-210.000000	0.000000
1574.520020	-210.000000	0.000000
1574.540039	-210.000000	0.000000
1574.560059	-210.000000	0.000000
1574.579956	-82.879997	0.000000
1574.599976	-84.290001	0.000000
1574.619995	-81.629997	0.000000
1574.640015	-210.000000	0.000000
1574.660034	-210.000000	0.000000
1574.680054	-87.650002	0.000000
1574.699951	-82.419998	0.000000
1574.719971	-79.750000	0.000000
1574.739990	-83.669998	0.000000
1574.760010	-95.430000	0.000000
1574.780029	-210.000000	0.000000
1574.800049	-210.000000	0.000000
1574.819946	-83.970001	0.000000
1574.839966	-210.000000	0.000000
1574.859985	-86.400002	0.000000
1574.880005	-210.000000	0.000000
1574.900024	-210.000000	0.000000
1574.920044	-210.000000	0.000000
1574.939941	-86.400002	0.000000
1574.959961	-210.000000	0.000000
1574.979980	-79.199997	0.000000
1575.000000	-88.440002	0.000000
1575.020020	-210.000000	0.000000
1575.040039	-210.000000	0.000000
1575.060059	-210.000000	0.000000
1575.079956	-83.970001	0.000000
1575.099976	-210.000000	0.000000
1575.119995	-81.449997	0.000000
1575.140015	-210.000000	0.000000
1575.160034	-210.000000	0.000000
1575.180054	-210.000000	0.000000
1575.199951	-210.000000	0.000000
1575.219971	-78.529999	0.000000
1575.239990	-210.000000	0.000000
1575.260010	-210.000000	0.000000
1575.280029	-86.980003	0.000000
1575.300049	-210.000000	0.000000
1575.319946	-210.000000	0.000000
1575.339966	-80.660004	0.000000
1575.359985	-210.000000	0.000000
1575.380005	-90.660004	0.000000
1575.400024	-210.000000	0.000000
1575.420044	-210.000000	0.000000
1575.439941	-85.019997	0.000000
1575.459961	-210.000000	0.000000
1575.479980	-92.419998	0.000000
1575.500000	-80.389999	0.000000
1575.520020	-87.660004	0.000000
1575.540039	-210.000000	0.000000
1575.560059	-210.000000	0.000000
1575.579956	-210.000000	0.000000
1575.599976	-210.000000	0.000000
1575.619995	-210.000000	0.000000
1575.640015	-210.000000	0.000000
1575.660034	-83.680000	0.000000
1575.680054	-210.000000	0.000000
1575.699951	-210.000000	0.000000
1575.719971	-210.000000	0.000000
1575.739990	-210.000000	0.000000
1575.760010	-210.000000	0.000000
1575.780029	-92.430000	0.000000
1575.800049	-80.970001	0.000000
1575.819946	-86.989998	0.000000
1575.839966	-82.650002	0.000000
1575.859985	-210.000000	0.000000
1575.880005	-210.000000	0.000000
1575.900024	-210.000000	0.000000
1575.920044	-210.000000	0.000000
1575.939941	-210.000000	0.000000
1575.959961	-210.000000	0.000000
1575.979980	-210.000000	0.000000
1576.000000	-210.000000	0.000000
1576.020020	-85.440002	0.000000
1576.040039	-210.000000	0.000000
1576.060059	-83.400002	0.000000
1576.079956	-210.000000	0.000000
1576.099976	-210.000000	0.000000
1576.119995	-83.400002	0.000000
1576.140015	-85.440002	0.000000
1576.160034	-83.980003	0.000000
1576.180054	-85.440002	0.000000
1576.199951	-210.000000	0.000000
1576.219971	-210.000000	0.000000
1576.239990	-83.980003	0.000000
1576.260010	-210.000000	0.000000
1576.280029	-210.000000	0.000000
1576.300049	-82.019997	0.000000
1576.319946	-210.000000	0.000000
1576.339966	-81.290001	0.000000
1576.359985	-210.000000	0.000000
1576.380005	-210.000000	0.000000
1576.400024	-210.000000	0.000000
1576.420044	-210.000000	0.000000
1576.439941	-210.000000	0.000000
1576.459961	-85.029999	0.000000
1576.479980	-210.000000	0.000000
1576.500000	-210.000000	0.000000
1576.520020	-210.000000	0.000000
1576.540039	-82.430000	0.000000
1576.560059	-92.430000	0.000000
1576.579956	-210.000000	0.000000
1576.599976	-210.000000	0.000000
1576.619995	-88.449997	0.000000
1576.640015	-81.639999	0.000000
1576.660034	-85.900002	0.000000
1576.680054	-210.000000	0.000000
1576.699951	-95.440002	0.000000
1576.719971	-210.000000	0.000000
1576.739990	-79.419998	0.000000
1576.760010	-88.449997	0.000000
1576.780029	-83.680000	0.000000
1576.800049	-210.000000	0.000000
1576.819946	-79.760002	0.000000
1576.839966	-82.220001	0.000000
1576.859985	-88.449997	0.000000
1576.880005	-79.000000	0.000000
1576.900024	-80.389999	0.000000
1576.920044	-86.989998	0.000000
1576.939941	-210.000000	0.000000
1576.959961	-210.000000	0.000000
1576.979980	-80.970001	0.000000
1577.000000	-86.989998	0.000000
1577.020020	-210.000000	0.000000
1577.040039	-92.430000	0.000000
1577.060059	-210.000000	0.000000
1577.079956	-79.879997	0.000000
1577.099976	-210.000000	0.000000
1577.119995	-210.000000	0.000000
1577.140015	-83.129997	0.000000
1577.160034	-210.000000	0.000000
1577.180054	-210.000000	0.000000
1577.199951	-210.000000	0.000000
1577.219971	-210.000000	0.000000
1577.239990	-82.220001	0.000000
1577.260010	-78.910004	0.000000
1577.280029	-82.430000	0.000000
1577.300049	-210.000000	0.000000
1577.319946	-79.209999	0.000000
1577.339966	-87.660004	0.000000
1577.359985	-210.000000	0.000000
1577.380005	-78.910004	0.000000
1577.400024	-210.000000	0.000000
1577.420044	-210.000000	0.000000
1577.439941	-210.000000	0.000000
1577.459961	-210.000000	0.000000
1577.479980	-82.430000	0.000000
1577.500000	-210.000000	0.000000
1577.520020	-210.000000	0.000000
1577.540039	-210.000000	0.000000
1577.560059	-210.000000	0.000000
1577.579956	-80.669998	0.000000
1577.599976	-210.000000	0.000000
1577.619995	-210.000000	0.000000
1577.640015	-210.000000	0.000000
1577.660034	-210.000000	0.000000
1577.680054	-82.220001	0.000000
1577.699951	-82.889999	0.000000
1577.719971	-92.430000	0.000000
1577.739990	-210.000000	0.000000
1577.760010	-210.000000	0.000000
1577.780029	-210.000000	0.000000
1577.800049	-210.000000	0.000000
1577.819946	-82.220001	0.000000
1577.839966	-210.000000	0.000000
1577.859985	-80.970001	0.000000
1577.880005	-210.000000	0.000000
1577.900024	-210.000000	0.000000
1577.920044	-90.669998	0.000000
1577.939941	-210.000000	0.000000
1577.959961	-82.650002	0.000000
1577.979980	-210.000000	0.000000
1578.000000	-210.000000	0.000000
1578.020020	-82.230003	0.000000
1578.040039	-210.000000	0.000000
1578.060059	-210.000000	0.000000
1578.079956	-210.000000	0.000000
1578.099976	-210.000000	0.000000
1578.119995	-210.000000	0.000000
1578.140015	-210.000000	0.000000
1578.160034	-210.000000	0.000000
1578.180054	-210.000000	0.000000
1578.199951	-87.000000	0.000000
1578.219971	-210.000000	0.000000
1578.239990	-210.000000	0.000000
1578.260010	-210.000000	0.000000
1578.280029	-210.000000	0.000000
1578.300049	-210.000000	0.000000
1578.319946	-210.000000	0.000000
1578.339966	-85.449997	0.000000
1578.359985	-210.000000	0.000000
1578.380005	-210.000000	0.000000
1578.400024	-210.000000	0.000000
1578.420044	-210.000000	0.000000
1578.439941	-92.440002	0.000000
1578.459961	-86.419998	0.000000
1578.479980	-87.000000	0.000000
1578.500000	-210.000000	0.000000
1578.520020	-80.540001	0.000000
1578.540039	-210.000000	0.000000
1578.560059	-210.000000	0.000000
1578.579956	-88.459999	0.000000
1578.599976	-210.000000	0.000000
1578.619995	-210.000000	0.000000
1578.640015	-210.000000	0.000000
1578.660034	-83.690002	0.000000
1578.680054	-87.669998	0.000000
1578.699951	-81.650002	0.000000
1578.719971	-90.680000	0.000000
1578.739990	-210.000000	0.000000
1578.760010	-83.410004	0.000000
1578.780029	-210.000000	0.000000
1578.800049	-210.000000	0.000000
1578.819946	-85.040001	0.000000
1578.839966	-210.000000	0.000000
1578.859985	-83.989998	0.000000
1578.880005	-82.900002	0.000000
1578.900024	-87.000000	0.000000
1578.920044	-88.459999	0.000000
1578.939941	-210.000000	0.000000
1578.959961	-210.000000	0.000000
1578.979980	-210.000000	0.000000
1579.000000	-82.660004	0.000000
1579.020020	-210.000000	0.000000
1579.040039	-210.000000	0.000000
1579.060059	-210.000000	0.000000
1579.079956	-84.309998	0.000000
1579.099976	-81.830002	0.000000
1579.119995	-210.000000	0.000000
1579.140015	-210.000000	0.000000
1579.160034	-85.449997	0.000000
1579.180054	-81.650002	0.000000
1579.199951	-210.000000	0.000000
1579.219971	-210.000000	0.000000
1579.239990	-210.000000	0.000000
1579.260010	-85.910004	0.000000
1579.280029	-210.000000	0.000000
1579.300049	-85.449997	0.000000
1579.319946	-210.000000	0.000000
1579.339966	-81.470001	0.000000
1579.359985	-82.029999	0.000000
1579.380005	-81.650002	0.000000
1579.400024	-210.000000	0.000000
1579.420044	-210.000000	0.000000
1579.439941	-210.000000	0.000000
1579.459961	-80.129997	0.000000
1579.479980	-87.669998	0.000000
1579.500000	-210.000000	0.000000
1579.520020	-85.040001	0.000000
1579.540039	-210.000000	0.000000
1579.560059	-210.000000	0.000000
1579.579956	-87.000000	0.000000
1579.599976	-95.449997	0.000000
1579.619995	-210.000000	0.000000
1579.640015	-88.459999	0.000000
1579.660034	-210.000000	0.000000
1579.680054	-80.260002	0.000000
1579.699951	-90.680000	0.000000
1579.719971	-81.470001	0.000000
1579.739990	-210.000000	0.000000
1579.760010	-210.000000	0.000000
1579.780029	-85.040001	0.000000
1579.800049	-210.000000	0.000000
1579.819946	-84.660004	0.000000
1579.839966	-80.400002	0.000000
1579.859985	-79.540001	0.000000
1579.880005	-210.000000	0.000000
1579.900024	-89.430000	0.000000
1579.920044	-210.000000	0.000000
1579.939941	-210.000000	0.000000
1579.959961	-88.459999	0.000000
1579.979980	-210.000000	0.000000
1580.000000	-210.000000	0.000000
1580.020020	-81.650002	0.000000
1580.040039	-90.680000	0.000000
1580.060059	-82.230003	0.000000
1580.079956	-210.000000	0.000000
1580.099976	-84.309998	0.000000
1580.119995	-210.000000	0.000000
1580.140015	-210.000000	0.000000
1580.160034	-210.000000	0.000000
1580.180054	-210.000000	0.000000
1580.199951	-92.440002	0.000000
1580.219971	-82.230003	0.000000
1580.239990	-81.139999	0.000000
1580.260010	-210.000000	0.000000
1580.280029	-84.309998	0.000000
1580.300049	-92.440002	0.000000
1580.319946	-89.430000	0.000000
1580.339966	-84.660004	0.000000
1580.359985	-89.430000	0.000000
1580.380005	-83.139999	0.000000
1580.400024	-210.000000	0.000000
1580.420044	-90.680000	0.000000
1580.439941	-210.000000	0.000000
1580.459961	-210.000000	0.000000
1580.479980	-210.000000	0.000000
1580.500000	-210.000000	0.000000
1580.520020	-210.000000	0.000000
1580.540039	-210.000000	0.000000
1580.560059	-210.000000	0.000000
1580.579956	-86.430000	0.000000
1580.599976	-210.000000	0.000000
1580.619995	-210.000000	0.000000
1580.640015	-210.000000	0.000000
1580.660034	-210.000000	0.000000
1580.680054	-77.900002	0.000000
1580.699951	-210.000000	0.000000
1580.719971	-210.000000	0.000000
1580.739990	-87.680000	0.000000
1580.760010	-210.000000	0.000000
1580.780029	-210.000000	0.000000
1580.800049	-88.470001	0.000000
1580.819946	-84.320000	0.000000
1580.839966	-83.419998	0.000000
1580.859985	-210.000000	0.000000
1580.880005	-210.000000	0.000000
1580.900024	-84.320000	0.000000
1580.920044	-95.459999	0.000000
1580.939941	-82.239998	0.000000
1580.959961	-210.000000	0.000000
1580.979980	-210.000000	0.000000
1581.000000	-79.900002	0.000000
1581.020020	-83.699997	0.000000
1581.040039	-84.669998	0.000000
1581.060059	-85.919998	0.000000
1581.079956	-210.000000	0.000000
1581.099976	-210.000000	0.000000
1581.119995	-95.459999	0.000000
1581.140015	-95.459999	0.000000
1581.160034	-210.000000	0.000000
1581.180054	-95.459999	0.000000
1581.199951	-210.000000	0.000000
1581.219971	-83.699997	0.000000
1581.239990	-77.750000	0.000000
1581.260010	-210.000000	0.000000
1581.280029	-79.230003	0.000000
1581.300049	-85.919998	0.000000
1581.319946	-84.000000	0.000000
1581.339966	-83.419998	0.000000
1581.359985	-82.910004	0.000000
1581.380005	-77.470001	0.000000
1581.400024	-76.110001	0.000000
1581.420044	-77.610001	0.000000
1581.439941	-77.330002	0.000000
1581.459961	-83.419998	0.000000
1581.479980	-77.070000	0.000000
1581.500000	-80.269997	0.000000
1581.520020	-77.260002	0.000000
1581.540039	-76.320000	0.000000
1581.560059	-77.400002	0.000000
1581.579956	-75.970001	0.000000
1581.599976	-76.540001	0.000000
1581.619995	-76.830002	0.000000
1581.640015	-75.500000	0.000000
1581.660034	-74.930000	0.000000
1581.680054	-75.250000	0.000000
1581.699951	-73.669998	0.000000
1581.719971	-73.699997	0.000000
1581.739990	-73.050003	0.000000
1581.760010	-73.639999	0.000000
1581.780029	-73.559998	0.000000
1581.800049	-76.320000	0.000000
1581.819946	-73.610001	0.000000
1581.839966	-73.309998	0.000000
1581.859985	-74.250000	0.000000
1581.880005	-72.339996	0.000000
1581.900024	-73.309998	0.000000
1581.920044	-73.639999	0.000000
1581.939941	-72.629997	0.000000
1581.959961	-73.230003	0.000000
1581.979980	-72.879997	0.000000
1582.000000	-73.180000	0.000000
1582.020020	-73.230003	0.000000
1582.040039	-72.980003	0.000000
1582.060059	-73.470001	0.000000
1582.079956	-73.080002	0.000000
1582.099976	-73.669998	0.000000
1582.119995	-72.320000	0.000000
1582.140015	-73.449997	0.000000
1582.160034	-73.760002	0.000000
1582.180054	-73.339996	0.000000
1582.199951	-73.580002	0.000000
1582.219971	-73.309998	0.000000
1582.239990	-72.650002	0.000000
1582.260010	-73.970001	0.000000
1582.280029	-74.349998	0.000000
1582.300049	-74.809998	0.000000
1582.319946	-73.790001	0.000000
1582.339966	-73.849998	0.000000
1582.359985	-72.339996	0.000000
1582.380005	-75.169998	0.000000
1582.400024	-74.629997	0.000000
1582.420044	-74.809998	0.000000
1582.439941	-74.120003	0.000000
1582.459961	-76.010002	0.000000
1582.479980	-73.580002	0.000000
1582.500000	-74.459999	0.000000
1582.520020	-74.779999	0.000000
1582.540039	-74.290001	0.000000
1582.560059	-74.290001	0.000000
1582.579956	-74.529999	0.000000
1582.599976	-77.260002	0.000000
1582.619995	-74.699997	0.000000
1582.640015	-75.639999	0.000000
1582.660034	-74.559998	0.000000
1582.680054	-74.559998	0.000000
1582.699951	-73.820000	0.000000
1582.719971	-73.449997	0.000000
1582.739990	-77.900002	0.000000
1582.760010	-74.290001	0.000000
1582.780029	-74.849998	0.000000
1582.800049	-75.589996	0.000000
1582.819946	-74.739998	0.000000
1582.839966	-73.699997	0.000000
1582.859985	-74.629997	0.000000
1582.880005	-74.029999	0.000000
1582.900024	-73.669998	0.000000
1582.920044	-73.529999	0.000000
1582.939941	-73.389999	0.000000
1582.959961	-73.360001	0.000000
1582.979980	-72.930000	0.000000
1583.000000	-73.300003	0.000000
1583.020020	-72.750000	0.000000
1583.040039	-74.019997	0.000000
1583.060059	-72.330002	0.000000
1583.079956	-72.190002	0.000000
1583.099976	-72.459999	0.000000
1583.119995	-72.150002	0.000000
1583.140015	-71.930000	0.000000
1583.160034	-71.970001	0.000000
1583.180054	-72.849998	0.000000
1583.199951	-71.559998	0.000000
1583.219971	-72.639999	0.000000
1583.239990	-72.080002	0.000000
1583.260010	-72.589996	0.000000
1583.280029	-72.029999	0.000000
1583.300049	-72.290001	0.000000
1583.319946	-72.029999	0.000000
1583.339966	-73.169998	0.000000
1583.359985	-71.930000	0.000000
1583.380005	-71.589996	0.000000
1583.400024	-72.529999	0.000000
1583.420044	-71.559998	0.000000
1583.439941	-71.720001	0.000000
1583.459961	-72.570000	0.000000
1583.479980	-72.589996	0.000000
1583.500000	-72.459999	0.000000
1583.520020	-72.500000	0.000000
1583.540039	-72.459999	0.000000
1583.560059	-71.199997	0.000000
1583.579956	-71.760002	0.000000
1583.599976	-71.330002	0.000000
1583.619995	-72.349998	0.000000
1583.640015	-71.790001	0.000000
1583.660034	-71.330002	0.000000
1583.680054	-71.519997	0.000000
1583.699951	-70.750000	0.000000
1583.719971	-70.540001	0.000000
1583.739990	-70.860001	0.000000
1583.760010	-70.339996	0.000000
1583.780029	-70.050003	0.000000
1583.800049	-70.070000	0.000000
1583.819946	-69.470001	0.000000
1583.839966	-69.019997	0.000000
1583.859985	-68.680000	0.000000
1583.880005	-68.400002	0.000000
1583.900024	-68.209999	0.000000
1583.920044	-67.820000	0.000000
1583.939941	-67.550003	0.000000
1583.959961	-66.860001	0.000000
1583.979980	-66.279999	0.000000
1584.000000	-65.660004	0.000000
1584.020020	-65.470001	0.000000
1584.040039	-64.980003	0.000000
1584.060059	-64.629997	0.000000
1584.079956	-64.260002	0.000000
1584.099976	-63.650002	0.000000
1584.119995	-62.669998	0.000001
1584.140015	-62.000000	0.000001
1584.160034	-61.549999	0.000001
1584.180054	-61.200001	0.000001
1584.199951	-60.950001	0.000001
1584.219971	-60.470001	0.000001
1584.239990	-59.630001	0.000001
1584.260010	-58.650002	0.000001
1584.280029	-57.779999	0.000002
1584.300049	-57.189999	0.000002
1584.319946	-56.700001	0.000002
1584.339966	-56.259998	0.000002
1584.359985	-55.630001	0.000003
1584.380005	-54.990002	0.000003
1584.400024	-54.150002	0.000004
1584.420044	-52.980000	0.000005
1584.439941	-52.130001	0.000006
1584.459961	-51.560001	0.000007
1584.479980	-51.119999	0.000008
1584.500000	-50.730000	0.000008
1584.520020	-50.299999	0.000009
1584.540039	-49.840000	0.000010
1584.560059	-49.450001	0.000011
1584.579956	-49.130001	0.000012
1584.599976	-48.770000	0.000013
1584.619995	-48.540001	0.000014
1584.640015	-48.450001	0.000014
1584.660034	-48.410000	0.000014
1584.680054	-48.419998	0.000014
1584.699951	-48.410000	0.000014
1584.719971	-48.320000	0.000015
1584.739990	-48.250000	0.000015
1584.760010	-48.209999	0.000015
1584.780029	-48.270000	0.000015
1584.800049	-48.459999	0.000014
1584.819946	-48.759998	0.000013
1584.839966	-49.130001	0.000012
1584.859985	-49.360001	0.000012
1584.880005	-49.509998	0.000011
1584.900024	-49.770000	0.000011
1584.920044	-50.119999	0.000010
1584.939941	-50.540001	0.000009
1584.959961	-51.040001	0.000008
1584.979980	-51.619999	0.000007
1585.000000	-52.330002	0.000006
1585.020020	-52.980000	0.000005
1585.040039	-53.349998	0.000005
1585.060059	-53.509998	0.000004
1585.079956	-53.799999	0.000004
1585.099976	-54.230000	0.000004
1585.119995	-54.830002	0.000003
1585.140015	-55.459999	0.000003
1585.160034	-55.840000	0.000003
1585.180054	-56.000000	0.000003
1585.199951	-56.099998	0.000002
1585.219971	-56.240002	0.000002
1585.239990	-56.480000	0.000002
1585.260010	-56.820000	0.000002
1585.280029	-57.259998	0.000002
1585.300049	-57.669998	0.000002
1585.319946	-57.820000	0.000002
1585.339966	-57.849998	0.000002
1585.359985	-57.880001	0.000002
1585.380005	-58.040001	0.000002
1585.400024	-58.270000	0.000001
1585.420044	-58.599998	0.000001
1585.439941	-58.910000	0.000001
1585.459961	-59.040001	0.000001
1585.479980	-59.040001	0.000001
1585.500000	-59.040001	0.000001
1585.520020	-59.099998	0.000001
1585.540039	-59.119999	0.000001
1585.560059	-59.369999	0.000001
1585.579956	-59.720001	0.000001
1585.599976	-59.849998	0.000001
1585.619995	-59.820000	0.000001
1585.640015	-59.730000	0.000001
1585.660034	-59.720001	0.000001
1585.680054	-59.790001	0.000001
1585.699951	-60.029999	0.000001
1585.719971	-60.180000	0.000001
1585.739990	-60.450001	0.000001
1585.760010	-60.470001	0.000001
1585.780029	-60.330002	0.000001
1585.800049	-60.299999	0.000001
1585.819946	-60.310001	0.000001
1585.839966	-60.480000	0.000001
1585.859985	-60.599998	0.000001
1585.880005	-60.820000	0.000001
1585.900024	-60.840000	0.000001
1585.920044	-60.770000	0.000001
1585.939941	-60.650002	0.000001
1585.959961	-60.660000	0.000001
1585.979980	-60.770000	0.000001
1586.000000	-60.959999	0.000001
1586.020020	-61.209999	0.000001
1586.040039	-61.250000	0.000001
1586.060059	-61.279999	0.000001
1586.079956	-61.189999	0.000001
1586.099976	-61.250000	0.000001
1586.119995	-61.299999	0.000001
1586.140015	-61.430000	0.000001
1586.160034	-61.730000	0.000001
1586.180054	-61.939999	0.000001
1586.199951	-62.080002	0.000001
1586.219971	-62.180000	0.000001
1586.239990	-62.169998	0.000001
1586.260010	-62.220001	0.000001
1586.280029	-62.389999	0.000001
1586.300049	-62.700001	0.000001
1586.319946	-63.070000	0.000000
1586.339966	-63.459999	0.000000
1586.359985	-63.650002	0.000000
1586.380005	-63.700001	0.000000
1586.400024	-63.900002	0.000000
1586.420044	-63.980000	0.000000
1586.439941	-64.400002	0.000000
1586.459961	-65.059998	0.000000
1586.479980	-65.279999	0.000000
1586.500000	-65.610001	0.000000
1586.520020	-65.860001	0.000000
1586.540039	-65.830002	0.000000
1586.560059	-66.040001	0.000000
1586.579956	-66.639999	0.000000
1586.599976	-66.870003	0.000000
1586.619995	-67.190002	0.000000
1586.640015	-67.800003	0.000000
1586.660034	-67.669998	0.000000
1586.680054	-67.919998	0.000000
1586.699951	-67.879997	0.000000
1586.719971	-67.930000	0.000000
1586.739990	-68.400002	0.000000
1586.760010	-68.379997	0.000000
1586.780029	-69.110001	0.000000
1586.800049	-68.559998	0.000000
1586.819946	-68.559998	0.000000
1586.839966	-68.699997	0.000000
1586.859985	-68.349998	0.000000
1586.880005	-68.389999	0.000000
1586.900024	-68.959999	0.000000
1586.920044	-69.410004	0.000000
1586.939941	-69.029999	0.000000
1586.959961	-69.059998	0.000000
1586.979980	-68.589996	0.000000
1587.000000	-68.360001	0.000000
1587.020020	-68.510002	0.000000
1587.040039	-68.320000	0.000000
1587.060059	-69.150002	0.000000
1587.079956	-69.040001	0.000000
1587.099976	-68.680000	0.000000
1587.119995	-68.839996	0.000000
1587.140015	-68.449997	0.000000
1587.160034	-68.440002	0.000000
1587.180054	-69.199997	0.000000
1587.199951	-68.550003	0.000000
1587.219971	-69.089996	0.000000
1587.239990	-69.209999	0.000000
1587.260010	-68.709999	0.000000
1587.280029	-68.769997	0.000000
1587.300049	-68.870003	0.000000
1587.319946	-68.339996	0.000000
1587.339966	-68.760002	0.000000
1587.359985	-68.650002	0.000000
1587.380005	-68.959999	0.000000
1587.400024	-69.510002	0.000000
1587.420044	-68.760002	0.000000
1587.439941	-68.779999	0.000000
1587.459961	-68.589996	0.000000
1587.479980	-68.620003	0.000000
1587.500000	-68.739998	0.000000
1587.520020	-68.989998	0.000000
1587.540039	-69.099998	0.000000
1587.560059	-69.080002	0.000000
1587.579956	-69.209999	0.000000
1587.599976	-69.230003	0.000000
1587.619995	-69.580002	0.000000
1587.640015	-69.379997	0.000000
1587.660034	-69.949997	0.000000
1587.680054	-69.879997	0.000000
1587.699951	-69.720001	0.000000
1587.719971	-69.879997	0.000000
1587.739990	-70.150002	0.000000
1587.760010	-70.830002	0.000000
1587.780029	-70.739998	0.000000
1587.800049	-70.730003	0.000000
1587.819946	-71.800003	0.000000
1587.839966	-71.769997	0.000000
1587.859985	-72.180000	0.000000
1587.880005	-72.070000	0.000000
1587.900024	-72.699997	0.000000
1587.920044	-72.000000	0.000000
1587.939941	-72.559998	0.000000
1587.959961	-73.680000	0.000000
1587.979980	-74.400002	0.000000
1588.000000	-74.599998	0.000000
1588.020020	-76.400002	0.000000
1588.040039	-74.360001	0.000000
1588.060059	-74.089996	0.000000
1588.079956	-74.290001	0.000000
1588.099976	-75.019997	0.000000
1588.119995	-74.669998	0.000000
1588.140015	-76.290001	0.000000
1588.160034	-76.739998	0.000000
1588.180054	-74.570000	0.000000
1588.199951	-75.470001	0.000000
1588.219971	-74.820000	0.000000
1588.239990	-74.059998	0.000000
1588.260010	-75.650002	0.000000
1588.280029	-75.019997	0.000000
1588.300049	-75.139999	0.000000
1588.319946	-75.650002	0.000000
1588.339966	-74.360001	0.000000
1588.359985	-77.440002	0.000000
1588.380005	-75.430000	0.000000
1588.400024	-74.290001	0.000000
1588.420044	-74.220001	0.000000
1588.439941	-74.220001	0.000000
1588.459961	-74.459999	0.000000
1588.479980	-76.620003	0.000000
1588.500000	-76.919998	0.000000
1588.520020	-77.230003	0.000000
1588.540039	-74.750000	0.000000
1588.560059	-75.889999	0.000000
1588.579956	-75.790001	0.000000
1588.599976	-76.980003	0.000000
1588.619995	-76.190002	0.000000
1588.640015	-79.989998	0.000000
1588.660034	-79.410004	0.000000
1588.680054	-82.209999	0.000000
1588.699951	-84.290001	0.000000
1588.719971	-78.900002	0.000000
1588.739990	-210.000000	0.000000
1588.760010	-86.400002	0.000000
1588.780029	-210.000000	0.000000
1588.800049	-81.809998	0.000000
1588.819946	-81.120003	0.000000
1588.839966	-83.389999	0.000000
1588.859985	-83.389999	0.000000
1588.880005	-210.000000	0.000000
1588.900024	-210.000000	0.000000
1588.920044	-210.000000	0.000000
1588.939941	-210.000000	0.000000
1588.959961	-210.000000	0.000000
1588.979980	-89.410004	0.000000
1589.000000	-87.650002	0.000000
1589.020020	-210.000000	0.000000
1589.040039	-210.000000	0.000000
1589.060059	-210.000000	0.000000
1589.079956	-86.980003	0.000000
1589.099976	-210.000000	0.000000
1589.119995	-210.000000	0.000000
1589.140015	-89.410004	0.000000
1589.160034	-84.639999	0.000000
1589.180054	-210.000000	0.000000
1589.199951	-210.000000	0.000000
1589.219971	-210.000000	0.000000
1589.239990	-210.000000	0.000000
1589.260010	-210.000000	0.000000
1589.280029	-79.199997	0.000000
1589.300049	-210.000000	0.000000
1589.319946	-210.000000	0.000000
1589.339966	-210.000000	0.000000
1589.359985	-83.389999	0.000000
1589.380005	-81.629997	0.000000
1589.400024	-210.000000	0.000000
1589.420044	-82.639999	0.000000
1589.439941	-210.000000	0.000000
1589.459961	-210.000000	0.000000
1589.479980	-84.639999	0.000000
1589.500000	-210.000000	0.000000
1589.520020	-83.120003	0.000000
1589.540039	-80.809998	0.000000
1589.560059	-210.000000	0.000000
1589.579956	-210.000000	0.000000
1589.599976	-210.000000	0.000000
1589.619995	-78.989998	0.000000
1589.640015	-210.000000	0.000000
1589.660034	-83.669998	0.000000
1589.680054	-83.389999	0.000000
1589.699951	-210.000000	0.000000
1589.719971	-210.000000	0.000000
1589.739990	-210.000000	0.000000
1589.760010	-210.000000	0.000000
1589.780029	-210.000000	0.000000
1589.800049	-210.000000	0.000000
1589.819946	-210.000000	0.000000
1589.839966	-210.000000	0.000000
1589.859985	-210.000000	0.000000
1589.880005	-83.120003	0.000000
1589.900024	-92.419998	0.000000
1589.920044	-83.970001	0.000000
1589.939941	-90.660004	0.000000
1589.959961	-83.970001	0.000000
1589.979980	-84.290001	0.000000
1590.000000	-210.000000	0.000000
1590.020020	-92.419998	0.000000
1590.040039	-80.239998	0.000000
1590.060059	-86.400002	0.000000
1590.079956	-84.290001	0.000000
1590.099976	-210.000000	0.000000
1590.119995	-85.019997	0.000000
1590.140015	-210.000000	0.000000
1590.160034	-210.000000	0.000000
1590.180054	-210.000000	0.000000
1590.199951	-92.419998	0.000000
1590.219971	-210.000000	0.000000
1590.239990	-210.000000	0.000000
1590.260010	-85.889999	0.000000
1590.280029	-210.000000	0.000000
1590.300049	-79.870003	0.000000
1590.319946	-92.419998	0.000000
1590.339966	-210.000000	0.000000
1590.359985	-210.000000	0.000000
1590.380005	-210.000000	0.000000
1590.400024	-210.000000	0.000000
1590.420044	-210.000000	0.000000
1590.439941	-210.000000	0.000000
1590.459961	-80.110001	0.000000
1590.479980	-86.400002	0.000000
1590.500000	-83.110001	0.000000
1590.520020	-90.650002	0.000000
1590.540039	-210.000000	0.000000
1590.560059	-84.629997	0.000000
1590.579956	-82.199997	0.000000
1590.599976	-210.000000	0.000000
1590.619995	-210.000000	0.000000
1590.640015	-85.010002	0.000000
1590.660034	-210.000000	0.000000
1590.680054	-210.000000	0.000000
1590.699951	-79.739998	0.000000
1590.719971	-87.639999	0.000000
1590.739990	-210.000000	0.000000
1590.760010	-85.419998	0.000000
1590.780029	-87.639999	0.000000
1590.800049	-79.290001	0.000000
1590.819946	-84.279999	0.000000
1590.839966	-89.400002	0.000000
1590.859985	-210.000000	0.000000
1590.880005	-210.000000	0.000000
1590.900024	-210.000000	0.000000
1590.920044	-210.000000	0.000000
1590.939941	-210.000000	0.000000
1590.959961	-80.230003	0.000000
1590.979980	-210.000000	0.000000
1591.000000	-210.000000	0.000000
1591.020020	-81.800003	0.000000
1591.040039	-82.000000	0.000000
1591.060059	-210.000000	0.000000
1591.079956	-85.419998	0.000000
1591.099976	-86.389999	0.000000
1591.119995	-210.000000	0.000000
1591.140015	-210.000000	0.000000
1591.160034	-83.959999	0.000000
1591.180054	-210.000000	0.000000
1591.199951	-83.959999	0.000000
1591.219971	-210.000000	0.000000
1591.239990	-210.000000	0.000000
1591.260010	-81.800003	0.000000
1591.280029	-83.110001	0.000000
1591.300049	-210.000000	0.000000
1591.319946	-210.000000	0.000000
1591.339966	-210.000000	0.000000
1591.359985	-210.000000	0.000000
1591.380005	-210.000000	0.000000
1591.400024	-210.000000	0.000000
1591.420044	-210.000000	0.000000
1591.439941	-210.000000	0.000000
1591.459961	-85.419998	0.000000
1591.479980	-210.000000	0.000000
1591.500000	-78.430000	0.000000
1591.520020	-210.000000	0.000000
1591.540039	-210.000000	0.000000
1591.560059	-210.000000	0.000000
1591.579956	-85.879997	0.000000
1591.599976	-210.000000	0.000000
1591.619995	-210.000000	0.000000
1591.640015	-79.739998	0.000000
1591.660034	-82.629997	0.000000
1591.680054	-210.000000	0.000000
1591.699951	-84.629997	0.000000
1591.719971	-210.000000	0.000000
1591.739990	-83.959999	0.000000
1591.760010	-210.000000	0.000000
1591.780029	-87.639999	0.000000
1591.800049	-210.000000	0.000000
1591.819946	-210.000000	0.000000
1591.839966	-83.959999	0.000000
1591.859985	-78.790001	0.000000
1591.880005	-89.400002	0.000000
1591.900024	-82.199997	0.000000
1591.920044	-87.639999	0.000000
1591.939941	-210.000000	0.000000
1591.959961	-210.000000	0.000000
1591.979980	-210.000000	0.000000
1592.000000	-210.000000	0.000000
1592.020020	-83.959999	0.000000
1592.040039	-210.000000	0.000000
1592.060059	-89.400002	0.000000
1592.079956	-210.000000	0.000000
1592.099976	-210.000000	0.000000
1592.119995	-210.000000	0.000000
1592.140015	-210.000000	0.000000
1592.160034	-88.430000	0.000000
1592.180054	-210.000000	0.000000
1592.199951	-210.000000	0.000000
1592.219971	-85.010002	0.000000
1592.239990	-210.000000	0.000000
1592.260010	-210.000000	0.000000
1592.280029	-210.000000	0.000000
1592.300049	-210.000000	0.000000
1592.319946	-85.879997	0.000000
1592.339966	-78.260002	0.000000
1592.359985	-86.970001	0.000000
1592.380005	-210.000000	0.000000
1592.400024	-210.000000	0.000000
1592.420044	-79.290001	0.000000
1592.439941	-210.000000	0.000000
1592.459961	-85.419998	0.000000
1592.479980	-78.519997	0.000000
1592.500000	-79.860001	0.000000
1592.520020	-83.959999	0.000000
1592.540039	-210.000000	0.000000
1592.560059	-210.000000	0.000000
1592.579956	-210.000000	0.000000
1592.599976	-78.790001	0.000000
1592.619995	-210.000000	0.000000
1592.640015	-210.000000	0.000000
1592.660034	-210.000000	0.000000
1592.680054	-210.000000	0.000000
1592.699951	-210.000000	0.000000
1592.719971	-86.389999	0.000000
1592.739990	-210.000000	0.000000
1592.760010	-83.959999	0.000000
1592.780029	-210.000000	0.000000
1592.800049	-210.000000	0.000000
1592.819946	-210.000000	0.000000
1592.839966	-210.000000	0.000000
1592.859985	-210.000000	0.000000
1592.880005	-82.870003	0.000000
1592.900024	-87.639999	0.000000
1592.920044	-210.000000	0.000000
1592.939941	-210.000000	0.000000
1592.959961	-210.000000	0.000000
1592.979980	-81.800003	0.000000
1593.000000	-210.000000	0.000000
1593.020020	-92.410004	0.000000
1593.040039	-210.000000	0.000000
1593.060059	-84.629997	0.000000
1593.079956	-84.279999	0.000000
1593.099976	-210.000000	0.000000
1593.119995	-210.000000	0.000000
1593.140015	-85.010002	0.000000
1593.160034	-79.860001	0.000000
1593.180054	-84.279999	0.000000
1593.199951	-95.419998	0.000000
1593.219971	-210.000000	0.000000
1593.239990	-86.970001	0.000000
1593.260010	-87.639999	0.000000
1593.280029	-85.879997	0.000000
1593.300049	-80.510002	0.000000
1593.319946	-79.510002	0.000000
1593.339966	-210.000000	0.000000
1593.359985	-210.000000	0.000000
1593.380005	-210.000000	0.000000
1593.400024	-210.000000	0.000000
1593.420044	-83.110001	0.000000
1593.439941	-87.639999	0.000000
1593.459961	-79.190002	0.000000
1593.479980	-210.000000	0.000000
1593.500000	-82.000000	0.000000
1593.520020	-210.000000	0.000000
1593.540039	-81.620003	0.000000
1593.560059	-210.000000	0.000000
1593.579956	-210.000000	0.000000
1593.599976	-86.970001	0.000000
1593.619995	-210.000000	0.000000
1593.640015	-85.879997	0.000000
1593.660034	-210.000000	0.000000
1593.680054	-84.279999	0.000000
1593.699951	-92.410004	0.000000
1593.719971	-210.000000	0.000000
1593.739990	-85.010002	0.000000
1593.760010	-84.279999	0.000000
1593.780029	-84.279999	0.000000
1593.800049	-210.000000	0.000000
1593.819946	-78.699997	0.000000
1593.839966	-95.419998	0.000000
1593.859985	-210.000000	0.000000
1593.880005	-79.290001	0.000000
1593.900024	-82.199997	0.000000
1593.920044	-82.199997	0.000000
1593.939941	-210.000000	0.000000
1593.959961	-210.000000	0.000000
1593.979980	-85.010002	0.000000
1594.000000	-82.199997	0.000000
1594.020020	-92.410004	0.000000
1594.040039	-210.000000	0.000000
1594.060059	-81.620003	0.000000
1594.079956	-88.430000	0.000000
1594.099976	-85.879997	0.000000
1594.119995	-82.870003	0.000000
1594.140015	-82.870003	0.000000
1594.160034	-82.000000	0.000000
1594.180054	-92.410004	0.000000
1594.199951	-90.650002	0.000000
1594.219971	-210.000000	0.000000
1594.239990	-86.389999	0.000000
1594.260010	-210.000000	0.000000
1594.280029	-81.440002	0.000000
1594.300049	-84.279999	0.000000
1594.319946	-82.000000	0.000000
1594.339966	-81.800003	0.000000
1594.359985	-210.000000	0.000000
1594.380005	-82.000000	0.000000
1594.400024	-84.279999	0.000000
1594.420044	-82.410004	0.000000
1594.439941	-210.000000	0.000000
1594.459961	-210.000000	0.000000
1594.479980	-88.430000	0.000000
1594.500000	-210.000000	0.000000
