Wavelength (nm)	Transmission (dBm)	Linear Transmission
1575.000000	-210.000000	0.000000
1575.015991	-210.000000	0.000000
1575.031982	-210.000000	0.000000
1575.047974	-210.000000	0.000000
1575.063965	-86.980003	0.000000
1575.079956	-210.000000	0.000000
1575.095947	-210.000000	0.000000
1575.112061	-210.000000	0.000000
1575.128052	-210.000000	0.000000
1575.144043	-210.000000	0.000000
1575.160034	-210.000000	0.000000
1575.176025	-80.239998	0.000000
1575.192017	-210.000000	0.000000
1575.208008	-85.889999	0.000000
1575.223999	-83.970001	0.000000
1575.239990	-210.000000	0.000000
1575.255981	-86.980003	0.000000
1575.271973	-210.000000	0.000000
1575.287964	-210.000000	0.000000
1575.303955	-210.000000	0.000000
1575.319946	-210.000000	0.000000
1575.336060	-210.000000	0.000000
1575.352051	-86.980003	0.000000
1575.368042	-210.000000	0.000000
1575.384033	-210.000000	0.000000
1575.400024	-82.209999	0.000000
1575.416016	-210.000000	0.000000
1575.432007	-210.000000	0.000000
1575.447998	-210.000000	0.000000
1575.463989	-210.000000	0.000000
1575.479980	-81.629997	0.000000
1575.495972	-210.000000	0.000000
1575.511963	-210.000000	0.000000
1575.527954	-81.290001	0.000000
1575.543945	-210.000000	0.000000
1575.560059	-79.209999	0.000000
1575.576050	-210.000000	0.000000
1575.592041	-210.000000	0.000000
1575.608032	-210.000000	0.000000
1575.624023	-210.000000	0.000000
1575.640015	-81.639999	0.000000
1575.656006	-210.000000	0.000000
1575.671997	-82.889999	0.000000
1575.687988	-210.000000	0.000000
1575.703979	-210.000000	0.000000
1575.719971	-82.019997	0.000000
1575.735962	-84.300003	0.000000
1575.751953	-80.669998	0.000000
1575.767944	-210.000000	0.000000
1575.784058	-87.660004	0.000000
1575.800049	-210.000000	0.000000
1575.816040	-210.000000	0.000000
1575.832031	-210.000000	0.000000
1575.848022	-210.000000	0.000000
1575.864014	-92.430000	0.000000
1575.880005	-84.650002	0.000000
1575.895996	-210.000000	0.000000
1575.911987	-86.410004	0.000000
1575.927979	-87.660004	0.000000
1575.943970	-83.129997	0.000000
1575.959961	-210.000000	0.000000
1575.975952	-92.430000	0.000000
1575.991943	-210.000000	0.000000
1576.008057	-90.669998	0.000000
1576.024048	-210.000000	0.000000
1576.040039	-95.440002	0.000000
1576.056030	-90.669998	0.000000
1576.072021	-210.000000	0.000000
1576.088013	-210.000000	0.000000
1576.104004	-92.430000	0.000000
1576.119995	-82.889999	0.000000
1576.135986	-210.000000	0.000000
1576.151978	-210.000000	0.000000
1576.167969	-210.000000	0.000000
1576.183960	-210.000000	0.000000
1576.199951	-92.430000	0.000000
1576.215942	-210.000000	0.000000
1576.232056	-83.980003	0.000000
1576.248047	-210.000000	0.000000
1576.264038	-210.000000	0.000000
1576.280029	-84.650002	0.000000
1576.296021	-92.430000	0.000000
1576.312012	-87.660004	0.000000
1576.328003	-210.000000	0.000000
1576.343994	-210.000000	0.000000
1576.359985	-210.000000	0.000000
1576.375977	-210.000000	0.000000
1576.391968	-80.000000	0.000000
1576.407959	-89.419998	0.000000
1576.423950	-88.449997	0.000000
1576.439941	-210.000000	0.000000
1576.456055	-210.000000	0.000000
1576.472046	-210.000000	0.000000
1576.488037	-83.400002	0.000000
1576.504028	-80.120003	0.000000
1576.520020	-210.000000	0.000000
1576.536011	-210.000000	0.000000
1576.552002	-210.000000	0.000000
1576.567993	-210.000000	0.000000
1576.583984	-210.000000	0.000000
1576.599976	-210.000000	0.000000
1576.615967	-210.000000	0.000000
1576.631958	-87.660004	0.000000
1576.647949	-90.669998	0.000000
1576.663940	-85.440002	0.000000
1576.680054	-80.250000	0.000000
1576.696045	-210.000000	0.000000
1576.712036	-210.000000	0.000000
1576.728027	-85.440002	0.000000
1576.744019	-210.000000	0.000000
1576.760010	-210.000000	0.000000
1576.776001	-210.000000	0.000000
1576.791992	-210.000000	0.000000
1576.807983	-210.000000	0.000000
1576.823975	-210.000000	0.000000
1576.839966	-210.000000	0.000000
1576.855957	-89.419998	0.000000
1576.871948	-81.459999	0.000000
1576.887939	-210.000000	0.000000
1576.904053	-210.000000	0.000000
1576.920044	-210.000000	0.000000
1576.936035	-210.000000	0.000000
1576.952026	-210.000000	0.000000
1576.968018	-92.430000	0.000000
1576.984009	-82.650002	0.000000
1577.000000	-86.989998	0.000000
1577.015991	-210.000000	0.000000
1577.031982	-81.290001	0.000000
1577.047974	-81.129997	0.000000
1577.063965	-89.419998	0.000000
1577.079956	-210.000000	0.000000
1577.095947	-210.000000	0.000000
1577.112061	-85.440002	0.000000
1577.128052	-210.000000	0.000000
1577.144043	-87.660004	0.000000
1577.160034	-79.419998	0.000000
1577.176025	-210.000000	0.000000
1577.192017	-210.000000	0.000000
1577.208008	-85.440002	0.000000
1577.223999	-87.660004	0.000000
1577.239990	-210.000000	0.000000
1577.255981	-210.000000	0.000000
1577.271973	-210.000000	0.000000
1577.287964	-80.970001	0.000000
1577.303955	-210.000000	0.000000
1577.319946	-210.000000	0.000000
1577.336060	-210.000000	0.000000
1577.352051	-83.129997	0.000000
1577.368042	-79.209999	0.000000
1577.384033	-81.129997	0.000000
1577.400024	-210.000000	0.000000
1577.416016	-210.000000	0.000000
1577.432007	-83.980003	0.000000
1577.447998	-86.410004	0.000000
1577.463989	-80.389999	0.000000
1577.479980	-210.000000	0.000000
1577.495972	-210.000000	0.000000
1577.511963	-210.000000	0.000000
1577.527954	-210.000000	0.000000
1577.543945	-210.000000	0.000000
1577.560059	-80.669998	0.000000
1577.576050	-210.000000	0.000000
1577.592041	-210.000000	0.000000
1577.608032	-80.529999	0.000000
1577.624023	-210.000000	0.000000
1577.640015	-84.300003	0.000000
1577.656006	-210.000000	0.000000
1577.671997	-85.029999	0.000000
1577.687988	-88.449997	0.000000
1577.703979	-84.650002	0.000000
1577.719971	-81.290001	0.000000
1577.735962	-89.419998	0.000000
1577.751953	-80.389999	0.000000
1577.767944	-83.400002	0.000000
1577.784058	-210.000000	0.000000
1577.800049	-210.000000	0.000000
1577.816040	-210.000000	0.000000
1577.832031	-210.000000	0.000000
1577.848022	-92.430000	0.000000
1577.864014	-95.440002	0.000000
1577.880005	-210.000000	0.000000
1577.895996	-210.000000	0.000000
1577.911987	-210.000000	0.000000
1577.927979	-80.000000	0.000000
1577.943970	-210.000000	0.000000
1577.959961	-210.000000	0.000000
1577.975952	-88.449997	0.000000
1577.991943	-210.000000	0.000000
1578.008057	-95.449997	0.000000
1578.024048	-210.000000	0.000000
1578.040039	-89.430000	0.000000
1578.056030	-210.000000	0.000000
1578.072021	-210.000000	0.000000
1578.088013	-210.000000	0.000000
1578.104004	-83.410004	0.000000
1578.119995	-210.000000	0.000000
1578.135986	-210.000000	0.000000
1578.151978	-83.139999	0.000000
1578.167969	-85.910004	0.000000
1578.183960	-210.000000	0.000000
1578.199951	-210.000000	0.000000
1578.215942	-210.000000	0.000000
1578.232056	-77.250000	0.000000
1578.248047	-210.000000	0.000000
1578.264038	-210.000000	0.000000
1578.280029	-210.000000	0.000000
1578.296021	-81.650002	0.000000
1578.312012	-83.139999	0.000000
1578.328003	-210.000000	0.000000
1578.343994	-81.650002	0.000000
1578.359985	-80.260002	0.000000
1578.375977	-92.440002	0.000000
1578.391968	-88.459999	0.000000
1578.407959	-210.000000	0.000000
1578.423950	-85.910004	0.000000
1578.439941	-210.000000	0.000000
1578.456055	-82.900002	0.000000
1578.472046	-85.910004	0.000000
1578.488037	-82.660004	0.000000
1578.504028	-85.910004	0.000000
1578.520020	-83.690002	0.000000
1578.536011	-210.000000	0.000000
1578.552002	-210.000000	0.000000
1578.567993	-210.000000	0.000000
1578.583984	-82.900002	0.000000
1578.599976	-82.440002	0.000000
1578.615967	-210.000000	0.000000
1578.631958	-210.000000	0.000000
1578.647949	-210.000000	0.000000
1578.663940	-210.000000	0.000000
1578.680054	-210.000000	0.000000
1578.696045	-87.669998	0.000000
1578.712036	-210.000000	0.000000
1578.728027	-210.000000	0.000000
1578.744019	-210.000000	0.000000
1578.760010	-210.000000	0.000000
1578.776001	-82.900002	0.000000
1578.791992	-210.000000	0.000000
1578.807983	-210.000000	0.000000
1578.823975	-79.889999	0.000000
1578.839966	-210.000000	0.000000
1578.855957	-210.000000	0.000000
1578.871948	-210.000000	0.000000
1578.887939	-210.000000	0.000000
1578.904053	-83.690002	0.000000
1578.920044	-210.000000	0.000000
1578.936035	-210.000000	0.000000
1578.952026	-210.000000	0.000000
1578.968018	-210.000000	0.000000
1578.984009	-210.000000	0.000000
1579.000000	-92.440002	0.000000
1579.015991	-210.000000	0.000000
1579.031982	-82.900002	0.000000
1579.047974	-210.000000	0.000000
1579.063965	-83.139999	0.000000
1579.079956	-210.000000	0.000000
1579.095947	-88.459999	0.000000
1579.112061	-82.029999	0.000000
1579.128052	-210.000000	0.000000
1579.144043	-82.660004	0.000000
1579.160034	-83.139999	0.000000
1579.176025	-82.029999	0.000000
1579.192017	-92.440002	0.000000
1579.208008	-80.129997	0.000000
1579.223999	-210.000000	0.000000
1579.239990	-210.000000	0.000000
1579.255981	-84.660004	0.000000
1579.271973	-210.000000	0.000000
1579.287964	-210.000000	0.000000
1579.303955	-210.000000	0.000000
1579.319946	-210.000000	0.000000
1579.336060	-210.000000	0.000000
1579.352051	-210.000000	0.000000
1579.368042	-210.000000	0.000000
1579.384033	-210.000000	0.000000
1579.400024	-210.000000	0.000000
1579.416016	-85.910004	0.000000
1579.432007	-81.830002	0.000000
1579.447998	-210.000000	0.000000
1579.463989	-210.000000	0.000000
1579.479980	-85.449997	0.000000
1579.495972	-80.129997	0.000000
1579.511963	-210.000000	0.000000
1579.527954	-79.220001	0.000000
1579.543945	-85.910004	0.000000
1579.560059	-210.000000	0.000000
1579.576050	-210.000000	0.000000
1579.592041	-86.419998	0.000000
1579.608032	-81.650002	0.000000
1579.624023	-210.000000	0.000000
1579.640015	-210.000000	0.000000
1579.656006	-210.000000	0.000000
1579.671997	-92.440002	0.000000
1579.687988	-210.000000	0.000000
1579.703979	-210.000000	0.000000
1579.719971	-83.139999	0.000000
1579.735962	-83.989998	0.000000
1579.751953	-210.000000	0.000000
1579.767944	-210.000000	0.000000
1579.784058	-210.000000	0.000000
1579.800049	-210.000000	0.000000
1579.816040	-79.430000	0.000000
1579.832031	-85.040001	0.000000
1579.848022	-210.000000	0.000000
1579.864014	-89.430000	0.000000
1579.880005	-210.000000	0.000000
1579.895996	-210.000000	0.000000
1579.911987	-85.910004	0.000000
1579.927979	-83.139999	0.000000
1579.943970	-80.260002	0.000000
1579.959961	-80.830002	0.000000
1579.975952	-77.250000	0.000000
1579.991943	-74.879997	0.000000
1580.008057	-76.470001	0.000000
1580.024048	-72.550003	0.000000
1580.040039	-73.139999	0.000000
1580.056030	-73.440002	0.000000
1580.072021	-73.489998	0.000000
1580.088013	-72.949997	0.000000
1580.104004	-72.349998	0.000000
1580.119995	-71.500000	0.000000
1580.135986	-70.559998	0.000000
1580.151978	-70.290001	0.000000
1580.167969	-69.010002	0.000000
1580.183960	-68.599998	0.000000
1580.199951	-68.010002	0.000000
1580.215942	-68.010002	0.000000
1580.232056	-67.879997	0.000000
1580.248047	-67.989998	0.000000
1580.264038	-67.760002	0.000000
1580.280029	-67.650002	0.000000
1580.296021	-67.459999	0.000000
1580.312012	-66.970001	0.000000
1580.328003	-66.820000	0.000000
1580.343994	-66.519997	0.000000
1580.359985	-66.089996	0.000000
1580.375977	-65.910004	0.000000
1580.391968	-65.449997	0.000000
1580.407959	-65.559998	0.000000
1580.423950	-65.620003	0.000000
1580.439941	-65.519997	0.000000
1580.456055	-65.440002	0.000000
1580.472046	-65.540001	0.000000
1580.488037	-65.349998	0.000000
1580.504028	-65.220001	0.000000
1580.520020	-64.790001	0.000000
1580.536011	-64.650002	0.000000
1580.552002	-64.449997	0.000000
1580.567993	-64.360001	0.000000
1580.583984	-64.339996	0.000000
1580.599976	-64.260002	0.000000
1580.615967	-64.510002	0.000000
1580.631958	-64.559998	0.000000
1580.647949	-64.690002	0.000000
1580.663940	-64.400002	0.000000
1580.680054	-64.120003	0.000000
1580.696045	-63.810001	0.000000
1580.712036	-63.820000	0.000000
1580.728027	-63.840000	0.000000
1580.744019	-63.830002	0.000000
1580.760010	-63.889999	0.000000
1580.776001	-63.959999	0.000000
1580.791992	-64.070000	0.000000
1580.807983	-64.070000	0.000000
1580.823975	-63.880001	0.000000
1580.839966	-63.759998	0.000000
1580.855957	-63.570000	0.000000
1580.871948	-63.490002	0.000000
1580.887939	-63.570000	0.000000
1580.904053	-63.669998	0.000000
1580.920044	-63.820000	0.000000
1580.936035	-64.040001	0.000000
1580.952026	-64.139999	0.000000
1580.968018	-63.770000	0.000000
1580.984009	-63.540001	0.000000
1581.000000	-63.380001	0.000000
1581.015991	-63.430000	0.000000
1581.031982	-63.439999	0.000000
1581.047974	-63.330002	0.000000
1581.063965	-63.570000	0.000000
1581.079956	-63.759998	0.000000
1581.095947	-63.790001	0.000000
1581.112061	-63.810001	0.000000
1581.128052	-63.580002	0.000000
1581.144043	-63.580002	0.000000
1581.160034	-63.230000	0.000000
1581.176025	-63.310001	0.000000
1581.192017	-63.320000	0.000000
1581.208008	-63.529999	0.000000
1581.223999	-63.720001	0.000000
1581.239990	-63.889999	0.000000
1581.255981	-63.880001	0.000000
1581.271973	-63.790001	0.000000
1581.287964	-63.540001	0.000000
1581.303955	-63.680000	0.000000
1581.319946	-63.599998	0.000000
1581.336060	-63.660000	0.000000
1581.352051	-63.689999	0.000000
1581.368042	-63.889999	0.000000
1581.384033	-64.260002	0.000000
1581.400024	-64.449997	0.000000
1581.416016	-64.540001	0.000000
1581.432007	-64.239998	0.000000
1581.447998	-64.230003	0.000000
1581.463989	-64.110001	0.000000
1581.479980	-64.139999	0.000000
1581.495972	-64.360001	0.000000
1581.511963	-64.559998	0.000000
1581.527954	-64.430000	0.000000
1581.543945	-64.790001	0.000000
1581.560059	-64.589996	0.000000
1581.576050	-64.470001	0.000000
1581.592041	-64.260002	0.000000
1581.608032	-64.269997	0.000000
1581.624023	-64.230003	0.000000
1581.640015	-64.129997	0.000000
1581.656006	-64.110001	0.000000
1581.671997	-64.320000	0.000000
1581.687988	-64.099998	0.000000
1581.703979	-64.089996	0.000000
1581.719971	-63.869999	0.000000
1581.735962	-63.540001	0.000000
1581.751953	-63.380001	0.000000
1581.767944	-63.279999	0.000000
1581.784058	-63.340000	0.000000
1581.800049	-63.290001	0.000000
1581.816040	-63.250000	0.000000
1581.832031	-63.090000	0.000000
1581.848022	-62.990002	0.000001
1581.864014	-62.689999	0.000001
1581.880005	-62.590000	0.000001
1581.895996	-62.490002	0.000001
1581.911987	-62.349998	0.000001
1581.927979	-62.279999	0.000001
1581.943970	-62.189999	0.000001
1581.959961	-62.299999	0.000001
1581.975952	-62.290001	0.000001
1581.991943	-62.250000	0.000001
1582.008057	-62.130001	0.000001
1582.024048	-61.849998	0.000001
1582.040039	-61.779999	0.000001
1582.056030	-61.619999	0.000001
1582.072021	-61.660000	0.000001
1582.088013	-61.680000	0.000001
1582.104004	-61.720001	0.000001
1582.119995	-61.770000	0.000001
1582.135986	-61.810001	0.000001
1582.151978	-61.650002	0.000001
1582.167969	-61.490002	0.000001
1582.183960	-61.330002	0.000001
1582.199951	-61.130001	0.000001
1582.215942	-61.090000	0.000001
1582.232056	-61.110001	0.000001
1582.248047	-61.209999	0.000001
1582.264038	-61.320000	0.000001
1582.280029	-61.250000	0.000001
1582.296021	-61.139999	0.000001
1582.312012	-60.869999	0.000001
1582.328003	-60.619999	0.000001
1582.343994	-60.389999	0.000001
1582.359985	-60.299999	0.000001
1582.375977	-60.340000	0.000001
1582.391968	-60.270000	0.000001
1582.407959	-60.270000	0.000001
1582.423950	-60.220001	0.000001
1582.439941	-60.070000	0.000001
1582.456055	-59.889999	0.000001
1582.472046	-59.549999	0.000001
1582.488037	-59.259998	0.000001
1582.504028	-58.980000	0.000001
1582.520020	-58.880001	0.000001
1582.536011	-58.840000	0.000001
1582.552002	-58.750000	0.000001
1582.567993	-58.700001	0.000001
1582.583984	-58.500000	0.000001
1582.599976	-58.119999	0.000002
1582.615967	-57.730000	0.000002
1582.631958	-57.299999	0.000002
1582.647949	-57.080002	0.000002
1582.663940	-56.869999	0.000002
1582.680054	-56.709999	0.000002
1582.696045	-56.520000	0.000002
1582.712036	-56.290001	0.000002
1582.728027	-55.970001	0.000003
1582.744019	-55.500000	0.000003
1582.760010	-54.970001	0.000003
1582.776001	-54.389999	0.000004
1582.791992	-53.930000	0.000004
1582.807983	-53.580002	0.000004
1582.823975	-53.340000	0.000005
1582.839966	-53.150002	0.000005
1582.855957	-52.900002	0.000005
1582.871948	-52.590000	0.000006
1582.887939	-52.139999	0.000006
1582.904053	-51.570000	0.000007
1582.920044	-51.000000	0.000008
1582.936035	-50.459999	0.000009
1582.952026	-50.090000	0.000010
1582.968018	-49.889999	0.000010
1582.984009	-49.619999	0.000011
1583.000000	-49.369999	0.000012
1583.015991	-49.160000	0.000012
1583.031982	-48.900002	0.000013
1583.047974	-48.590000	0.000014
1583.063965	-48.240002	0.000015
1583.079956	-47.830002	0.000016
1583.095947	-47.480000	0.000018
1583.112061	-47.290001	0.000019
1583.128052	-47.160000	0.000019
1583.144043	-47.090000	0.000020
1583.160034	-47.040001	0.000020
1583.176025	-46.919998	0.000020
1583.192017	-46.709999	0.000021
1583.208008	-46.450001	0.000023
1583.223999	-46.230000	0.000024
1583.239990	-46.060001	0.000025
1583.255981	-45.939999	0.000025
1583.271973	-45.849998	0.000026
1583.287964	-45.799999	0.000026
1583.303955	-45.799999	0.000026
1583.319946	-45.830002	0.000026
1583.336060	-45.860001	0.000026
1583.352051	-45.840000	0.000026
1583.368042	-45.730000	0.000027
1583.384033	-45.570000	0.000028
1583.400024	-45.459999	0.000028
1583.416016	-45.439999	0.000029
1583.432007	-45.500000	0.000028
1583.447998	-45.590000	0.000028
1583.463989	-45.759998	0.000027
1583.479980	-45.900002	0.000026
1583.495972	-45.970001	0.000025
1583.511963	-45.990002	0.000025
1583.527954	-45.980000	0.000025
1583.543945	-45.959999	0.000025
1583.560059	-45.980000	0.000025
1583.576050	-46.060001	0.000025
1583.592041	-46.180000	0.000024
1583.608032	-46.389999	0.000023
1583.624023	-46.639999	0.000022
1583.640015	-46.849998	0.000021
1583.656006	-46.990002	0.000020
1583.671997	-47.000000	0.000020
1583.687988	-46.990002	0.000020
1583.703979	-47.049999	0.000020
1583.719971	-47.160000	0.000019
1583.735962	-47.330002	0.000018
1583.751953	-47.570000	0.000017
1583.767944	-47.810001	0.000017
1583.784058	-48.070000	0.000016
1583.800049	-48.259998	0.000015
1583.816040	-48.340000	0.000015
1583.832031	-48.349998	0.000015
1583.848022	-48.320000	0.000015
1583.864014	-48.320000	0.000015
1583.880005	-48.369999	0.000015
1583.895996	-48.509998	0.000014
1583.911987	-48.680000	0.000014
1583.927979	-48.939999	0.000013
1583.943970	-49.150002	0.000012
1583.959961	-49.189999	0.000012
1583.975952	-49.080002	0.000012
1583.991943	-49.000000	0.000013
1584.008057	-49.009998	0.000013
1584.024048	-49.060001	0.000012
1584.040039	-49.180000	0.000012
1584.056030	-49.330002	0.000012
1584.072021	-49.590000	0.000011
1584.088013	-49.779999	0.000011
1584.104004	-49.830002	0.000010
1584.119995	-49.790001	0.000010
1584.135986	-49.700001	0.000011
1584.151978	-49.650002	0.000011
1584.167969	-49.680000	0.000011
1584.183960	-49.790001	0.000010
1584.199951	-49.980000	0.000010
1584.215942	-50.230000	0.000009
1584.232056	-50.490002	0.000009
1584.248047	-50.650002	0.000009
1584.264038	-50.639999	0.000009
1584.280029	-50.610001	0.000009
1584.296021	-50.610001	0.000009
1584.312012	-50.650002	0.000009
1584.328003	-50.730000	0.000008
1584.343994	-50.900002	0.000008
1584.359985	-51.150002	0.000008
1584.375977	-51.450001	0.000007
1584.391968	-51.740002	0.000007
1584.407959	-51.889999	0.000006
1584.423950	-51.849998	0.000007
1584.439941	-51.759998	0.000007
1584.456055	-51.770000	0.000007
1584.472046	-51.860001	0.000007
1584.488037	-52.009998	0.000006
1584.504028	-52.290001	0.000006
1584.520020	-52.580002	0.000006
1584.536011	-52.930000	0.000005
1584.552002	-53.060001	0.000005
1584.567993	-53.049999	0.000005
1584.583984	-53.029999	0.000005
1584.599976	-53.029999	0.000005
1584.615967	-53.080002	0.000005
1584.631958	-53.180000	0.000005
1584.647949	-53.490002	0.000004
1584.663940	-53.720001	0.000004
1584.680054	-53.950001	0.000004
1584.696045	-54.099998	0.000004
1584.712036	-54.110001	0.000004
1584.728027	-54.070000	0.000004
1584.744019	-54.040001	0.000004
1584.760010	-54.029999	0.000004
1584.776001	-54.099998	0.000004
1584.791992	-54.250000	0.000004
1584.807983	-54.509998	0.000004
1584.823975	-54.939999	0.000003
1584.839966	-55.250000	0.000003
1584.855957	-55.340000	0.000003
1584.871948	-55.290001	0.000003
1584.887939	-55.279999	0.000003
1584.904053	-55.320000	0.000003
1584.920044	-55.450001	0.000003
1584.936035	-55.669998	0.000003
1584.952026	-55.880001	0.000003
1584.968018	-56.180000	0.000002
1584.984009	-56.570000	0.000002
1585.000000	-56.779999	0.000002
1585.015991	-56.860001	0.000002
1585.031982	-56.889999	0.000002
1585.047974	-56.919998	0.000002
1585.063965	-57.009998	0.000002
1585.079956	-57.230000	0.000002
1585.095947	-57.560001	0.000002
1585.112061	-58.090000	0.000002
1585.128052	-58.560001	0.000001
1585.144043	-58.750000	0.000001
1585.160034	-58.810001	0.000001
1585.176025	-58.810001	0.000001
1585.192017	-58.860001	0.000001
1585.208008	-58.980000	0.000001
1585.223999	-59.160000	0.000001
1585.239990	-59.330002	0.000001
1585.255981	-59.529999	0.000001
1585.271973	-59.970001	0.000001
1585.287964	-60.189999	0.000001
1585.303955	-60.330002	0.000001
1585.319946	-60.180000	0.000001
1585.336060	-60.070000	0.000001
1585.352051	-60.040001	0.000001
1585.368042	-60.029999	0.000001
1585.384033	-60.160000	0.000001
1585.400024	-60.389999	0.000001
1585.416016	-60.639999	0.000001
1585.432007	-60.700001	0.000001
1585.447998	-60.680000	0.000001
1585.463989	-60.450001	0.000001
1585.479980	-60.349998	0.000001
1585.495972	-60.310001	0.000001
1585.511963	-60.299999	0.000001
1585.527954	-60.310001	0.000001
1585.543945	-60.400002	0.000001
1585.560059	-60.500000	0.000001
1585.576050	-60.599998	0.000001
1585.592041	-60.650002	0.000001
1585.608032	-60.490002	0.000001
1585.624023	-60.270000	0.000001
1585.640015	-60.189999	0.000001
1585.656006	-60.200001	0.000001
1585.671997	-60.259998	0.000001
1585.687988	-60.360001	0.000001
1585.703979	-60.560001	0.000001
1585.719971	-60.549999	0.000001
1585.735962	-60.680000	0.000001
1585.751953	-60.669998	0.000001
1585.767944	-60.650002	0.000001
1585.784058	-60.549999	0.000001
1585.800049	-60.529999	0.000001
1585.816040	-60.590000	0.000001
1585.832031	-60.619999	0.000001
1585.848022	-60.790001	0.000001
1585.864014	-60.980000	0.000001
1585.880005	-61.080002	0.000001
1585.895996	-61.220001	0.000001
1585.911987	-61.110001	0.000001
1585.927979	-60.980000	0.000001
1585.943970	-61.009998	0.000001
1585.959961	-61.099998	0.000001
1585.975952	-61.220001	0.000001
1585.991943	-61.389999	0.000001
1586.008057	-61.470001	0.000001
1586.024048	-61.549999	0.000001
1586.040039	-61.660000	0.000001
1586.056030	-61.669998	0.000001
1586.072021	-61.700001	0.000001
1586.088013	-61.709999	0.000001
1586.104004	-61.689999	0.000001
1586.119995	-61.750000	0.000001
1586.135986	-61.889999	0.000001
1586.151978	-62.080002	0.000001
1586.167969	-62.380001	0.000001
1586.183960	-62.529999	0.000001
1586.199951	-62.549999	0.000001
1586.215942	-62.470001	0.000001
1586.232056	-62.580002	0.000001
1586.248047	-62.639999	0.000001
1586.264038	-62.740002	0.000001
1586.280029	-62.959999	0.000001
1586.296021	-63.130001	0.000000
1586.312012	-63.380001	0.000000
1586.328003	-63.669998	0.000000
1586.343994	-63.939999	0.000000
1586.359985	-63.900002	0.000000
1586.375977	-64.129997	0.000000
1586.391968	-64.190002	0.000000
1586.407959	-64.250000	0.000000
1586.423950	-64.669998	0.000000
1586.439941	-65.019997	0.000000
1586.456055	-65.379997	0.000000
1586.472046	-65.769997	0.000000
1586.488037	-65.809998	0.000000
1586.504028	-66.320000	0.000000
1586.520020	-66.379997	0.000000
1586.536011	-66.589996	0.000000
1586.552002	-66.910004	0.000000
1586.567993	-67.500000	0.000000
1586.583984	-67.860001	0.000000
1586.599976	-68.589996	0.000000
1586.615967	-68.970001	0.000000
1586.631958	-69.529999	0.000000
1586.647949	-69.650002	0.000000
1586.663940	-70.349998	0.000000
1586.680054	-70.599998	0.000000
1586.696045	-70.800003	0.000000
1586.712036	-71.940002	0.000000
1586.728027	-73.370003	0.000000
1586.744019	-72.699997	0.000000
1586.760010	-73.320000	0.000000
1586.776001	-74.540001	0.000000
1586.791992	-74.010002	0.000000
1586.807983	-75.900002	0.000000
1586.823975	-74.720001	0.000000
1586.839966	-76.300003	0.000000
1586.855957	-76.459999	0.000000
1586.871948	-80.820000	0.000000
1586.887939	-78.199997	0.000000
1586.904053	-78.809998	0.000000
1586.920044	-77.730003	0.000000
1586.936035	-210.000000	0.000000
1586.952026	-85.029999	0.000000
1586.968018	-86.410004	0.000000
1586.984009	-85.900002	0.000000
1587.000000	-90.669998	0.000000
1587.015991	-210.000000	0.000000
1587.031982	-210.000000	0.000000
1587.047974	-210.000000	0.000000
1587.063965	-210.000000	0.000000
1587.079956	-85.900002	0.000000
1587.095947	-210.000000	0.000000
1587.112061	-210.000000	0.000000
1587.128052	-210.000000	0.000000
1587.144043	-210.000000	0.000000
1587.160034	-210.000000	0.000000
1587.176025	-210.000000	0.000000
1587.192017	-210.000000	0.000000
1587.208008	-210.000000	0.000000
1587.223999	-80.389999	0.000000
1587.239990	-210.000000	0.000000
1587.255981	-84.650002	0.000000
1587.271973	-95.440002	0.000000
1587.287964	-77.309998	0.000000
1587.303955	-210.000000	0.000000
1587.319946	-210.000000	0.000000
1587.336060	-210.000000	0.000000
1587.352051	-90.669998	0.000000
1587.368042	-210.000000	0.000000
1587.384033	-89.419998	0.000000
1587.400024	-82.430000	0.000000
1587.416016	-83.980003	0.000000
1587.432007	-210.000000	0.000000
1587.447998	-80.529999	0.000000
1587.463989	-210.000000	0.000000
1587.479980	-210.000000	0.000000
1587.495972	-83.680000	0.000000
1587.511963	-210.000000	0.000000
1587.527954	-210.000000	0.000000
1587.543945	-210.000000	0.000000
1587.560059	-86.989998	0.000000
1587.576050	-210.000000	0.000000
1587.592041	-78.910004	0.000000
1587.608032	-80.120003	0.000000
1587.624023	-210.000000	0.000000
1587.640015	-81.639999	0.000000
1587.656006	-78.629997	0.000000
1587.671997	-83.680000	0.000000
1587.687988	-210.000000	0.000000
1587.703979	-84.300003	0.000000
1587.719971	-210.000000	0.000000
1587.735962	-81.290001	0.000000
1587.751953	-81.129997	0.000000
1587.767944	-210.000000	0.000000
1587.784058	-92.430000	0.000000
1587.800049	-210.000000	0.000000
1587.816040	-210.000000	0.000000
1587.832031	-210.000000	0.000000
1587.848022	-210.000000	0.000000
1587.864014	-83.980003	0.000000
1587.880005	-87.660004	0.000000
1587.895996	-82.889999	0.000000
1587.911987	-87.660004	0.000000
1587.927979	-79.309998	0.000000
1587.943970	-80.120003	0.000000
1587.959961	-210.000000	0.000000
1587.975952	-80.529999	0.000000
1587.991943	-82.019997	0.000000
1588.008057	-79.750000	0.000000
1588.024048	-210.000000	0.000000
1588.040039	-210.000000	0.000000
1588.056030	-210.000000	0.000000
1588.072021	-86.980003	0.000000
1588.088013	-95.430000	0.000000
1588.104004	-210.000000	0.000000
1588.119995	-210.000000	0.000000
1588.135986	-210.000000	0.000000
1588.151978	-81.449997	0.000000
1588.167969	-210.000000	0.000000
1588.183960	-89.410004	0.000000
1588.199951	-86.400002	0.000000
1588.215942	-85.019997	0.000000
1588.232056	-84.290001	0.000000
1588.248047	-82.639999	0.000000
1588.264038	-86.400002	0.000000
1588.280029	-210.000000	0.000000
1588.296021	-210.000000	0.000000
1588.312012	-210.000000	0.000000
1588.328003	-80.809998	0.000000
1588.343994	-210.000000	0.000000
1588.359985	-210.000000	0.000000
1588.375977	-210.000000	0.000000
1588.391968	-210.000000	0.000000
1588.407959	-210.000000	0.000000
1588.423950	-85.430000	0.000000
1588.439941	-210.000000	0.000000
1588.456055	-83.389999	0.000000
1588.472046	-210.000000	0.000000
1588.488037	-210.000000	0.000000
1588.504028	-85.430000	0.000000
1588.520020	-210.000000	0.000000
1588.536011	-210.000000	0.000000
1588.552002	-87.650002	0.000000
1588.567993	-210.000000	0.000000
1588.583984	-210.000000	0.000000
1588.599976	-88.440002	0.000000
1588.615967	-210.000000	0.000000
1588.631958	-210.000000	0.000000
1588.647949	-210.000000	0.000000
1588.663940	-210.000000	0.000000
1588.680054	-83.970001	0.000000
1588.696045	-83.389999	0.000000
1588.712036	-210.000000	0.000000
1588.728027	-210.000000	0.000000
1588.744019	-85.889999	0.000000
1588.760010	-210.000000	0.000000
1588.776001	-80.959999	0.000000
1588.791992	-210.000000	0.000000
1588.807983	-83.970001	0.000000
1588.823975	-210.000000	0.000000
1588.839966	-83.389999	0.000000
1588.855957	-210.000000	0.000000
1588.871948	-210.000000	0.000000
1588.887939	-210.000000	0.000000
1588.904053	-80.660004	0.000000
1588.920044	-81.449997	0.000000
1588.936035	-210.000000	0.000000
1588.952026	-210.000000	0.000000
1588.968018	-210.000000	0.000000
1588.984009	-210.000000	0.000000
1589.000000	-210.000000	0.000000
1589.015991	-95.430000	0.000000
1589.031982	-210.000000	0.000000
1589.047974	-210.000000	0.000000
1589.063965	-210.000000	0.000000
1589.079956	-210.000000	0.000000
1589.095947	-87.650002	0.000000
1589.112061	-210.000000	0.000000
1589.128052	-81.279999	0.000000
1589.144043	-210.000000	0.000000
1589.160034	-210.000000	0.000000
1589.176025	-210.000000	0.000000
1589.192017	-80.239998	0.000000
1589.208008	-210.000000	0.000000
1589.223999	-82.879997	0.000000
1589.239990	-86.400002	0.000000
1589.255981	-81.809998	0.000000
1589.271973	-89.410004	0.000000
1589.287964	-89.410004	0.000000
1589.303955	-210.000000	0.000000
1589.319946	-210.000000	0.000000
1589.336060	-88.440002	0.000000
1589.352051	-210.000000	0.000000
1589.368042	-210.000000	0.000000
1589.384033	-210.000000	0.000000
1589.400024	-83.669998	0.000000
1589.416016	-83.120003	0.000000
1589.432007	-210.000000	0.000000
1589.447998	-210.000000	0.000000
1589.463989	-82.879997	0.000000
1589.479980	-79.300003	0.000000
1589.495972	-84.290001	0.000000
1589.511963	-84.290001	0.000000
1589.527954	-86.400002	0.000000
1589.543945	-210.000000	0.000000
1589.560059	-210.000000	0.000000
1589.576050	-210.000000	0.000000
1589.592041	-85.889999	0.000000
1589.608032	-210.000000	0.000000
1589.624023	-85.430000	0.000000
1589.640015	-88.440002	0.000000
1589.656006	-86.400002	0.000000
1589.671997	-82.639999	0.000000
1589.687988	-92.419998	0.000000
1589.703979	-210.000000	0.000000
1589.719971	-210.000000	0.000000
1589.735962	-82.010002	0.000000
1589.751953	-210.000000	0.000000
1589.767944	-210.000000	0.000000
1589.784058	-210.000000	0.000000
1589.800049	-210.000000	0.000000
1589.816040	-84.639999	0.000000
1589.832031	-210.000000	0.000000
1589.848022	-210.000000	0.000000
1589.864014	-85.889999	0.000000
1589.880005	-210.000000	0.000000
1589.895996	-80.959999	0.000000
1589.911987	-92.419998	0.000000
1589.927979	-86.980003	0.000000
1589.943970	-85.889999	0.000000
1589.959961	-210.000000	0.000000
1589.975952	-210.000000	0.000000
1589.991943	-210.000000	0.000000
1590.008057	-210.000000	0.000000
1590.024048	-85.889999	0.000000
1590.040039	-210.000000	0.000000
1590.056030	-95.430000	0.000000
1590.072021	-89.410004	0.000000
1590.088013	-210.000000	0.000000
1590.104004	-210.000000	0.000000
1590.119995	-210.000000	0.000000
1590.135986	-210.000000	0.000000
1590.151978	-79.199997	0.000000
1590.167969	-83.970001	0.000000
1590.183960	-210.000000	0.000000
1590.199951	-210.000000	0.000000
1590.215942	-210.000000	0.000000
1590.232056	-210.000000	0.000000
1590.248047	-82.209999	0.000000
1590.264038	-210.000000	0.000000
1590.280029	-210.000000	0.000000
1590.296021	-81.449997	0.000000
1590.312012	-80.519997	0.000000
1590.328003	-88.440002	0.000000
1590.343994	-83.389999	0.000000
1590.359985	-83.669998	0.000000
1590.375977	-210.000000	0.000000
1590.391968	-80.809998	0.000000
1590.407959	-88.440002	0.000000
1590.423950	-210.000000	0.000000
1590.439941	-210.000000	0.000000
1590.456055	-210.000000	0.000000
1590.472046	-210.000000	0.000000
1590.488037	-210.000000	0.000000
1590.504028	-210.000000	0.000000
1590.520020	-90.650002	0.000000
1590.536011	-85.010002	0.000000
1590.552002	-95.419998	0.000000
1590.567993	-210.000000	0.000000
1590.583984	-210.000000	0.000000
1590.599976	-83.660004	0.000000
1590.615967	-210.000000	0.000000
1590.631958	-210.000000	0.000000
1590.647949	-210.000000	0.000000
1590.663940	-210.000000	0.000000
1590.680054	-210.000000	0.000000
1590.696045	-210.000000	0.000000
1590.712036	-210.000000	0.000000
1590.728027	-82.870003	0.000000
1590.744019	-210.000000	0.000000
1590.760010	-88.430000	0.000000
1590.776001	-210.000000	0.000000
1590.791992	-84.629997	0.000000
1590.807983	-210.000000	0.000000
1590.823975	-210.000000	0.000000
1590.839966	-210.000000	0.000000
1590.855957	-210.000000	0.000000
1590.871948	-85.010002	0.000000
1590.887939	-82.199997	0.000000
1590.904053	-79.620003	0.000000
1590.920044	-210.000000	0.000000
1590.936035	-82.629997	0.000000
1590.952026	-210.000000	0.000000
1590.968018	-92.410004	0.000000
1590.984009	-82.199997	0.000000
1591.000000	-210.000000	0.000000
