Wavelength (nm)	Transmission (dBm)	Linear Transmission
1575.000000	-210.000000	0.000000
1575.015991	-210.000000	0.000000
1575.031982	-210.000000	0.000000
1575.047974	-210.000000	0.000000
1575.063965	-86.400002	0.000000
1575.079956	-210.000000	0.000000
1575.095947	-210.000000	0.000000
1575.112061	-210.000000	0.000000
1575.128052	-210.000000	0.000000
1575.144043	-78.709999	0.000000
1575.160034	-80.809998	0.000000
1575.176025	-210.000000	0.000000
1575.192017	-210.000000	0.000000
1575.208008	-88.440002	0.000000
1575.223999	-90.660004	0.000000
1575.239990	-210.000000	0.000000
1575.255981	-210.000000	0.000000
1575.271973	-210.000000	0.000000
1575.287964	-210.000000	0.000000
1575.303955	-210.000000	0.000000
1575.319946	-82.010002	0.000000
1575.336060	-81.809998	0.000000
1575.352051	-210.000000	0.000000
1575.368042	-210.000000	0.000000
1575.384033	-210.000000	0.000000
1575.400024	-89.410004	0.000000
1575.416016	-210.000000	0.000000
1575.432007	-90.660004	0.000000
1575.447998	-210.000000	0.000000
1575.463989	-210.000000	0.000000
1575.479980	-89.410004	0.000000
1575.495972	-210.000000	0.000000
1575.511963	-210.000000	0.000000
1575.527954	-210.000000	0.000000
1575.543945	-210.000000	0.000000
1575.560059	-210.000000	0.000000
1575.576050	-210.000000	0.000000
1575.592041	-210.000000	0.000000
1575.608032	-210.000000	0.000000
1575.624023	-83.980003	0.000000
1575.640015	-95.440002	0.000000
1575.656006	-210.000000	0.000000
1575.671997	-210.000000	0.000000
1575.687988	-210.000000	0.000000
1575.703979	-84.650002	0.000000
1575.719971	-85.440002	0.000000
1575.735962	-210.000000	0.000000
1575.751953	-210.000000	0.000000
1575.767944	-87.660004	0.000000
1575.784058	-210.000000	0.000000
1575.800049	-210.000000	0.000000
1575.816040	-210.000000	0.000000
1575.832031	-83.129997	0.000000
1575.848022	-210.000000	0.000000
1575.864014	-83.980003	0.000000
1575.880005	-210.000000	0.000000
1575.895996	-83.129997	0.000000
1575.911987	-85.029999	0.000000
1575.927979	-83.980003	0.000000
1575.943970	-83.980003	0.000000
1575.959961	-210.000000	0.000000
1575.975952	-210.000000	0.000000
1575.991943	-82.430000	0.000000
1576.008057	-81.459999	0.000000
1576.024048	-89.419998	0.000000
1576.040039	-210.000000	0.000000
1576.056030	-210.000000	0.000000
1576.072021	-210.000000	0.000000
1576.088013	-210.000000	0.000000
1576.104004	-85.900002	0.000000
1576.119995	-89.419998	0.000000
1576.135986	-210.000000	0.000000
1576.151978	-210.000000	0.000000
1576.167969	-83.980003	0.000000
1576.183960	-210.000000	0.000000
1576.199951	-86.410004	0.000000
1576.215942	-210.000000	0.000000
1576.232056	-81.820000	0.000000
1576.248047	-84.300003	0.000000
1576.264038	-83.400002	0.000000
1576.280029	-210.000000	0.000000
1576.296021	-210.000000	0.000000
1576.312012	-210.000000	0.000000
1576.328003	-210.000000	0.000000
1576.343994	-210.000000	0.000000
1576.359985	-92.430000	0.000000
1576.375977	-210.000000	0.000000
1576.391968	-80.820000	0.000000
1576.407959	-84.650002	0.000000
1576.423950	-210.000000	0.000000
1576.439941	-210.000000	0.000000
1576.456055	-210.000000	0.000000
1576.472046	-210.000000	0.000000
1576.488037	-79.419998	0.000000
1576.504028	-210.000000	0.000000
1576.520020	-85.029999	0.000000
1576.536011	-210.000000	0.000000
1576.552002	-88.449997	0.000000
1576.567993	-95.440002	0.000000
1576.583984	-88.449997	0.000000
1576.599976	-210.000000	0.000000
1576.615967	-85.440002	0.000000
1576.631958	-210.000000	0.000000
1576.647949	-82.650002	0.000000
1576.663940	-210.000000	0.000000
1576.680054	-81.820000	0.000000
1576.696045	-210.000000	0.000000
1576.712036	-210.000000	0.000000
1576.728027	-210.000000	0.000000
1576.744019	-210.000000	0.000000
1576.760010	-210.000000	0.000000
1576.776001	-210.000000	0.000000
1576.791992	-85.900002	0.000000
1576.807983	-210.000000	0.000000
1576.823975	-79.639999	0.000000
1576.839966	-82.889999	0.000000
1576.855957	-80.820000	0.000000
1576.871948	-80.970001	0.000000
1576.887939	-210.000000	0.000000
1576.904053	-85.900002	0.000000
1576.920044	-210.000000	0.000000
1576.936035	-210.000000	0.000000
1576.952026	-83.680000	0.000000
1576.968018	-78.809998	0.000000
1576.984009	-210.000000	0.000000
1577.000000	-210.000000	0.000000
1577.015991	-210.000000	0.000000
1577.031982	-210.000000	0.000000
1577.047974	-210.000000	0.000000
1577.063965	-210.000000	0.000000
1577.079956	-210.000000	0.000000
1577.095947	-210.000000	0.000000
1577.112061	-210.000000	0.000000
1577.128052	-210.000000	0.000000
1577.144043	-85.440002	0.000000
1577.160034	-210.000000	0.000000
1577.176025	-210.000000	0.000000
1577.192017	-210.000000	0.000000
1577.208008	-210.000000	0.000000
1577.223999	-210.000000	0.000000
1577.239990	-210.000000	0.000000
1577.255981	-210.000000	0.000000
1577.271973	-210.000000	0.000000
1577.287964	-210.000000	0.000000
1577.303955	-83.980003	0.000000
1577.319946	-210.000000	0.000000
1577.336060	-210.000000	0.000000
1577.352051	-83.400002	0.000000
1577.368042	-210.000000	0.000000
1577.384033	-210.000000	0.000000
1577.400024	-210.000000	0.000000
1577.416016	-210.000000	0.000000
1577.432007	-83.980003	0.000000
1577.447998	-210.000000	0.000000
1577.463989	-210.000000	0.000000
1577.479980	-210.000000	0.000000
1577.495972	-210.000000	0.000000
1577.511963	-210.000000	0.000000
1577.527954	-210.000000	0.000000
1577.543945	-210.000000	0.000000
1577.560059	-210.000000	0.000000
1577.576050	-210.000000	0.000000
1577.592041	-210.000000	0.000000
1577.608032	-210.000000	0.000000
1577.624023	-85.440002	0.000000
1577.640015	-81.290001	0.000000
1577.656006	-210.000000	0.000000
1577.671997	-210.000000	0.000000
1577.687988	-210.000000	0.000000
1577.703979	-210.000000	0.000000
1577.719971	-210.000000	0.000000
1577.735962	-80.120003	0.000000
1577.751953	-83.400002	0.000000
1577.767944	-85.900002	0.000000
1577.784058	-210.000000	0.000000
1577.800049	-210.000000	0.000000
1577.816040	-210.000000	0.000000
1577.832031	-210.000000	0.000000
1577.848022	-82.220001	0.000000
1577.864014	-210.000000	0.000000
1577.880005	-210.000000	0.000000
1577.895996	-210.000000	0.000000
1577.911987	-83.980003	0.000000
1577.927979	-210.000000	0.000000
1577.943970	-210.000000	0.000000
1577.959961	-210.000000	0.000000
1577.975952	-210.000000	0.000000
1577.991943	-210.000000	0.000000
1578.008057	-210.000000	0.000000
1578.024048	-90.680000	0.000000
1578.040039	-79.540001	0.000000
1578.056030	-210.000000	0.000000
1578.072021	-210.000000	0.000000
1578.088013	-95.449997	0.000000
1578.104004	-210.000000	0.000000
1578.119995	-90.680000	0.000000
1578.135986	-210.000000	0.000000
1578.151978	-210.000000	0.000000
1578.167969	-210.000000	0.000000
1578.183960	-210.000000	0.000000
1578.199951	-79.220001	0.000000
1578.215942	-210.000000	0.000000
1578.232056	-80.400002	0.000000
1578.248047	-210.000000	0.000000
1578.264038	-210.000000	0.000000
1578.280029	-210.000000	0.000000
1578.296021	-210.000000	0.000000
1578.312012	-82.660004	0.000000
1578.328003	-84.660004	0.000000
1578.343994	-92.440002	0.000000
1578.359985	-83.989998	0.000000
1578.375977	-82.900002	0.000000
1578.391968	-80.400002	0.000000
1578.407959	-81.830002	0.000000
1578.423950	-87.669998	0.000000
1578.439941	-210.000000	0.000000
1578.456055	-82.660004	0.000000
1578.472046	-80.129997	0.000000
1578.488037	-85.910004	0.000000
1578.504028	-210.000000	0.000000
1578.520020	-83.410004	0.000000
1578.536011	-210.000000	0.000000
1578.552002	-87.669998	0.000000
1578.567993	-210.000000	0.000000
1578.583984	-85.910004	0.000000
1578.599976	-210.000000	0.000000
1578.615967	-92.440002	0.000000
1578.631958	-210.000000	0.000000
1578.647949	-210.000000	0.000000
1578.663940	-210.000000	0.000000
1578.680054	-92.440002	0.000000
1578.696045	-87.669998	0.000000
1578.712036	-210.000000	0.000000
1578.728027	-84.309998	0.000000
1578.744019	-210.000000	0.000000
1578.760010	-210.000000	0.000000
1578.776001	-82.029999	0.000000
1578.791992	-210.000000	0.000000
1578.807983	-85.449997	0.000000
1578.823975	-210.000000	0.000000
1578.839966	-210.000000	0.000000
1578.855957	-210.000000	0.000000
1578.871948	-79.430000	0.000000
1578.887939	-210.000000	0.000000
1578.904053	-84.660004	0.000000
1578.920044	-210.000000	0.000000
1578.936035	-210.000000	0.000000
1578.952026	-210.000000	0.000000
1578.968018	-95.449997	0.000000
1578.984009	-85.449997	0.000000
1579.000000	-81.139999	0.000000
1579.015991	-95.449997	0.000000
1579.031982	-80.680000	0.000000
1579.047974	-83.139999	0.000000
1579.063965	-210.000000	0.000000
1579.079956	-83.139999	0.000000
1579.095947	-210.000000	0.000000
1579.112061	-210.000000	0.000000
1579.128052	-82.660004	0.000000
1579.144043	-210.000000	0.000000
1579.160034	-92.440002	0.000000
1579.176025	-210.000000	0.000000
1579.192017	-87.000000	0.000000
1579.208008	-210.000000	0.000000
1579.223999	-210.000000	0.000000
1579.239990	-210.000000	0.000000
1579.255981	-210.000000	0.000000
1579.271973	-210.000000	0.000000
1579.287964	-83.690002	0.000000
1579.303955	-210.000000	0.000000
1579.319946	-210.000000	0.000000
1579.336060	-92.440002	0.000000
1579.352051	-85.040001	0.000000
1579.368042	-210.000000	0.000000
1579.384033	-210.000000	0.000000
1579.400024	-210.000000	0.000000
1579.416016	-82.660004	0.000000
1579.432007	-210.000000	0.000000
1579.447998	-82.029999	0.000000
1579.463989	-84.309998	0.000000
1579.479980	-210.000000	0.000000
1579.495972	-210.000000	0.000000
1579.511963	-210.000000	0.000000
1579.527954	-210.000000	0.000000
1579.543945	-83.139999	0.000000
1579.560059	-210.000000	0.000000
1579.576050	-210.000000	0.000000
1579.592041	-210.000000	0.000000
1579.608032	-86.419998	0.000000
1579.624023	-81.139999	0.000000
1579.640015	-81.830002	0.000000
1579.656006	-84.309998	0.000000
1579.671997	-210.000000	0.000000
1579.687988	-210.000000	0.000000
1579.703979	-90.680000	0.000000
1579.719971	-210.000000	0.000000
1579.735962	-85.040001	0.000000
1579.751953	-83.410004	0.000000
1579.767944	-84.309998	0.000000
1579.784058	-88.459999	0.000000
1579.800049	-210.000000	0.000000
1579.816040	-80.129997	0.000000
1579.832031	-81.650002	0.000000
1579.848022	-210.000000	0.000000
1579.864014	-88.459999	0.000000
1579.880005	-85.449997	0.000000
1579.895996	-210.000000	0.000000
1579.911987	-81.139999	0.000000
1579.927979	-210.000000	0.000000
1579.943970	-80.010002	0.000000
1579.959961	-78.919998	0.000000
1579.975952	-81.139999	0.000000
1579.991943	-86.419998	0.000000
1580.008057	-75.629997	0.000000
1580.024048	-74.379997	0.000000
1580.040039	-72.589996	0.000000
1580.056030	-70.860001	0.000000
1580.072021	-70.800003	0.000000
1580.088013	-70.639999	0.000000
1580.104004	-70.889999	0.000000
1580.119995	-69.949997	0.000000
1580.135986	-70.250000	0.000000
1580.151978	-70.320000	0.000000
1580.167969	-69.480003	0.000000
1580.183960	-69.050003	0.000000
1580.199951	-68.660004	0.000000
1580.215942	-67.680000	0.000000
1580.232056	-67.440002	0.000000
1580.248047	-67.139999	0.000000
1580.264038	-66.879997	0.000000
1580.280029	-66.440002	0.000000
1580.296021	-66.360001	0.000000
1580.312012	-66.480003	0.000000
1580.328003	-66.400002	0.000000
1580.343994	-66.150002	0.000000
1580.359985	-65.870003	0.000000
1580.375977	-65.779999	0.000000
1580.391968	-65.120003	0.000000
1580.407959	-64.879997	0.000000
1580.423950	-64.680000	0.000000
1580.439941	-64.570000	0.000000
1580.456055	-64.400002	0.000000
1580.472046	-64.370003	0.000000
1580.488037	-64.269997	0.000000
1580.504028	-64.360001	0.000000
1580.520020	-64.500000	0.000000
1580.536011	-64.449997	0.000000
1580.552002	-64.209999	0.000000
1580.567993	-64.010002	0.000000
1580.583984	-63.650002	0.000000
1580.599976	-63.599998	0.000000
1580.615967	-63.509998	0.000000
1580.631958	-63.419998	0.000000
1580.647949	-63.459999	0.000000
1580.663940	-63.450001	0.000000
1580.680054	-63.480000	0.000000
1580.696045	-63.619999	0.000000
1580.712036	-63.360001	0.000000
1580.728027	-63.189999	0.000000
1580.744019	-62.930000	0.000001
1580.760010	-62.820000	0.000001
1580.776001	-62.750000	0.000001
1580.791992	-62.820000	0.000001
1580.807983	-62.950001	0.000001
1580.823975	-63.130001	0.000000
1580.839966	-63.139999	0.000000
1580.855957	-62.889999	0.000001
1580.871948	-62.639999	0.000001
1580.887939	-62.330002	0.000001
1580.904053	-62.310001	0.000001
1580.920044	-62.169998	0.000001
1580.936035	-62.139999	0.000001
1580.952026	-62.119999	0.000001
1580.968018	-62.250000	0.000001
1580.984009	-62.389999	0.000001
1581.000000	-62.310001	0.000001
1581.015991	-62.060001	0.000001
1581.031982	-61.779999	0.000001
1581.047974	-61.529999	0.000001
1581.063965	-61.340000	0.000001
1581.079956	-61.389999	0.000001
1581.095947	-61.389999	0.000001
1581.112061	-61.549999	0.000001
1581.128052	-61.619999	0.000001
1581.144043	-61.680000	0.000001
1581.160034	-61.419998	0.000001
1581.176025	-61.330002	0.000001
1581.192017	-61.119999	0.000001
1581.208008	-61.000000	0.000001
1581.223999	-61.029999	0.000001
1581.239990	-61.110001	0.000001
1581.255981	-61.180000	0.000001
1581.271973	-61.349998	0.000001
1581.287964	-61.500000	0.000001
1581.303955	-61.450001	0.000001
1581.319946	-61.270000	0.000001
1581.336060	-61.160000	0.000001
1581.352051	-60.980000	0.000001
1581.368042	-61.029999	0.000001
1581.384033	-61.119999	0.000001
1581.400024	-61.259998	0.000001
1581.416016	-61.340000	0.000001
1581.432007	-61.459999	0.000001
1581.447998	-61.639999	0.000001
1581.463989	-61.580002	0.000001
1581.479980	-61.450001	0.000001
1581.495972	-61.270000	0.000001
1581.511963	-61.270000	0.000001
1581.527954	-61.259998	0.000001
1581.543945	-61.400002	0.000001
1581.560059	-61.529999	0.000001
1581.576050	-61.669998	0.000001
1581.592041	-61.759998	0.000001
1581.608032	-61.779999	0.000001
1581.624023	-61.500000	0.000001
1581.640015	-61.369999	0.000001
1581.656006	-61.330002	0.000001
1581.671997	-61.410000	0.000001
1581.687988	-61.470001	0.000001
1581.703979	-61.599998	0.000001
1581.719971	-61.549999	0.000001
1581.735962	-61.759998	0.000001
1581.751953	-61.660000	0.000001
1581.767944	-61.490002	0.000001
1581.784058	-61.330002	0.000001
1581.800049	-61.220001	0.000001
1581.816040	-61.220001	0.000001
1581.832031	-61.209999	0.000001
1581.848022	-61.400002	0.000001
1581.864014	-61.610001	0.000001
1581.880005	-61.669998	0.000001
1581.895996	-61.529999	0.000001
1581.911987	-61.490002	0.000001
1581.927979	-61.340000	0.000001
1581.943970	-61.299999	0.000001
1581.959961	-61.230000	0.000001
1581.975952	-61.279999	0.000001
1581.991943	-61.310001	0.000001
1582.008057	-61.490002	0.000001
1582.024048	-61.709999	0.000001
1582.040039	-61.820000	0.000001
1582.056030	-61.930000	0.000001
1582.072021	-61.900002	0.000001
1582.088013	-61.790001	0.000001
1582.104004	-61.810001	0.000001
1582.119995	-61.990002	0.000001
1582.135986	-62.160000	0.000001
1582.151978	-62.470001	0.000001
1582.167969	-62.830002	0.000001
1582.183960	-62.959999	0.000001
1582.199951	-63.029999	0.000000
1582.215942	-62.970001	0.000001
1582.232056	-63.000000	0.000001
1582.248047	-62.919998	0.000001
1582.264038	-62.990002	0.000001
1582.280029	-62.910000	0.000001
1582.296021	-63.270000	0.000000
1582.312012	-63.389999	0.000000
1582.328003	-63.549999	0.000000
1582.343994	-63.180000	0.000000
1582.359985	-62.549999	0.000001
1582.375977	-62.110001	0.000001
1582.391968	-61.570000	0.000001
1582.407959	-61.200001	0.000001
1582.423950	-60.849998	0.000001
1582.439941	-60.680000	0.000001
1582.456055	-60.320000	0.000001
1582.472046	-59.919998	0.000001
1582.488037	-59.119999	0.000001
1582.504028	-58.080002	0.000002
1582.520020	-57.139999	0.000002
1582.536011	-56.330002	0.000002
1582.552002	-55.849998	0.000003
1582.567993	-55.580002	0.000003
1582.583984	-55.189999	0.000003
1582.599976	-54.799999	0.000003
1582.615967	-54.389999	0.000004
1582.631958	-53.650002	0.000004
1582.647949	-52.889999	0.000005
1582.663940	-52.180000	0.000006
1582.680054	-51.560001	0.000007
1582.696045	-51.090000	0.000008
1582.712036	-50.720001	0.000008
1582.728027	-50.419998	0.000009
1582.744019	-50.189999	0.000010
1582.760010	-49.939999	0.000010
1582.776001	-49.599998	0.000011
1582.791992	-49.070000	0.000012
1582.807983	-48.490002	0.000014
1582.823975	-48.070000	0.000016
1582.839966	-47.779999	0.000017
1582.855957	-47.590000	0.000017
1582.871948	-47.419998	0.000018
1582.887939	-47.250000	0.000019
1582.904053	-47.090000	0.000020
1582.920044	-46.959999	0.000020
1582.936035	-46.779999	0.000021
1582.952026	-46.570000	0.000022
1582.968018	-46.299999	0.000023
1582.984009	-45.970001	0.000025
1583.000000	-45.720001	0.000027
1583.015991	-45.619999	0.000027
1583.031982	-45.580002	0.000028
1583.047974	-45.580002	0.000028
1583.063965	-45.590000	0.000028
1583.079956	-45.529999	0.000028
1583.095947	-45.360001	0.000029
1583.112061	-45.200001	0.000030
1583.128052	-45.070000	0.000031
1583.144043	-44.990002	0.000032
1583.160034	-44.950001	0.000032
1583.176025	-44.959999	0.000032
1583.192017	-45.040001	0.000031
1583.208008	-45.169998	0.000030
1583.223999	-45.330002	0.000029
1583.239990	-45.419998	0.000029
1583.255981	-45.430000	0.000029
1583.271973	-45.360001	0.000029
1583.287964	-45.290001	0.000030
1583.303955	-45.299999	0.000030
1583.319946	-45.389999	0.000029
1583.336060	-45.509998	0.000028
1583.352051	-45.669998	0.000027
1583.368042	-45.889999	0.000026
1583.384033	-46.090000	0.000025
1583.400024	-46.200001	0.000024
1583.416016	-46.259998	0.000024
1583.432007	-46.259998	0.000024
1583.447998	-46.259998	0.000024
1583.463989	-46.320000	0.000023
1583.479980	-46.480000	0.000022
1583.495972	-46.700001	0.000021
1583.511963	-47.009998	0.000020
1583.527954	-47.299999	0.000019
1583.543945	-47.509998	0.000018
1583.560059	-47.599998	0.000017
1583.576050	-47.570000	0.000017
1583.592041	-47.580002	0.000017
1583.608032	-47.650002	0.000017
1583.624023	-47.770000	0.000017
1583.640015	-47.900002	0.000016
1583.656006	-48.110001	0.000015
1583.671997	-48.369999	0.000015
1583.687988	-48.540001	0.000014
1583.703979	-48.599998	0.000014
1583.719971	-48.560001	0.000014
1583.735962	-48.480000	0.000014
1583.751953	-48.430000	0.000014
1583.767944	-48.439999	0.000014
1583.784058	-48.570000	0.000014
1583.800049	-48.750000	0.000013
1583.816040	-48.930000	0.000013
1583.832031	-49.150002	0.000012
1583.848022	-49.240002	0.000012
1583.864014	-49.180000	0.000012
1583.880005	-49.040001	0.000012
1583.895996	-48.990002	0.000013
1583.911987	-48.990002	0.000013
1583.927979	-49.040001	0.000012
1583.943970	-49.169998	0.000012
1583.959961	-49.360001	0.000012
1583.975952	-49.619999	0.000011
1583.991943	-49.759998	0.000011
1584.008057	-49.750000	0.000011
1584.024048	-49.590000	0.000011
1584.040039	-49.450001	0.000011
1584.056030	-49.439999	0.000011
1584.072021	-49.540001	0.000011
1584.088013	-49.720001	0.000011
1584.104004	-49.900002	0.000010
1584.119995	-50.150002	0.000010
1584.135986	-50.310001	0.000009
1584.151978	-50.299999	0.000009
1584.167969	-50.220001	0.000010
1584.183960	-50.180000	0.000010
1584.199951	-50.189999	0.000010
1584.215942	-50.250000	0.000009
1584.232056	-50.330002	0.000009
1584.248047	-50.560001	0.000009
1584.264038	-50.910000	0.000008
1584.280029	-51.180000	0.000008
1584.296021	-51.349998	0.000007
1584.312012	-51.369999	0.000007
1584.328003	-51.299999	0.000007
1584.343994	-51.279999	0.000007
1584.359985	-51.369999	0.000007
1584.375977	-51.490002	0.000007
1584.391968	-51.669998	0.000007
1584.407959	-51.970001	0.000006
1584.423950	-52.279999	0.000006
1584.439941	-52.570000	0.000006
1584.456055	-52.590000	0.000006
1584.472046	-52.529999	0.000006
1584.488037	-52.500000	0.000006
1584.504028	-52.500000	0.000006
1584.520020	-52.560001	0.000006
1584.536011	-52.750000	0.000005
1584.552002	-53.090000	0.000005
1584.567993	-53.389999	0.000005
1584.583984	-53.619999	0.000004
1584.599976	-53.680000	0.000004
1584.615967	-53.590000	0.000004
1584.631958	-53.509998	0.000004
1584.647949	-53.480000	0.000004
1584.663940	-53.500000	0.000004
1584.680054	-53.580002	0.000004
1584.696045	-53.790001	0.000004
1584.712036	-54.000000	0.000004
1584.728027	-54.160000	0.000004
1584.744019	-54.090000	0.000004
1584.760010	-53.970001	0.000004
1584.776001	-53.849998	0.000004
1584.791992	-53.810001	0.000004
1584.807983	-53.849998	0.000004
1584.823975	-53.959999	0.000004
1584.839966	-54.150002	0.000004
1584.855957	-54.349998	0.000004
1584.871948	-54.590000	0.000003
1584.887939	-54.779999	0.000003
1584.904053	-54.790001	0.000003
1584.920044	-54.700001	0.000003
1584.936035	-54.650002	0.000003
1584.952026	-54.660000	0.000003
1584.968018	-54.730000	0.000003
1584.984009	-54.959999	0.000003
1585.000000	-55.240002	0.000003
1585.015991	-55.549999	0.000003
1585.031982	-55.680000	0.000003
1585.047974	-55.639999	0.000003
1585.063965	-55.580002	0.000003
1585.079956	-55.570000	0.000003
1585.095947	-55.630001	0.000003
1585.112061	-55.779999	0.000003
1585.128052	-56.000000	0.000003
1585.144043	-56.209999	0.000002
1585.160034	-56.549999	0.000002
1585.176025	-56.830002	0.000002
1585.192017	-56.950001	0.000002
1585.208008	-56.910000	0.000002
1585.223999	-56.810001	0.000002
1585.239990	-56.770000	0.000002
1585.255981	-56.790001	0.000002
1585.271973	-56.939999	0.000002
1585.287964	-57.160000	0.000002
1585.303955	-57.439999	0.000002
1585.319946	-57.650002	0.000002
1585.336060	-57.689999	0.000002
1585.352051	-57.599998	0.000002
1585.368042	-57.480000	0.000002
1585.384033	-57.430000	0.000002
1585.400024	-57.360001	0.000002
1585.416016	-57.419998	0.000002
1585.432007	-57.529999	0.000002
1585.447998	-57.709999	0.000002
1585.463989	-57.939999	0.000002
1585.479980	-58.060001	0.000002
1585.495972	-57.959999	0.000002
1585.511963	-57.810001	0.000002
1585.527954	-57.680000	0.000002
1585.543945	-57.689999	0.000002
1585.560059	-57.740002	0.000002
1585.576050	-57.880001	0.000002
1585.592041	-58.060001	0.000002
1585.608032	-58.180000	0.000002
1585.624023	-58.250000	0.000001
1585.640015	-58.250000	0.000001
1585.656006	-58.160000	0.000002
1585.671997	-58.029999	0.000002
1585.687988	-57.980000	0.000002
1585.703979	-58.020000	0.000002
1585.719971	-58.060001	0.000002
1585.735962	-58.200001	0.000002
1585.751953	-58.430000	0.000001
1585.767944	-58.599998	0.000001
1585.784058	-58.650002	0.000001
1585.800049	-58.570000	0.000001
1585.816040	-58.459999	0.000001
1585.832031	-58.400002	0.000001
1585.848022	-58.450001	0.000001
1585.864014	-58.540001	0.000001
1585.880005	-58.700001	0.000001
1585.895996	-58.790001	0.000001
1585.911987	-58.950001	0.000001
1585.927979	-59.009998	0.000001
1585.943970	-59.009998	0.000001
1585.959961	-58.889999	0.000001
1585.975952	-58.799999	0.000001
1585.991943	-58.770000	0.000001
1586.008057	-58.860001	0.000001
1586.024048	-58.889999	0.000001
1586.040039	-59.060001	0.000001
1586.056030	-59.230000	0.000001
1586.072021	-59.290001	0.000001
1586.088013	-59.259998	0.000001
1586.104004	-59.200001	0.000001
1586.119995	-59.099998	0.000001
1586.135986	-59.090000	0.000001
1586.151978	-59.200001	0.000001
1586.167969	-59.240002	0.000001
1586.183960	-59.459999	0.000001
1586.199951	-59.650002	0.000001
1586.215942	-59.770000	0.000001
1586.232056	-59.880001	0.000001
1586.248047	-59.810001	0.000001
1586.264038	-59.779999	0.000001
1586.280029	-59.759998	0.000001
1586.296021	-59.849998	0.000001
1586.312012	-59.930000	0.000001
1586.328003	-60.200001	0.000001
1586.343994	-60.529999	0.000001
1586.359985	-60.810001	0.000001
1586.375977	-61.049999	0.000001
1586.391968	-61.020000	0.000001
1586.407959	-61.169998	0.000001
1586.423950	-61.189999	0.000001
1586.439941	-61.380001	0.000001
1586.456055	-61.740002	0.000001
1586.472046	-62.099998	0.000001
1586.488037	-62.470001	0.000001
1586.504028	-62.830002	0.000001
1586.520020	-63.209999	0.000000
1586.536011	-63.560001	0.000000
1586.552002	-63.759998	0.000000
1586.567993	-63.830002	0.000000
1586.583984	-64.019997	0.000000
1586.599976	-64.339996	0.000000
1586.615967	-64.750000	0.000000
1586.631958	-65.459999	0.000000
1586.647949	-66.199997	0.000000
1586.663940	-66.610001	0.000000
1586.680054	-67.540001	0.000000
1586.696045	-67.720001	0.000000
1586.712036	-67.900002	0.000000
1586.728027	-68.309998	0.000000
1586.744019	-68.930000	0.000000
1586.760010	-69.110001	0.000000
1586.776001	-70.389999	0.000000
1586.791992	-70.820000	0.000000
1586.807983	-71.370003	0.000000
1586.823975	-73.239998	0.000000
1586.839966	-73.260002	0.000000
1586.855957	-74.169998	0.000000
1586.871948	-73.739998	0.000000
1586.887939	-74.010002	0.000000
1586.904053	-73.889999	0.000000
1586.920044	-75.800003	0.000000
1586.936035	-75.029999	0.000000
1586.952026	-76.989998	0.000000
1586.968018	-78.279999	0.000000
1586.984009	-77.809998	0.000000
1587.000000	-79.209999	0.000000
1587.015991	-78.279999	0.000000
1587.031982	-80.000000	0.000000
1587.047974	-80.389999	0.000000
1587.063965	-76.570000	0.000000
1587.079956	-210.000000	0.000000
1587.095947	-86.989998	0.000000
1587.112061	-80.820000	0.000000
1587.128052	-85.900002	0.000000
1587.144043	-77.809998	0.000000
1587.160034	-79.639999	0.000000
1587.176025	-77.660004	0.000000
1587.192017	-95.440002	0.000000
1587.208008	-86.989998	0.000000
1587.223999	-95.440002	0.000000
1587.239990	-79.529999	0.000000
1587.255981	-78.360001	0.000000
1587.271973	-77.959999	0.000000
1587.287964	-84.650002	0.000000
1587.303955	-210.000000	0.000000
1587.319946	-77.809998	0.000000
1587.336060	-80.389999	0.000000
1587.352051	-210.000000	0.000000
1587.368042	-210.000000	0.000000
1587.384033	-95.440002	0.000000
1587.400024	-95.440002	0.000000
1587.416016	-82.650002	0.000000
1587.432007	-210.000000	0.000000
1587.447998	-79.000000	0.000000
1587.463989	-210.000000	0.000000
1587.479980	-78.540001	0.000000
1587.495972	-210.000000	0.000000
1587.511963	-95.440002	0.000000
1587.527954	-210.000000	0.000000
1587.543945	-83.680000	0.000000
1587.560059	-82.430000	0.000000
1587.576050	-86.410004	0.000000
1587.592041	-95.440002	0.000000
1587.608032	-210.000000	0.000000
1587.624023	-78.540001	0.000000
1587.640015	-83.980003	0.000000
1587.656006	-82.220001	0.000000
1587.671997	-210.000000	0.000000
1587.687988	-84.650002	0.000000
1587.703979	-210.000000	0.000000
1587.719971	-80.250000	0.000000
1587.735962	-84.300003	0.000000
1587.751953	-210.000000	0.000000
1587.767944	-82.430000	0.000000
1587.784058	-210.000000	0.000000
1587.800049	-210.000000	0.000000
1587.816040	-210.000000	0.000000
1587.832031	-210.000000	0.000000
1587.848022	-210.000000	0.000000
1587.864014	-89.419998	0.000000
1587.880005	-210.000000	0.000000
1587.895996	-79.639999	0.000000
1587.911987	-210.000000	0.000000
1587.927979	-210.000000	0.000000
1587.943970	-210.000000	0.000000
1587.959961	-84.650002	0.000000
1587.975952	-210.000000	0.000000
1587.991943	-83.129997	0.000000
1588.008057	-90.660004	0.000000
1588.024048	-83.970001	0.000000
1588.040039	-210.000000	0.000000
1588.056030	-81.449997	0.000000
1588.072021	-210.000000	0.000000
1588.088013	-89.410004	0.000000
1588.104004	-86.980003	0.000000
1588.119995	-210.000000	0.000000
1588.135986	-80.110001	0.000000
1588.151978	-83.970001	0.000000
1588.167969	-210.000000	0.000000
1588.183960	-210.000000	0.000000
1588.199951	-210.000000	0.000000
1588.215942	-88.440002	0.000000
1588.232056	-80.519997	0.000000
1588.248047	-210.000000	0.000000
1588.264038	-89.410004	0.000000
1588.280029	-210.000000	0.000000
1588.296021	-81.120003	0.000000
1588.312012	-82.010002	0.000000
1588.328003	-210.000000	0.000000
1588.343994	-90.660004	0.000000
1588.359985	-210.000000	0.000000
1588.375977	-210.000000	0.000000
1588.391968	-210.000000	0.000000
1588.407959	-210.000000	0.000000
1588.423950	-82.639999	0.000000
1588.439941	-210.000000	0.000000
1588.456055	-210.000000	0.000000
1588.472046	-95.430000	0.000000
1588.488037	-79.519997	0.000000
1588.504028	-210.000000	0.000000
1588.520020	-79.089996	0.000000
1588.536011	-85.430000	0.000000
1588.552002	-89.410004	0.000000
1588.567993	-210.000000	0.000000
1588.583984	-210.000000	0.000000
1588.599976	-210.000000	0.000000
1588.615967	-210.000000	0.000000
1588.631958	-80.809998	0.000000
1588.647949	-210.000000	0.000000
1588.663940	-210.000000	0.000000
1588.680054	-210.000000	0.000000
1588.696045	-210.000000	0.000000
1588.712036	-210.000000	0.000000
1588.728027	-82.209999	0.000000
1588.744019	-80.519997	0.000000
1588.760010	-210.000000	0.000000
1588.776001	-82.419998	0.000000
1588.791992	-210.000000	0.000000
1588.807983	-210.000000	0.000000
1588.823975	-210.000000	0.000000
1588.839966	-210.000000	0.000000
1588.855957	-210.000000	0.000000
1588.871948	-210.000000	0.000000
1588.887939	-210.000000	0.000000
1588.904053	-210.000000	0.000000
1588.920044	-210.000000	0.000000
1588.936035	-80.809998	0.000000
1588.952026	-76.860001	0.000000
1588.968018	-210.000000	0.000000
1588.984009	-81.449997	0.000000
1589.000000	-81.120003	0.000000
1589.015991	-210.000000	0.000000
1589.031982	-210.000000	0.000000
1589.047974	-85.889999	0.000000
1589.063965	-210.000000	0.000000
1589.079956	-210.000000	0.000000
1589.095947	-79.870003	0.000000
1589.112061	-210.000000	0.000000
1589.128052	-210.000000	0.000000
1589.144043	-88.440002	0.000000
1589.160034	-77.800003	0.000000
1589.176025	-210.000000	0.000000
1589.192017	-210.000000	0.000000
1589.208008	-210.000000	0.000000
1589.223999	-210.000000	0.000000
1589.239990	-210.000000	0.000000
1589.255981	-210.000000	0.000000
1589.271973	-83.669998	0.000000
1589.287964	-210.000000	0.000000
1589.303955	-79.750000	0.000000
1589.319946	-210.000000	0.000000
1589.336060	-84.639999	0.000000
1589.352051	-210.000000	0.000000
1589.368042	-210.000000	0.000000
1589.384033	-210.000000	0.000000
1589.400024	-83.389999	0.000000
1589.416016	-85.889999	0.000000
1589.432007	-83.389999	0.000000
1589.447998	-210.000000	0.000000
1589.463989	-87.650002	0.000000
1589.479980	-210.000000	0.000000
1589.495972	-210.000000	0.000000
1589.511963	-210.000000	0.000000
1589.527954	-83.669998	0.000000
1589.543945	-210.000000	0.000000
1589.560059	-210.000000	0.000000
1589.576050	-84.290001	0.000000
1589.592041	-210.000000	0.000000
1589.608032	-82.419998	0.000000
1589.624023	-82.010002	0.000000
1589.640015	-79.199997	0.000000
1589.656006	-210.000000	0.000000
1589.671997	-210.000000	0.000000
1589.687988	-210.000000	0.000000
1589.703979	-78.440002	0.000000
1589.719971	-82.639999	0.000000
1589.735962	-83.970001	0.000000
1589.751953	-78.440002	0.000000
1589.767944	-79.519997	0.000000
1589.784058	-85.430000	0.000000
1589.800049	-83.970001	0.000000
1589.816040	-210.000000	0.000000
1589.832031	-83.970001	0.000000
1589.848022	-210.000000	0.000000
1589.864014	-210.000000	0.000000
1589.880005	-210.000000	0.000000
1589.895996	-80.239998	0.000000
1589.911987	-85.889999	0.000000
1589.927979	-87.650002	0.000000
1589.943970	-210.000000	0.000000
1589.959961	-210.000000	0.000000
1589.975952	-79.989998	0.000000
1589.991943	-79.989998	0.000000
1590.008057	-85.430000	0.000000
1590.024048	-210.000000	0.000000
1590.040039	-79.989998	0.000000
1590.056030	-210.000000	0.000000
1590.072021	-210.000000	0.000000
1590.088013	-210.000000	0.000000
1590.104004	-210.000000	0.000000
1590.119995	-79.629997	0.000000
1590.135986	-210.000000	0.000000
1590.151978	-210.000000	0.000000
1590.167969	-83.120003	0.000000
1590.183960	-210.000000	0.000000
1590.199951	-82.209999	0.000000
1590.215942	-210.000000	0.000000
1590.232056	-210.000000	0.000000
1590.248047	-81.279999	0.000000
1590.264038	-90.660004	0.000000
1590.280029	-210.000000	0.000000
1590.296021	-210.000000	0.000000
1590.312012	-210.000000	0.000000
1590.328003	-87.650002	0.000000
1590.343994	-84.639999	0.000000
1590.359985	-210.000000	0.000000
1590.375977	-83.970001	0.000000
1590.391968	-82.010002	0.000000
1590.407959	-83.120003	0.000000
1590.423950	-85.019997	0.000000
1590.439941	-81.809998	0.000000
1590.456055	-210.000000	0.000000
1590.472046	-210.000000	0.000000
1590.488037	-210.000000	0.000000
1590.504028	-210.000000	0.000000
1590.520020	-95.419998	0.000000
1590.536011	-85.419998	0.000000
1590.552002	-82.870003	0.000000
1590.567993	-82.000000	0.000000
1590.583984	-81.620003	0.000000
1590.599976	-82.000000	0.000000
1590.615967	-80.650002	0.000000
1590.631958	-210.000000	0.000000
1590.647949	-80.949997	0.000000
1590.663940	-210.000000	0.000000
1590.680054	-82.870003	0.000000
1590.696045	-82.870003	0.000000
1590.712036	-79.739998	0.000000
1590.728027	-210.000000	0.000000
1590.744019	-210.000000	0.000000
1590.760010	-210.000000	0.000000
1590.776001	-210.000000	0.000000
1590.791992	-210.000000	0.000000
1590.807983	-210.000000	0.000000
1590.823975	-210.000000	0.000000
1590.839966	-210.000000	0.000000
1590.855957	-86.389999	0.000000
1590.871948	-210.000000	0.000000
1590.887939	-84.279999	0.000000
1590.904053	-210.000000	0.000000
1590.920044	-210.000000	0.000000
1590.936035	-84.629997	0.000000
1590.952026	-210.000000	0.000000
1590.968018	-210.000000	0.000000
1590.984009	-210.000000	0.000000
1591.000000	-79.400002	0.000000
