Wavelength (nm)	Transmission (dBm)	Linear Transmission
1575.000000	-80.239998	0.000000
1575.015991	-92.419998	0.000000
1575.031982	-210.000000	0.000000
1575.047974	-210.000000	0.000000
1575.063965	-210.000000	0.000000
1575.079956	-82.639999	0.000000
1575.095947	-83.970001	0.000000
1575.112061	-81.120003	0.000000
1575.128052	-210.000000	0.000000
1575.144043	-80.809998	0.000000
1575.160034	-80.809998	0.000000
1575.176025	-210.000000	0.000000
1575.192017	-85.019997	0.000000
1575.208008	-210.000000	0.000000
1575.223999	-210.000000	0.000000
1575.239990	-210.000000	0.000000
1575.255981	-86.400002	0.000000
1575.271973	-210.000000	0.000000
1575.287964	-210.000000	0.000000
1575.303955	-85.430000	0.000000
1575.319946	-80.110001	0.000000
1575.336060	-210.000000	0.000000
1575.352051	-85.889999	0.000000
1575.368042	-92.419998	0.000000
1575.384033	-210.000000	0.000000
1575.400024	-79.870003	0.000000
1575.416016	-210.000000	0.000000
1575.432007	-210.000000	0.000000
1575.447998	-85.889999	0.000000
1575.463989	-210.000000	0.000000
1575.479980	-210.000000	0.000000
1575.495972	-210.000000	0.000000
1575.511963	-85.440002	0.000000
1575.527954	-210.000000	0.000000
1575.543945	-83.980003	0.000000
1575.560059	-82.650002	0.000000
1575.576050	-210.000000	0.000000
1575.592041	-90.669998	0.000000
1575.608032	-210.000000	0.000000
1575.624023	-210.000000	0.000000
1575.640015	-210.000000	0.000000
1575.656006	-210.000000	0.000000
1575.671997	-210.000000	0.000000
1575.687988	-210.000000	0.000000
1575.703979	-210.000000	0.000000
1575.719971	-95.440002	0.000000
1575.735962	-81.459999	0.000000
1575.751953	-210.000000	0.000000
1575.767944	-89.419998	0.000000
1575.784058	-210.000000	0.000000
1575.800049	-85.440002	0.000000
1575.816040	-87.660004	0.000000
1575.832031	-210.000000	0.000000
1575.848022	-90.669998	0.000000
1575.864014	-210.000000	0.000000
1575.880005	-95.440002	0.000000
1575.895996	-210.000000	0.000000
1575.911987	-210.000000	0.000000
1575.927979	-85.029999	0.000000
1575.943970	-80.389999	0.000000
1575.959961	-90.669998	0.000000
1575.975952	-210.000000	0.000000
1575.991943	-210.000000	0.000000
1576.008057	-210.000000	0.000000
1576.024048	-210.000000	0.000000
1576.040039	-210.000000	0.000000
1576.056030	-86.989998	0.000000
1576.072021	-88.449997	0.000000
1576.088013	-84.650002	0.000000
1576.104004	-210.000000	0.000000
1576.119995	-82.889999	0.000000
1576.135986	-210.000000	0.000000
1576.151978	-210.000000	0.000000
1576.167969	-210.000000	0.000000
1576.183960	-210.000000	0.000000
1576.199951	-82.430000	0.000000
1576.215942	-82.019997	0.000000
1576.232056	-210.000000	0.000000
1576.248047	-210.000000	0.000000
1576.264038	-90.669998	0.000000
1576.280029	-87.660004	0.000000
1576.296021	-86.989998	0.000000
1576.312012	-210.000000	0.000000
1576.328003	-83.400002	0.000000
1576.343994	-210.000000	0.000000
1576.359985	-210.000000	0.000000
1576.375977	-210.000000	0.000000
1576.391968	-210.000000	0.000000
1576.407959	-210.000000	0.000000
1576.423950	-88.449997	0.000000
1576.439941	-210.000000	0.000000
1576.456055	-210.000000	0.000000
1576.472046	-81.290001	0.000000
1576.488037	-80.120003	0.000000
1576.504028	-84.650002	0.000000
1576.520020	-210.000000	0.000000
1576.536011	-95.440002	0.000000
1576.552002	-210.000000	0.000000
1576.567993	-210.000000	0.000000
1576.583984	-95.440002	0.000000
1576.599976	-79.760002	0.000000
1576.615967	-82.019997	0.000000
1576.631958	-210.000000	0.000000
1576.647949	-81.820000	0.000000
1576.663940	-84.650002	0.000000
1576.680054	-210.000000	0.000000
1576.696045	-80.970001	0.000000
1576.712036	-210.000000	0.000000
1576.728027	-85.440002	0.000000
1576.744019	-92.430000	0.000000
1576.760010	-83.129997	0.000000
1576.776001	-83.980003	0.000000
1576.791992	-210.000000	0.000000
1576.807983	-210.000000	0.000000
1576.823975	-210.000000	0.000000
1576.839966	-86.410004	0.000000
1576.855957	-210.000000	0.000000
1576.871948	-85.900002	0.000000
1576.887939	-77.239998	0.000000
1576.904053	-92.430000	0.000000
1576.920044	-79.639999	0.000000
1576.936035	-210.000000	0.000000
1576.952026	-210.000000	0.000000
1576.968018	-210.000000	0.000000
1576.984009	-210.000000	0.000000
1577.000000	-85.029999	0.000000
1577.015991	-210.000000	0.000000
1577.031982	-210.000000	0.000000
1577.047974	-210.000000	0.000000
1577.063965	-210.000000	0.000000
1577.079956	-84.650002	0.000000
1577.095947	-210.000000	0.000000
1577.112061	-210.000000	0.000000
1577.128052	-85.900002	0.000000
1577.144043	-210.000000	0.000000
1577.160034	-90.669998	0.000000
1577.176025	-89.419998	0.000000
1577.192017	-80.000000	0.000000
1577.208008	-83.400002	0.000000
1577.223999	-210.000000	0.000000
1577.239990	-210.000000	0.000000
1577.255981	-210.000000	0.000000
1577.271973	-79.309998	0.000000
1577.287964	-86.989998	0.000000
1577.303955	-210.000000	0.000000
1577.319946	-210.000000	0.000000
1577.336060	-210.000000	0.000000
1577.352051	-78.910004	0.000000
1577.368042	-210.000000	0.000000
1577.384033	-210.000000	0.000000
1577.400024	-90.669998	0.000000
1577.416016	-92.430000	0.000000
1577.432007	-210.000000	0.000000
1577.447998	-210.000000	0.000000
1577.463989	-81.639999	0.000000
1577.479980	-82.889999	0.000000
1577.495972	-82.430000	0.000000
1577.511963	-210.000000	0.000000
1577.527954	-210.000000	0.000000
1577.543945	-79.000000	0.000000
1577.560059	-90.669998	0.000000
1577.576050	-210.000000	0.000000
1577.592041	-210.000000	0.000000
1577.608032	-210.000000	0.000000
1577.624023	-210.000000	0.000000
1577.640015	-210.000000	0.000000
1577.656006	-210.000000	0.000000
1577.671997	-210.000000	0.000000
1577.687988	-82.220001	0.000000
1577.703979	-84.300003	0.000000
1577.719971	-210.000000	0.000000
1577.735962	-210.000000	0.000000
1577.751953	-210.000000	0.000000
1577.767944	-210.000000	0.000000
1577.784058	-210.000000	0.000000
1577.800049	-210.000000	0.000000
1577.816040	-210.000000	0.000000
1577.832031	-88.449997	0.000000
1577.848022	-84.300003	0.000000
1577.864014	-210.000000	0.000000
1577.880005	-210.000000	0.000000
1577.895996	-87.660004	0.000000
1577.911987	-210.000000	0.000000
1577.927979	-88.449997	0.000000
1577.943970	-79.639999	0.000000
1577.959961	-210.000000	0.000000
1577.975952	-210.000000	0.000000
1577.991943	-210.000000	0.000000
1578.008057	-210.000000	0.000000
1578.024048	-95.449997	0.000000
1578.040039	-85.040001	0.000000
1578.056030	-210.000000	0.000000
1578.072021	-83.690002	0.000000
1578.088013	-85.040001	0.000000
1578.104004	-81.300003	0.000000
1578.119995	-95.449997	0.000000
1578.135986	-85.040001	0.000000
1578.151978	-210.000000	0.000000
1578.167969	-210.000000	0.000000
1578.183960	-210.000000	0.000000
1578.199951	-210.000000	0.000000
1578.215942	-79.769997	0.000000
1578.232056	-83.690002	0.000000
1578.248047	-210.000000	0.000000
1578.264038	-210.000000	0.000000
1578.280029	-210.000000	0.000000
1578.296021	-83.989998	0.000000
1578.312012	-210.000000	0.000000
1578.328003	-210.000000	0.000000
1578.343994	-210.000000	0.000000
1578.359985	-85.910004	0.000000
1578.375977	-210.000000	0.000000
1578.391968	-210.000000	0.000000
1578.407959	-82.230003	0.000000
1578.423950	-210.000000	0.000000
1578.439941	-210.000000	0.000000
1578.456055	-210.000000	0.000000
1578.472046	-84.309998	0.000000
1578.488037	-210.000000	0.000000
1578.504028	-92.440002	0.000000
1578.520020	-210.000000	0.000000
1578.536011	-210.000000	0.000000
1578.552002	-210.000000	0.000000
1578.567993	-83.690002	0.000000
1578.583984	-210.000000	0.000000
1578.599976	-82.900002	0.000000
1578.615967	-210.000000	0.000000
1578.631958	-87.669998	0.000000
1578.647949	-210.000000	0.000000
1578.663940	-210.000000	0.000000
1578.680054	-81.470001	0.000000
1578.696045	-85.910004	0.000000
1578.712036	-210.000000	0.000000
1578.728027	-92.440002	0.000000
1578.744019	-80.540001	0.000000
1578.760010	-88.459999	0.000000
1578.776001	-210.000000	0.000000
1578.791992	-82.660004	0.000000
1578.807983	-81.650002	0.000000
1578.823975	-210.000000	0.000000
1578.839966	-210.000000	0.000000
1578.855957	-210.000000	0.000000
1578.871948	-80.129997	0.000000
1578.887939	-210.000000	0.000000
1578.904053	-86.419998	0.000000
1578.920044	-79.220001	0.000000
1578.936035	-210.000000	0.000000
1578.952026	-210.000000	0.000000
1578.968018	-210.000000	0.000000
1578.984009	-210.000000	0.000000
1579.000000	-210.000000	0.000000
1579.015991	-85.040001	0.000000
1579.031982	-210.000000	0.000000
1579.047974	-210.000000	0.000000
1579.063965	-210.000000	0.000000
1579.079956	-210.000000	0.000000
1579.095947	-210.000000	0.000000
1579.112061	-210.000000	0.000000
1579.128052	-89.430000	0.000000
1579.144043	-89.430000	0.000000
1579.160034	-210.000000	0.000000
1579.176025	-82.230003	0.000000
1579.192017	-83.989998	0.000000
1579.208008	-210.000000	0.000000
1579.223999	-87.669998	0.000000
1579.239990	-85.040001	0.000000
1579.255981	-83.989998	0.000000
1579.271973	-89.430000	0.000000
1579.287964	-210.000000	0.000000
1579.303955	-210.000000	0.000000
1579.319946	-210.000000	0.000000
1579.336060	-210.000000	0.000000
1579.352051	-83.690002	0.000000
1579.368042	-85.910004	0.000000
1579.384033	-90.680000	0.000000
1579.400024	-88.459999	0.000000
1579.416016	-210.000000	0.000000
1579.432007	-90.680000	0.000000
1579.447998	-210.000000	0.000000
1579.463989	-210.000000	0.000000
1579.479980	-210.000000	0.000000
1579.495972	-210.000000	0.000000
1579.511963	-210.000000	0.000000
1579.527954	-82.230003	0.000000
1579.543945	-210.000000	0.000000
1579.560059	-210.000000	0.000000
1579.576050	-210.000000	0.000000
1579.592041	-210.000000	0.000000
1579.608032	-210.000000	0.000000
1579.624023	-210.000000	0.000000
1579.640015	-210.000000	0.000000
1579.656006	-85.040001	0.000000
1579.671997	-210.000000	0.000000
1579.687988	-210.000000	0.000000
1579.703979	-210.000000	0.000000
1579.719971	-210.000000	0.000000
1579.735962	-210.000000	0.000000
1579.751953	-84.309998	0.000000
1579.767944	-210.000000	0.000000
1579.784058	-210.000000	0.000000
1579.800049	-89.430000	0.000000
1579.816040	-92.440002	0.000000
1579.832031	-210.000000	0.000000
1579.848022	-210.000000	0.000000
1579.864014	-210.000000	0.000000
1579.880005	-82.440002	0.000000
1579.895996	-210.000000	0.000000
1579.911987	-210.000000	0.000000
1579.927979	-79.220001	0.000000
1579.943970	-80.260002	0.000000
1579.959961	-79.110001	0.000000
1579.975952	-75.959999	0.000000
1579.991943	-78.639999	0.000000
1580.008057	-74.959999	0.000000
1580.024048	-73.169998	0.000000
1580.040039	-71.089996	0.000000
1580.056030	-70.660004	0.000000
1580.072021	-69.440002	0.000000
1580.088013	-69.209999	0.000000
1580.104004	-68.779999	0.000000
1580.119995	-68.739998	0.000000
1580.135986	-68.639999	0.000000
1580.151978	-68.430000	0.000000
1580.167969	-67.980003	0.000000
1580.183960	-67.070000	0.000000
1580.199951	-66.820000	0.000000
1580.215942	-65.940002	0.000000
1580.232056	-65.440002	0.000000
1580.248047	-65.080002	0.000000
1580.264038	-64.949997	0.000000
1580.280029	-64.580002	0.000000
1580.296021	-64.550003	0.000000
1580.312012	-64.379997	0.000000
1580.328003	-64.449997	0.000000
1580.343994	-64.209999	0.000000
1580.359985	-64.070000	0.000000
1580.375977	-63.639999	0.000000
1580.391968	-63.139999	0.000000
1580.407959	-62.860001	0.000001
1580.423950	-62.590000	0.000001
1580.439941	-62.529999	0.000001
1580.456055	-62.320000	0.000001
1580.472046	-62.080002	0.000001
1580.488037	-62.150002	0.000001
1580.504028	-62.180000	0.000001
1580.520020	-62.200001	0.000001
1580.536011	-62.090000	0.000001
1580.552002	-62.130001	0.000001
1580.567993	-61.799999	0.000001
1580.583984	-61.509998	0.000001
1580.599976	-61.180000	0.000001
1580.615967	-61.099998	0.000001
1580.631958	-61.029999	0.000001
1580.647949	-61.119999	0.000001
1580.663940	-61.040001	0.000001
1580.680054	-61.230000	0.000001
1580.696045	-61.180000	0.000001
1580.712036	-61.029999	0.000001
1580.728027	-60.790001	0.000001
1580.744019	-60.570000	0.000001
1580.760010	-60.330002	0.000001
1580.776001	-60.270000	0.000001
1580.791992	-60.310001	0.000001
1580.807983	-60.310001	0.000001
1580.823975	-60.529999	0.000001
1580.839966	-60.599998	0.000001
1580.855957	-60.459999	0.000001
1580.871948	-60.130001	0.000001
1580.887939	-59.860001	0.000001
1580.904053	-59.730000	0.000001
1580.920044	-59.599998	0.000001
1580.936035	-59.599998	0.000001
1580.952026	-59.630001	0.000001
1580.968018	-59.680000	0.000001
1580.984009	-59.779999	0.000001
1581.000000	-59.779999	0.000001
1581.015991	-59.599998	0.000001
1581.031982	-59.419998	0.000001
1581.047974	-59.130001	0.000001
1581.063965	-58.900002	0.000001
1581.079956	-58.880001	0.000001
1581.095947	-58.959999	0.000001
1581.112061	-59.060001	0.000001
1581.128052	-59.160000	0.000001
1581.144043	-59.139999	0.000001
1581.160034	-59.040001	0.000001
1581.176025	-58.810001	0.000001
1581.192017	-58.650002	0.000001
1581.208008	-58.580002	0.000001
1581.223999	-58.570000	0.000001
1581.239990	-58.570000	0.000001
1581.255981	-58.660000	0.000001
1581.271973	-58.750000	0.000001
1581.287964	-58.860001	0.000001
1581.303955	-58.810001	0.000001
1581.319946	-58.680000	0.000001
1581.336060	-58.450001	0.000001
1581.352051	-58.299999	0.000001
1581.368042	-58.189999	0.000002
1581.384033	-58.349998	0.000001
1581.400024	-58.400002	0.000001
1581.416016	-58.400002	0.000001
1581.432007	-58.500000	0.000001
1581.447998	-58.419998	0.000001
1581.463989	-58.279999	0.000001
1581.479980	-58.009998	0.000002
1581.495972	-57.869999	0.000002
1581.511963	-57.750000	0.000002
1581.527954	-57.669998	0.000002
1581.543945	-57.650002	0.000002
1581.560059	-57.650002	0.000002
1581.576050	-57.610001	0.000002
1581.592041	-57.520000	0.000002
1581.608032	-57.279999	0.000002
1581.624023	-56.910000	0.000002
1581.640015	-56.549999	0.000002
1581.656006	-56.330002	0.000002
1581.671997	-56.200001	0.000002
1581.687988	-56.139999	0.000002
1581.703979	-56.060001	0.000002
1581.719971	-55.900002	0.000003
1581.735962	-55.700001	0.000003
1581.751953	-55.419998	0.000003
1581.767944	-54.970001	0.000003
1581.784058	-54.650002	0.000003
1581.800049	-54.450001	0.000004
1581.816040	-54.240002	0.000004
1581.832031	-54.099998	0.000004
1581.848022	-54.040001	0.000004
1581.864014	-53.910000	0.000004
1581.880005	-53.740002	0.000004
1581.895996	-53.549999	0.000004
1581.911987	-53.169998	0.000005
1581.927979	-52.720001	0.000005
1581.943970	-52.439999	0.000006
1581.959961	-52.240002	0.000006
1581.975952	-52.110001	0.000006
1581.991943	-52.009998	0.000006
1582.008057	-51.910000	0.000006
1582.024048	-51.770000	0.000007
1582.040039	-51.549999	0.000007
1582.056030	-51.160000	0.000008
1582.072021	-50.820000	0.000008
1582.088013	-50.540001	0.000009
1582.104004	-50.299999	0.000009
1582.119995	-50.139999	0.000010
1582.135986	-50.040001	0.000010
1582.151978	-49.919998	0.000010
1582.167969	-49.860001	0.000010
1582.183960	-49.759998	0.000011
1582.199951	-49.549999	0.000011
1582.215942	-49.259998	0.000012
1582.232056	-49.020000	0.000013
1582.248047	-48.830002	0.000013
1582.264038	-48.720001	0.000013
1582.280029	-48.709999	0.000013
1582.296021	-48.700001	0.000013
1582.312012	-48.700001	0.000013
1582.328003	-48.680000	0.000014
1582.343994	-48.590000	0.000014
1582.359985	-48.430000	0.000014
1582.375977	-48.310001	0.000015
1582.391968	-48.160000	0.000015
1582.407959	-48.060001	0.000016
1582.423950	-48.000000	0.000016
1582.439941	-48.000000	0.000016
1582.456055	-48.040001	0.000016
1582.472046	-48.110001	0.000015
1582.488037	-48.169998	0.000015
1582.504028	-48.110001	0.000015
1582.520020	-47.939999	0.000016
1582.536011	-47.750000	0.000017
1582.552002	-47.650002	0.000017
1582.567993	-47.630001	0.000017
1582.583984	-47.650002	0.000017
1582.599976	-47.730000	0.000017
1582.615967	-47.810001	0.000017
1582.631958	-47.880001	0.000016
1582.647949	-47.849998	0.000016
1582.663940	-47.740002	0.000017
1582.680054	-47.610001	0.000017
1582.696045	-47.480000	0.000018
1582.712036	-47.419998	0.000018
1582.728027	-47.400002	0.000018
1582.744019	-47.459999	0.000018
1582.760010	-47.560001	0.000018
1582.776001	-47.630001	0.000017
1582.791992	-47.610001	0.000017
1582.807983	-47.450001	0.000018
1582.823975	-47.279999	0.000019
1582.839966	-47.139999	0.000019
1582.855957	-47.070000	0.000020
1582.871948	-47.049999	0.000020
1582.887939	-47.049999	0.000020
1582.904053	-47.080002	0.000020
1582.920044	-47.139999	0.000019
1582.936035	-47.160000	0.000019
1582.952026	-47.119999	0.000019
1582.968018	-46.990002	0.000020
1582.984009	-46.779999	0.000021
1583.000000	-46.619999	0.000022
1583.015991	-46.549999	0.000022
1583.031982	-46.540001	0.000022
1583.047974	-46.599998	0.000022
1583.063965	-46.680000	0.000021
1583.079956	-46.759998	0.000021
1583.095947	-46.720001	0.000021
1583.112061	-46.590000	0.000022
1583.128052	-46.470001	0.000023
1583.144043	-46.400002	0.000023
1583.160034	-46.380001	0.000023
1583.176025	-46.400002	0.000023
1583.192017	-46.470001	0.000023
1583.208008	-46.580002	0.000022
1583.223999	-46.730000	0.000021
1583.239990	-46.810001	0.000021
1583.255981	-46.820000	0.000021
1583.271973	-46.730000	0.000021
1583.287964	-46.610001	0.000022
1583.303955	-46.570000	0.000022
1583.319946	-46.619999	0.000022
1583.336060	-46.720001	0.000021
1583.352051	-46.869999	0.000021
1583.368042	-47.080002	0.000020
1583.384033	-47.259998	0.000019
1583.400024	-47.320000	0.000019
1583.416016	-47.290001	0.000019
1583.432007	-47.209999	0.000019
1583.447998	-47.160000	0.000019
1583.463989	-47.160000	0.000019
1583.479980	-47.230000	0.000019
1583.495972	-47.349998	0.000018
1583.511963	-47.549999	0.000018
1583.527954	-47.730000	0.000017
1583.543945	-47.849998	0.000016
1583.560059	-47.810001	0.000017
1583.576050	-47.660000	0.000017
1583.592041	-47.560001	0.000018
1583.608032	-47.549999	0.000018
1583.624023	-47.599998	0.000017
1583.640015	-47.689999	0.000017
1583.656006	-47.840000	0.000016
1583.671997	-48.000000	0.000016
1583.687988	-48.080002	0.000016
1583.703979	-48.040001	0.000016
1583.719971	-47.930000	0.000016
1583.735962	-47.820000	0.000017
1583.751953	-47.720001	0.000017
1583.767944	-47.709999	0.000017
1583.784058	-47.770000	0.000017
1583.800049	-47.889999	0.000016
1583.816040	-48.020000	0.000016
1583.832031	-48.180000	0.000015
1583.848022	-48.230000	0.000015
1583.864014	-48.099998	0.000015
1583.880005	-47.900002	0.000016
1583.895996	-47.799999	0.000017
1583.911987	-47.779999	0.000017
1583.927979	-47.820000	0.000017
1583.943970	-47.910000	0.000016
1583.959961	-48.040001	0.000016
1583.975952	-48.209999	0.000015
1583.991943	-48.290001	0.000015
1584.008057	-48.270000	0.000015
1584.024048	-48.099998	0.000015
1584.040039	-47.950001	0.000016
1584.056030	-47.889999	0.000016
1584.072021	-47.939999	0.000016
1584.088013	-48.060001	0.000016
1584.104004	-48.209999	0.000015
1584.119995	-48.419998	0.000014
1584.135986	-48.549999	0.000014
1584.151978	-48.509998	0.000014
1584.167969	-48.389999	0.000014
1584.183960	-48.320000	0.000015
1584.199951	-48.310001	0.000015
1584.215942	-48.349998	0.000015
1584.232056	-48.430000	0.000014
1584.248047	-48.599998	0.000014
1584.264038	-48.860001	0.000013
1584.280029	-49.080002	0.000012
1584.296021	-49.230000	0.000012
1584.312012	-49.240002	0.000012
1584.328003	-49.160000	0.000012
1584.343994	-49.099998	0.000012
1584.359985	-49.130001	0.000012
1584.375977	-49.220001	0.000012
1584.391968	-49.369999	0.000012
1584.407959	-49.630001	0.000011
1584.423950	-49.900002	0.000010
1584.439941	-50.150002	0.000010
1584.456055	-50.169998	0.000010
1584.472046	-50.110001	0.000010
1584.488037	-50.070000	0.000010
1584.504028	-50.070000	0.000010
1584.520020	-50.119999	0.000010
1584.536011	-50.279999	0.000009
1584.552002	-50.549999	0.000009
1584.567993	-50.830002	0.000008
1584.583984	-51.090000	0.000008
1584.599976	-51.180000	0.000008
1584.615967	-51.099998	0.000008
1584.631958	-51.000000	0.000008
1584.647949	-50.990002	0.000008
1584.663940	-51.060001	0.000008
1584.680054	-51.180000	0.000008
1584.696045	-51.380001	0.000007
1584.712036	-51.580002	0.000007
1584.728027	-51.799999	0.000007
1584.744019	-51.900002	0.000006
1584.760010	-51.869999	0.000007
1584.776001	-51.820000	0.000007
1584.791992	-51.779999	0.000007
1584.807983	-51.770000	0.000007
1584.823975	-51.860001	0.000007
1584.839966	-52.070000	0.000006
1584.855957	-52.320000	0.000006
1584.871948	-52.630001	0.000005
1584.887939	-52.930000	0.000005
1584.904053	-53.000000	0.000005
1584.920044	-52.959999	0.000005
1584.936035	-52.950001	0.000005
1584.952026	-53.000000	0.000005
1584.968018	-53.090000	0.000005
1584.984009	-53.279999	0.000005
1585.000000	-53.580002	0.000004
1585.015991	-54.000000	0.000004
1585.031982	-54.320000	0.000004
1585.047974	-54.389999	0.000004
1585.063965	-54.380001	0.000004
1585.079956	-54.369999	0.000004
1585.095947	-54.459999	0.000004
1585.112061	-54.599998	0.000003
1585.128052	-54.840000	0.000003
1585.144043	-55.090000	0.000003
1585.160034	-55.419998	0.000003
1585.176025	-55.830002	0.000003
1585.192017	-56.090000	0.000002
1585.208008	-56.209999	0.000002
1585.223999	-56.189999	0.000002
1585.239990	-56.160000	0.000002
1585.255981	-56.189999	0.000002
1585.271973	-56.310001	0.000002
1585.287964	-56.520000	0.000002
1585.303955	-56.889999	0.000002
1585.319946	-57.200001	0.000002
1585.336060	-57.360001	0.000002
1585.352051	-57.369999	0.000002
1585.368042	-57.279999	0.000002
1585.384033	-57.259998	0.000002
1585.400024	-57.189999	0.000002
1585.416016	-57.250000	0.000002
1585.432007	-57.369999	0.000002
1585.447998	-57.490002	0.000002
1585.463989	-57.730000	0.000002
1585.479980	-57.869999	0.000002
1585.495972	-57.900002	0.000002
1585.511963	-57.790001	0.000002
1585.527954	-57.660000	0.000002
1585.543945	-57.599998	0.000002
1585.560059	-57.590000	0.000002
1585.576050	-57.709999	0.000002
1585.592041	-57.840000	0.000002
1585.608032	-58.029999	0.000002
1585.624023	-58.090000	0.000002
1585.640015	-58.090000	0.000002
1585.656006	-58.020000	0.000002
1585.671997	-57.900002	0.000002
1585.687988	-57.810001	0.000002
1585.703979	-57.799999	0.000002
1585.719971	-57.820000	0.000002
1585.735962	-57.869999	0.000002
1585.751953	-58.080002	0.000002
1585.767944	-58.270000	0.000001
1585.784058	-58.360001	0.000001
1585.800049	-58.360001	0.000001
1585.816040	-58.259998	0.000001
1585.832031	-58.160000	0.000002
1585.848022	-58.150002	0.000002
1585.864014	-58.250000	0.000001
1585.880005	-58.360001	0.000001
1585.895996	-58.480000	0.000001
1585.911987	-58.630001	0.000001
1585.927979	-58.689999	0.000001
1585.943970	-58.700001	0.000001
1585.959961	-58.689999	0.000001
1585.975952	-58.630001	0.000001
1585.991943	-58.610001	0.000001
1586.008057	-58.630001	0.000001
1586.024048	-58.669998	0.000001
1586.040039	-58.810001	0.000001
1586.056030	-59.020000	0.000001
1586.072021	-59.150002	0.000001
1586.088013	-59.209999	0.000001
1586.104004	-59.200001	0.000001
1586.119995	-59.160000	0.000001
1586.135986	-59.110001	0.000001
1586.151978	-59.220001	0.000001
1586.167969	-59.320000	0.000001
1586.183960	-59.490002	0.000001
1586.199951	-59.630001	0.000001
1586.215942	-59.810001	0.000001
1586.232056	-59.939999	0.000001
1586.248047	-60.020000	0.000001
1586.264038	-60.169998	0.000001
1586.280029	-60.169998	0.000001
1586.296021	-60.169998	0.000001
1586.312012	-60.259998	0.000001
1586.328003	-60.480000	0.000001
1586.343994	-60.869999	0.000001
1586.359985	-61.160000	0.000001
1586.375977	-61.470001	0.000001
1586.391968	-61.619999	0.000001
1586.407959	-61.619999	0.000001
1586.423950	-61.779999	0.000001
1586.439941	-62.009998	0.000001
1586.456055	-62.240002	0.000001
1586.472046	-62.570000	0.000001
1586.488037	-62.919998	0.000001
1586.504028	-63.279999	0.000000
1586.520020	-63.610001	0.000000
1586.536011	-64.110001	0.000000
1586.552002	-64.220001	0.000000
1586.567993	-64.389999	0.000000
1586.583984	-64.650002	0.000000
1586.599976	-64.769997	0.000000
1586.615967	-65.160004	0.000000
1586.631958	-65.809998	0.000000
1586.647949	-66.410004	0.000000
1586.663940	-67.080002	0.000000
1586.680054	-67.449997	0.000000
1586.696045	-67.570000	0.000000
1586.712036	-67.919998	0.000000
1586.728027	-68.120003	0.000000
1586.744019	-68.620003	0.000000
1586.760010	-69.389999	0.000000
1586.776001	-69.849998	0.000000
1586.791992	-70.199997	0.000000
1586.807983	-71.269997	0.000000
1586.823975	-71.860001	0.000000
1586.839966	-72.389999	0.000000
1586.855957	-73.589996	0.000000
1586.871948	-72.449997	0.000000
1586.887939	-73.709999	0.000000
1586.904053	-74.830002	0.000000
1586.920044	-75.400002	0.000000
1586.936035	-81.290001	0.000000
1586.952026	-82.650002	0.000000
1586.968018	-210.000000	0.000000
1586.984009	-88.449997	0.000000
1587.000000	-85.440002	0.000000
1587.015991	-210.000000	0.000000
1587.031982	-86.989998	0.000000
1587.047974	-82.650002	0.000000
1587.063965	-210.000000	0.000000
1587.079956	-210.000000	0.000000
1587.095947	-210.000000	0.000000
1587.112061	-210.000000	0.000000
1587.128052	-210.000000	0.000000
1587.144043	-210.000000	0.000000
1587.160034	-85.440002	0.000000
1587.176025	-210.000000	0.000000
1587.192017	-210.000000	0.000000
1587.208008	-210.000000	0.000000
1587.223999	-210.000000	0.000000
1587.239990	-210.000000	0.000000
1587.255981	-210.000000	0.000000
1587.271973	-80.970001	0.000000
1587.287964	-210.000000	0.000000
1587.303955	-210.000000	0.000000
1587.319946	-210.000000	0.000000
1587.336060	-210.000000	0.000000
1587.352051	-210.000000	0.000000
1587.368042	-210.000000	0.000000
1587.384033	-210.000000	0.000000
1587.400024	-83.680000	0.000000
1587.416016	-210.000000	0.000000
1587.432007	-210.000000	0.000000
1587.447998	-86.989998	0.000000
1587.463989	-210.000000	0.000000
1587.479980	-210.000000	0.000000
1587.495972	-210.000000	0.000000
1587.511963	-87.660004	0.000000
1587.527954	-210.000000	0.000000
1587.543945	-89.419998	0.000000
1587.560059	-210.000000	0.000000
1587.576050	-210.000000	0.000000
1587.592041	-210.000000	0.000000
1587.608032	-210.000000	0.000000
1587.624023	-210.000000	0.000000
1587.640015	-210.000000	0.000000
1587.656006	-90.669998	0.000000
1587.671997	-79.529999	0.000000
1587.687988	-78.720001	0.000000
1587.703979	-210.000000	0.000000
1587.719971	-210.000000	0.000000
1587.735962	-210.000000	0.000000
1587.751953	-210.000000	0.000000
1587.767944	-210.000000	0.000000
1587.784058	-210.000000	0.000000
1587.800049	-210.000000	0.000000
1587.816040	-79.760002	0.000000
1587.832031	-84.300003	0.000000
1587.848022	-210.000000	0.000000
1587.864014	-81.290001	0.000000
1587.880005	-82.650002	0.000000
1587.895996	-85.440002	0.000000
1587.911987	-210.000000	0.000000
1587.927979	-80.529999	0.000000
1587.943970	-79.760002	0.000000
1587.959961	-87.660004	0.000000
1587.975952	-210.000000	0.000000
1587.991943	-210.000000	0.000000
1588.008057	-84.290001	0.000000
1588.024048	-83.669998	0.000000
1588.040039	-88.440002	0.000000
1588.056030	-78.529999	0.000000
1588.072021	-82.419998	0.000000
1588.088013	-210.000000	0.000000
1588.104004	-210.000000	0.000000
1588.119995	-210.000000	0.000000
1588.135986	-210.000000	0.000000
1588.151978	-83.389999	0.000000
1588.167969	-210.000000	0.000000
1588.183960	-210.000000	0.000000
1588.199951	-210.000000	0.000000
1588.215942	-82.010002	0.000000
1588.232056	-85.019997	0.000000
1588.248047	-210.000000	0.000000
1588.264038	-79.989998	0.000000
1588.280029	-95.430000	0.000000
1588.296021	-88.440002	0.000000
1588.312012	-80.239998	0.000000
1588.328003	-210.000000	0.000000
1588.343994	-80.959999	0.000000
1588.359985	-210.000000	0.000000
1588.375977	-210.000000	0.000000
1588.391968	-210.000000	0.000000
1588.407959	-85.019997	0.000000
1588.423950	-210.000000	0.000000
1588.439941	-210.000000	0.000000
1588.456055	-210.000000	0.000000
1588.472046	-210.000000	0.000000
1588.488037	-85.889999	0.000000
1588.504028	-77.949997	0.000000
1588.520020	-84.639999	0.000000
1588.536011	-210.000000	0.000000
1588.552002	-210.000000	0.000000
1588.567993	-210.000000	0.000000
1588.583984	-210.000000	0.000000
1588.599976	-210.000000	0.000000
1588.615967	-210.000000	0.000000
1588.631958	-210.000000	0.000000
1588.647949	-210.000000	0.000000
1588.663940	-210.000000	0.000000
1588.680054	-79.870003	0.000000
1588.696045	-89.410004	0.000000
1588.712036	-83.669998	0.000000
1588.728027	-81.449997	0.000000
1588.744019	-210.000000	0.000000
1588.760010	-210.000000	0.000000
1588.776001	-88.440002	0.000000
1588.791992	-210.000000	0.000000
1588.807983	-210.000000	0.000000
1588.823975	-210.000000	0.000000
1588.839966	-90.660004	0.000000
1588.855957	-210.000000	0.000000
1588.871948	-210.000000	0.000000
1588.887939	-81.279999	0.000000
1588.904053	-210.000000	0.000000
1588.920044	-210.000000	0.000000
1588.936035	-210.000000	0.000000
1588.952026	-210.000000	0.000000
1588.968018	-210.000000	0.000000
1588.984009	-210.000000	0.000000
1589.000000	-210.000000	0.000000
1589.015991	-210.000000	0.000000
1589.031982	-210.000000	0.000000
1589.047974	-210.000000	0.000000
1589.063965	-210.000000	0.000000
1589.079956	-210.000000	0.000000
1589.095947	-82.879997	0.000000
1589.112061	-83.120003	0.000000
1589.128052	-85.430000	0.000000
1589.144043	-210.000000	0.000000
1589.160034	-210.000000	0.000000
1589.176025	-210.000000	0.000000
1589.192017	-85.889999	0.000000
1589.208008	-210.000000	0.000000
1589.223999	-210.000000	0.000000
1589.239990	-210.000000	0.000000
1589.255981	-210.000000	0.000000
1589.271973	-210.000000	0.000000
1589.287964	-210.000000	0.000000
1589.303955	-79.870003	0.000000
1589.319946	-210.000000	0.000000
1589.336060	-79.410004	0.000000
1589.352051	-80.959999	0.000000
1589.368042	-210.000000	0.000000
1589.384033	-210.000000	0.000000
1589.400024	-80.110001	0.000000
1589.416016	-210.000000	0.000000
1589.432007	-82.209999	0.000000
1589.447998	-210.000000	0.000000
1589.463989	-80.809998	0.000000
1589.479980	-210.000000	0.000000
1589.495972	-210.000000	0.000000
1589.511963	-210.000000	0.000000
1589.527954	-86.400002	0.000000
1589.543945	-210.000000	0.000000
1589.560059	-90.660004	0.000000
1589.576050	-210.000000	0.000000
1589.592041	-210.000000	0.000000
1589.608032	-210.000000	0.000000
1589.624023	-210.000000	0.000000
1589.640015	-81.120003	0.000000
1589.656006	-210.000000	0.000000
1589.671997	-210.000000	0.000000
1589.687988	-82.419998	0.000000
1589.703979	-87.650002	0.000000
1589.719971	-210.000000	0.000000
1589.735962	-85.430000	0.000000
1589.751953	-210.000000	0.000000
1589.767944	-83.120003	0.000000
1589.784058	-210.000000	0.000000
1589.800049	-210.000000	0.000000
1589.816040	-80.239998	0.000000
1589.832031	-210.000000	0.000000
1589.848022	-83.120003	0.000000
1589.864014	-88.440002	0.000000
1589.880005	-210.000000	0.000000
1589.895996	-210.000000	0.000000
1589.911987	-210.000000	0.000000
1589.927979	-86.980003	0.000000
1589.943970	-84.639999	0.000000
1589.959961	-210.000000	0.000000
1589.975952	-85.019997	0.000000
1589.991943	-210.000000	0.000000
1590.008057	-79.410004	0.000000
1590.024048	-90.660004	0.000000
1590.040039	-210.000000	0.000000
1590.056030	-79.089996	0.000000
1590.072021	-210.000000	0.000000
1590.088013	-210.000000	0.000000
1590.104004	-210.000000	0.000000
1590.119995	-82.639999	0.000000
1590.135986	-84.290001	0.000000
1590.151978	-87.650002	0.000000
1590.167969	-210.000000	0.000000
1590.183960	-210.000000	0.000000
1590.199951	-89.410004	0.000000
1590.215942	-210.000000	0.000000
1590.232056	-210.000000	0.000000
1590.248047	-210.000000	0.000000
1590.264038	-210.000000	0.000000
1590.280029	-84.639999	0.000000
1590.296021	-210.000000	0.000000
1590.312012	-210.000000	0.000000
1590.328003	-95.430000	0.000000
1590.343994	-82.639999	0.000000
1590.359985	-210.000000	0.000000
1590.375977	-85.430000	0.000000
1590.391968	-77.440002	0.000000
1590.407959	-210.000000	0.000000
1590.423950	-81.279999	0.000000
1590.439941	-210.000000	0.000000
1590.456055	-210.000000	0.000000
1590.472046	-83.389999	0.000000
1590.488037	-78.190002	0.000000
1590.504028	-210.000000	0.000000
1590.520020	-84.279999	0.000000
1590.536011	-92.410004	0.000000
1590.552002	-210.000000	0.000000
1590.567993	-210.000000	0.000000
1590.583984	-210.000000	0.000000
1590.599976	-210.000000	0.000000
1590.615967	-210.000000	0.000000
1590.631958	-88.430000	0.000000
1590.647949	-210.000000	0.000000
1590.663940	-210.000000	0.000000
1590.680054	-85.879997	0.000000
1590.696045	-210.000000	0.000000
1590.712036	-210.000000	0.000000
1590.728027	-95.419998	0.000000
1590.744019	-210.000000	0.000000
1590.760010	-210.000000	0.000000
1590.776001	-210.000000	0.000000
1590.791992	-210.000000	0.000000
1590.807983	-82.870003	0.000000
1590.823975	-83.110001	0.000000
1590.839966	-81.800003	0.000000
1590.855957	-210.000000	0.000000
1590.871948	-79.080002	0.000000
1590.887939	-82.000000	0.000000
1590.904053	-82.629997	0.000000
1590.920044	-83.110001	0.000000
1590.936035	-86.389999	0.000000
1590.952026	-210.000000	0.000000
1590.968018	-210.000000	0.000000
1590.984009	-210.000000	0.000000
1591.000000	-81.269997	0.000000
