Wavelength (nm)	Transmission (dBm)	Linear Transmission
1575.000000	-210.000000	0.000000
1575.015991	-210.000000	0.000000
1575.031982	-210.000000	0.000000
1575.047974	-210.000000	0.000000
1575.063965	-210.000000	0.000000
1575.079956	-210.000000	0.000000
1575.095947	-210.000000	0.000000
1575.112061	-85.430000	0.000000
1575.128052	-210.000000	0.000000
1575.144043	-210.000000	0.000000
1575.160034	-210.000000	0.000000
1575.176025	-210.000000	0.000000
1575.192017	-87.650002	0.000000
1575.208008	-83.970001	0.000000
1575.223999	-210.000000	0.000000
1575.239990	-210.000000	0.000000
1575.255981	-82.419998	0.000000
1575.271973	-210.000000	0.000000
1575.287964	-210.000000	0.000000
1575.303955	-85.889999	0.000000
1575.319946	-210.000000	0.000000
1575.336060	-210.000000	0.000000
1575.352051	-210.000000	0.000000
1575.368042	-82.879997	0.000000
1575.384033	-92.419998	0.000000
1575.400024	-83.389999	0.000000
1575.416016	-210.000000	0.000000
1575.432007	-95.430000	0.000000
1575.447998	-210.000000	0.000000
1575.463989	-85.889999	0.000000
1575.479980	-210.000000	0.000000
1575.495972	-210.000000	0.000000
1575.511963	-210.000000	0.000000
1575.527954	-83.400002	0.000000
1575.543945	-88.449997	0.000000
1575.560059	-210.000000	0.000000
1575.576050	-210.000000	0.000000
1575.592041	-210.000000	0.000000
1575.608032	-210.000000	0.000000
1575.624023	-210.000000	0.000000
1575.640015	-210.000000	0.000000
1575.656006	-210.000000	0.000000
1575.671997	-85.900002	0.000000
1575.687988	-84.650002	0.000000
1575.703979	-82.430000	0.000000
1575.719971	-210.000000	0.000000
1575.735962	-83.129997	0.000000
1575.751953	-210.000000	0.000000
1575.767944	-210.000000	0.000000
1575.784058	-210.000000	0.000000
1575.800049	-210.000000	0.000000
1575.816040	-210.000000	0.000000
1575.832031	-80.820000	0.000000
1575.848022	-210.000000	0.000000
1575.864014	-77.309998	0.000000
1575.880005	-82.650002	0.000000
1575.895996	-210.000000	0.000000
1575.911987	-210.000000	0.000000
1575.927979	-86.410004	0.000000
1575.943970	-85.029999	0.000000
1575.959961	-83.400002	0.000000
1575.975952	-210.000000	0.000000
1575.991943	-210.000000	0.000000
1576.008057	-210.000000	0.000000
1576.024048	-210.000000	0.000000
1576.040039	-83.129997	0.000000
1576.056030	-210.000000	0.000000
1576.072021	-210.000000	0.000000
1576.088013	-210.000000	0.000000
1576.104004	-210.000000	0.000000
1576.119995	-84.650002	0.000000
1576.135986	-85.440002	0.000000
1576.151978	-84.650002	0.000000
1576.167969	-210.000000	0.000000
1576.183960	-210.000000	0.000000
1576.199951	-210.000000	0.000000
1576.215942	-210.000000	0.000000
1576.232056	-210.000000	0.000000
1576.248047	-210.000000	0.000000
1576.264038	-81.820000	0.000000
1576.280029	-95.440002	0.000000
1576.296021	-210.000000	0.000000
1576.312012	-210.000000	0.000000
1576.328003	-88.449997	0.000000
1576.343994	-210.000000	0.000000
1576.359985	-210.000000	0.000000
1576.375977	-210.000000	0.000000
1576.391968	-210.000000	0.000000
1576.407959	-86.410004	0.000000
1576.423950	-210.000000	0.000000
1576.439941	-210.000000	0.000000
1576.456055	-80.669998	0.000000
1576.472046	-210.000000	0.000000
1576.488037	-210.000000	0.000000
1576.504028	-210.000000	0.000000
1576.520020	-210.000000	0.000000
1576.536011	-210.000000	0.000000
1576.552002	-210.000000	0.000000
1576.567993	-210.000000	0.000000
1576.583984	-210.000000	0.000000
1576.599976	-84.650002	0.000000
1576.615967	-210.000000	0.000000
1576.631958	-210.000000	0.000000
1576.647949	-210.000000	0.000000
1576.663940	-85.029999	0.000000
1576.680054	-210.000000	0.000000
1576.696045	-87.660004	0.000000
1576.712036	-85.900002	0.000000
1576.728027	-85.029999	0.000000
1576.744019	-210.000000	0.000000
1576.760010	-80.970001	0.000000
1576.776001	-210.000000	0.000000
1576.791992	-210.000000	0.000000
1576.807983	-78.120003	0.000000
1576.823975	-82.019997	0.000000
1576.839966	-210.000000	0.000000
1576.855957	-83.680000	0.000000
1576.871948	-82.220001	0.000000
1576.887939	-210.000000	0.000000
1576.904053	-82.430000	0.000000
1576.920044	-82.889999	0.000000
1576.936035	-210.000000	0.000000
1576.952026	-210.000000	0.000000
1576.968018	-86.989998	0.000000
1576.984009	-210.000000	0.000000
1577.000000	-210.000000	0.000000
1577.015991	-88.449997	0.000000
1577.031982	-210.000000	0.000000
1577.047974	-210.000000	0.000000
1577.063965	-210.000000	0.000000
1577.079956	-83.680000	0.000000
1577.095947	-210.000000	0.000000
1577.112061	-85.440002	0.000000
1577.128052	-210.000000	0.000000
1577.144043	-92.430000	0.000000
1577.160034	-210.000000	0.000000
1577.176025	-95.440002	0.000000
1577.192017	-85.440002	0.000000
1577.208008	-210.000000	0.000000
1577.223999	-210.000000	0.000000
1577.239990	-210.000000	0.000000
1577.255981	-88.449997	0.000000
1577.271973	-210.000000	0.000000
1577.287964	-210.000000	0.000000
1577.303955	-210.000000	0.000000
1577.319946	-210.000000	0.000000
1577.336060	-86.989998	0.000000
1577.352051	-90.669998	0.000000
1577.368042	-210.000000	0.000000
1577.384033	-80.250000	0.000000
1577.400024	-82.019997	0.000000
1577.416016	-210.000000	0.000000
1577.432007	-83.400002	0.000000
1577.447998	-210.000000	0.000000
1577.463989	-210.000000	0.000000
1577.479980	-83.400002	0.000000
1577.495972	-83.129997	0.000000
1577.511963	-82.889999	0.000000
1577.527954	-210.000000	0.000000
1577.543945	-210.000000	0.000000
1577.560059	-85.900002	0.000000
1577.576050	-89.419998	0.000000
1577.592041	-83.400002	0.000000
1577.608032	-210.000000	0.000000
1577.624023	-210.000000	0.000000
1577.640015	-80.529999	0.000000
1577.656006	-79.000000	0.000000
1577.671997	-80.669998	0.000000
1577.687988	-82.430000	0.000000
1577.703979	-210.000000	0.000000
1577.719971	-210.000000	0.000000
1577.735962	-84.300003	0.000000
1577.751953	-80.669998	0.000000
1577.767944	-82.650002	0.000000
1577.784058	-80.669998	0.000000
1577.800049	-80.970001	0.000000
1577.816040	-85.029999	0.000000
1577.832031	-85.440002	0.000000
1577.848022	-88.449997	0.000000
1577.864014	-79.760002	0.000000
1577.880005	-84.300003	0.000000
1577.895996	-210.000000	0.000000
1577.911987	-82.430000	0.000000
1577.927979	-210.000000	0.000000
1577.943970	-82.019997	0.000000
1577.959961	-82.220001	0.000000
1577.975952	-210.000000	0.000000
1577.991943	-81.470001	0.000000
1578.008057	-87.000000	0.000000
1578.024048	-92.440002	0.000000
1578.040039	-81.830002	0.000000
1578.056030	-79.769997	0.000000
1578.072021	-79.769997	0.000000
1578.088013	-210.000000	0.000000
1578.104004	-79.650002	0.000000
1578.119995	-81.650002	0.000000
1578.135986	-82.029999	0.000000
1578.151978	-85.040001	0.000000
1578.167969	-210.000000	0.000000
1578.183960	-88.459999	0.000000
1578.199951	-210.000000	0.000000
1578.215942	-79.010002	0.000000
1578.232056	-80.400002	0.000000
1578.248047	-81.139999	0.000000
1578.264038	-89.430000	0.000000
1578.280029	-77.889999	0.000000
1578.296021	-210.000000	0.000000
1578.312012	-89.430000	0.000000
1578.328003	-83.410004	0.000000
1578.343994	-79.540001	0.000000
1578.359985	-77.529999	0.000000
1578.375977	-89.430000	0.000000
1578.391968	-87.669998	0.000000
1578.407959	-210.000000	0.000000
1578.423950	-78.639999	0.000000
1578.439941	-79.769997	0.000000
1578.456055	-83.690002	0.000000
1578.472046	-88.459999	0.000000
1578.488037	-210.000000	0.000000
1578.504028	-83.690002	0.000000
1578.520020	-79.220001	0.000000
1578.536011	-80.680000	0.000000
1578.552002	-85.040001	0.000000
1578.567993	-210.000000	0.000000
1578.583984	-85.449997	0.000000
1578.599976	-83.690002	0.000000
1578.615967	-79.320000	0.000000
1578.631958	-80.830002	0.000000
1578.647949	-81.470001	0.000000
1578.663940	-210.000000	0.000000
1578.680054	-85.449997	0.000000
1578.696045	-81.470001	0.000000
1578.712036	-81.650002	0.000000
1578.728027	-210.000000	0.000000
1578.744019	-79.540001	0.000000
1578.760010	-81.830002	0.000000
1578.776001	-79.220001	0.000000
1578.791992	-82.660004	0.000000
1578.807983	-79.010002	0.000000
1578.823975	-82.900002	0.000000
1578.839966	-82.900002	0.000000
1578.855957	-80.129997	0.000000
1578.871948	-82.660004	0.000000
1578.887939	-81.830002	0.000000
1578.904053	-78.730003	0.000000
1578.920044	-80.129997	0.000000
1578.936035	-78.820000	0.000000
1578.952026	-83.690002	0.000000
1578.968018	-78.209999	0.000000
1578.984009	-79.430000	0.000000
1579.000000	-74.879997	0.000000
1579.015991	-77.820000	0.000000
1579.031982	-76.879997	0.000000
1579.047974	-80.010002	0.000000
1579.063965	-78.129997	0.000000
1579.079956	-75.910004	0.000000
1579.095947	-75.489998	0.000000
1579.112061	-75.669998	0.000000
1579.128052	-77.059998	0.000000
1579.144043	-75.959999	0.000000
1579.160034	-77.389999	0.000000
1579.176025	-75.160004	0.000000
1579.192017	-77.820000	0.000000
1579.208008	-76.879997	0.000000
1579.223999	-77.320000	0.000000
1579.239990	-77.250000	0.000000
1579.255981	-77.529999	0.000000
1579.271973	-74.660004	0.000000
1579.287964	-77.389999	0.000000
1579.303955	-74.620003	0.000000
1579.319946	-75.160004	0.000000
1579.336060	-76.209999	0.000000
1579.352051	-74.730003	0.000000
1579.368042	-76.360001	0.000000
1579.384033	-75.760002	0.000000
1579.400024	-75.199997	0.000000
1579.416016	-73.779999	0.000000
1579.432007	-73.220001	0.000000
1579.447998	-74.379997	0.000000
1579.463989	-74.919998	0.000000
1579.479980	-74.410004	0.000000
1579.495972	-76.160004	0.000000
1579.511963	-75.760002	0.000000
1579.527954	-75.910004	0.000000
1579.543945	-75.160004	0.000000
1579.560059	-75.669998	0.000000
1579.576050	-75.410004	0.000000
1579.592041	-74.150002	0.000000
1579.608032	-76.000000	0.000000
1579.624023	-75.320000	0.000000
1579.640015	-75.000000	0.000000
1579.656006	-76.820000	0.000000
1579.671997	-75.489998	0.000000
1579.687988	-75.199997	0.000000
1579.703979	-75.669998	0.000000
1579.719971	-77.059998	0.000000
1579.735962	-76.940002	0.000000
1579.751953	-75.239998	0.000000
1579.767944	-74.959999	0.000000
1579.784058	-75.669998	0.000000
1579.800049	-76.470001	0.000000
1579.816040	-74.800003	0.000000
1579.832031	-76.470001	0.000000
1579.848022	-78.129997	0.000000
1579.864014	-76.099998	0.000000
1579.880005	-76.260002	0.000000
1579.895996	-81.300003	0.000000
1579.911987	-78.459999	0.000000
1579.927979	-76.000000	0.000000
1579.943970	-75.580002	0.000000
1579.959961	-74.879997	0.000000
1579.975952	-76.699997	0.000000
1579.991943	-75.410004	0.000000
1580.008057	-74.839996	0.000000
1580.024048	-73.269997	0.000000
1580.040039	-71.930000	0.000000
1580.056030	-71.070000	0.000000
1580.072021	-69.870003	0.000000
1580.088013	-70.489998	0.000000
1580.104004	-69.669998	0.000000
1580.119995	-69.849998	0.000000
1580.135986	-69.150002	0.000000
1580.151978	-68.820000	0.000000
1580.167969	-68.570000	0.000000
1580.183960	-68.470001	0.000000
1580.199951	-68.070000	0.000000
1580.215942	-67.669998	0.000000
1580.232056	-67.120003	0.000000
1580.248047	-66.879997	0.000000
1580.264038	-66.580002	0.000000
1580.280029	-66.389999	0.000000
1580.296021	-66.250000	0.000000
1580.312012	-66.400002	0.000000
1580.328003	-66.070000	0.000000
1580.343994	-66.300003	0.000000
1580.359985	-66.040001	0.000000
1580.375977	-65.699997	0.000000
1580.391968	-65.379997	0.000000
1580.407959	-65.000000	0.000000
1580.423950	-64.639999	0.000000
1580.439941	-64.500000	0.000000
1580.456055	-64.459999	0.000000
1580.472046	-64.410004	0.000000
1580.488037	-64.269997	0.000000
1580.504028	-64.190002	0.000000
1580.520020	-64.290001	0.000000
1580.536011	-64.500000	0.000000
1580.552002	-64.459999	0.000000
1580.567993	-64.230003	0.000000
1580.583984	-63.930000	0.000000
1580.599976	-63.639999	0.000000
1580.615967	-63.490002	0.000000
1580.631958	-63.400002	0.000000
1580.647949	-63.459999	0.000000
1580.663940	-63.630001	0.000000
1580.680054	-63.639999	0.000000
1580.696045	-63.790001	0.000000
1580.712036	-63.650002	0.000000
1580.728027	-63.349998	0.000000
1580.744019	-63.279999	0.000000
1580.760010	-62.970001	0.000001
1580.776001	-63.060001	0.000000
1580.791992	-62.959999	0.000001
1580.807983	-63.090000	0.000000
1580.823975	-63.130001	0.000000
1580.839966	-63.290001	0.000000
1580.855957	-63.230000	0.000000
1580.871948	-63.029999	0.000000
1580.887939	-62.799999	0.000001
1580.904053	-62.549999	0.000001
1580.920044	-62.410000	0.000001
1580.936035	-62.389999	0.000001
1580.952026	-62.369999	0.000001
1580.968018	-62.450001	0.000001
1580.984009	-62.590000	0.000001
1581.000000	-62.840000	0.000001
1581.015991	-62.630001	0.000001
1581.031982	-62.570000	0.000001
1581.047974	-62.320000	0.000001
1581.063965	-62.070000	0.000001
1581.079956	-61.970001	0.000001
1581.095947	-62.009998	0.000001
1581.112061	-62.130001	0.000001
1581.128052	-62.220001	0.000001
1581.144043	-62.450001	0.000001
1581.160034	-62.610001	0.000001
1581.176025	-62.299999	0.000001
1581.192017	-62.279999	0.000001
1581.208008	-62.259998	0.000001
1581.223999	-62.250000	0.000001
1581.239990	-62.270000	0.000001
1581.255981	-62.259998	0.000001
1581.271973	-62.610001	0.000001
1581.287964	-62.930000	0.000001
1581.303955	-63.110001	0.000000
1581.319946	-63.180000	0.000000
1581.336060	-63.270000	0.000000
1581.352051	-63.169998	0.000000
1581.368042	-63.080002	0.000000
1581.384033	-63.130001	0.000000
1581.400024	-63.290001	0.000000
1581.416016	-63.419998	0.000000
1581.432007	-63.810001	0.000000
1581.447998	-64.099998	0.000000
1581.463989	-64.180000	0.000000
1581.479980	-64.550003	0.000000
1581.495972	-64.639999	0.000000
1581.511963	-64.599998	0.000000
1581.527954	-64.730003	0.000000
1581.543945	-64.639999	0.000000
1581.560059	-64.650002	0.000000
1581.576050	-64.769997	0.000000
1581.592041	-65.019997	0.000000
1581.608032	-65.169998	0.000000
1581.624023	-65.269997	0.000000
1581.640015	-65.089996	0.000000
1581.656006	-65.029999	0.000000
1581.671997	-64.790001	0.000000
1581.687988	-64.800003	0.000000
1581.703979	-64.720001	0.000000
1581.719971	-64.629997	0.000000
1581.735962	-64.529999	0.000000
1581.751953	-64.290001	0.000000
1581.767944	-63.970001	0.000000
1581.784058	-63.700001	0.000000
1581.800049	-63.520000	0.000000
1581.816040	-63.299999	0.000000
1581.832031	-63.139999	0.000000
1581.848022	-62.939999	0.000001
1581.864014	-62.669998	0.000001
1581.880005	-62.380001	0.000001
1581.895996	-62.200001	0.000001
1581.911987	-61.680000	0.000001
1581.927979	-61.290001	0.000001
1581.943970	-60.849998	0.000001
1581.959961	-60.480000	0.000001
1581.975952	-60.320000	0.000001
1581.991943	-60.130001	0.000001
1582.008057	-59.889999	0.000001
1582.024048	-59.590000	0.000001
1582.040039	-59.150002	0.000001
1582.056030	-58.630001	0.000001
1582.072021	-58.070000	0.000002
1582.088013	-57.590000	0.000002
1582.104004	-57.139999	0.000002
1582.119995	-56.779999	0.000002
1582.135986	-56.570000	0.000002
1582.151978	-56.360001	0.000002
1582.167969	-56.090000	0.000002
1582.183960	-55.820000	0.000003
1582.199951	-55.299999	0.000003
1582.215942	-54.630001	0.000003
1582.232056	-54.119999	0.000004
1582.248047	-53.750000	0.000004
1582.264038	-53.509998	0.000004
1582.280029	-53.360001	0.000005
1582.296021	-53.169998	0.000005
1582.312012	-52.939999	0.000005
1582.328003	-52.669998	0.000005
1582.343994	-52.230000	0.000006
1582.359985	-51.750000	0.000007
1582.375977	-51.369999	0.000007
1582.391968	-50.880001	0.000008
1582.407959	-50.560001	0.000009
1582.423950	-50.389999	0.000009
1582.439941	-50.220001	0.000010
1582.456055	-50.070000	0.000010
1582.472046	-49.950001	0.000010
1582.488037	-49.720001	0.000011
1582.504028	-49.369999	0.000012
1582.520020	-48.980000	0.000013
1582.536011	-48.580002	0.000014
1582.552002	-48.320000	0.000015
1582.567993	-48.220001	0.000015
1582.583984	-48.119999	0.000015
1582.599976	-48.060001	0.000016
1582.615967	-48.020000	0.000016
1582.631958	-47.930000	0.000016
1582.647949	-47.770000	0.000017
1582.663940	-47.580002	0.000017
1582.680054	-47.410000	0.000018
1582.696045	-47.250000	0.000019
1582.712036	-47.160000	0.000019
1582.728027	-47.099998	0.000019
1582.744019	-47.099998	0.000019
1582.760010	-47.139999	0.000019
1582.776001	-47.200001	0.000019
1582.791992	-47.209999	0.000019
1582.807983	-47.090000	0.000020
1582.823975	-46.930000	0.000020
1582.839966	-46.790001	0.000021
1582.855957	-46.709999	0.000021
1582.871948	-46.680000	0.000021
1582.887939	-46.709999	0.000021
1582.904053	-46.799999	0.000021
1582.920044	-46.900002	0.000020
1582.936035	-46.959999	0.000020
1582.952026	-46.950001	0.000020
1582.968018	-46.860001	0.000021
1582.984009	-46.700001	0.000021
1583.000000	-46.560001	0.000022
1583.015991	-46.490002	0.000022
1583.031982	-46.490002	0.000022
1583.047974	-46.540001	0.000022
1583.063965	-46.639999	0.000022
1583.079956	-46.759998	0.000021
1583.095947	-46.759998	0.000021
1583.112061	-46.650002	0.000022
1583.128052	-46.529999	0.000022
1583.144043	-46.459999	0.000023
1583.160034	-46.439999	0.000023
1583.176025	-46.490002	0.000022
1583.192017	-46.580002	0.000022
1583.208008	-46.700001	0.000021
1583.223999	-46.849998	0.000021
1583.239990	-46.970001	0.000020
1583.255981	-47.040001	0.000020
1583.271973	-47.029999	0.000020
1583.287964	-46.980000	0.000020
1583.303955	-46.959999	0.000020
1583.319946	-47.009998	0.000020
1583.336060	-47.119999	0.000019
1583.352051	-47.299999	0.000019
1583.368042	-47.570000	0.000017
1583.384033	-47.849998	0.000016
1583.400024	-47.990002	0.000016
1583.416016	-48.009998	0.000016
1583.432007	-48.000000	0.000016
1583.447998	-48.000000	0.000016
1583.463989	-48.049999	0.000016
1583.479980	-48.180000	0.000015
1583.495972	-48.340000	0.000015
1583.511963	-48.580002	0.000014
1583.527954	-48.820000	0.000013
1583.543945	-49.040001	0.000012
1583.560059	-49.150002	0.000012
1583.576050	-49.080002	0.000012
1583.592041	-49.009998	0.000013
1583.608032	-49.000000	0.000013
1583.624023	-49.060001	0.000012
1583.640015	-49.180000	0.000012
1583.656006	-49.369999	0.000012
1583.671997	-49.610001	0.000011
1583.687988	-49.740002	0.000011
1583.703979	-49.750000	0.000011
1583.719971	-49.669998	0.000011
1583.735962	-49.560001	0.000011
1583.751953	-49.490002	0.000011
1583.767944	-49.480000	0.000011
1583.784058	-49.529999	0.000011
1583.800049	-49.639999	0.000011
1583.816040	-49.779999	0.000011
1583.832031	-50.000000	0.000010
1583.848022	-50.130001	0.000010
1583.864014	-50.060001	0.000010
1583.880005	-49.860001	0.000010
1583.895996	-49.720001	0.000011
1583.911987	-49.700001	0.000011
1583.927979	-49.750000	0.000011
1583.943970	-49.880001	0.000010
1583.959961	-50.040001	0.000010
1583.975952	-50.250000	0.000009
1583.991943	-50.380001	0.000009
1584.008057	-50.380001	0.000009
1584.024048	-50.259998	0.000009
1584.040039	-50.110001	0.000010
1584.056030	-50.070000	0.000010
1584.072021	-50.099998	0.000010
1584.088013	-50.220001	0.000010
1584.104004	-50.389999	0.000009
1584.119995	-50.669998	0.000009
1584.135986	-50.900002	0.000008
1584.151978	-50.930000	0.000008
1584.167969	-50.830002	0.000008
1584.183960	-50.740002	0.000008
1584.199951	-50.740002	0.000008
1584.215942	-50.790001	0.000008
1584.232056	-50.900002	0.000008
1584.248047	-51.110001	0.000008
1584.264038	-51.419998	0.000007
1584.280029	-51.689999	0.000007
1584.296021	-51.919998	0.000006
1584.312012	-52.009998	0.000006
1584.328003	-51.990002	0.000006
1584.343994	-51.959999	0.000006
1584.359985	-52.000000	0.000006
1584.375977	-52.080002	0.000006
1584.391968	-52.240002	0.000006
1584.407959	-52.560001	0.000006
1584.423950	-52.919998	0.000005
1584.439941	-53.290001	0.000005
1584.456055	-53.400002	0.000005
1584.472046	-53.360001	0.000005
1584.488037	-53.290001	0.000005
1584.504028	-53.270000	0.000005
1584.520020	-53.320000	0.000005
1584.536011	-53.520000	0.000004
1584.552002	-53.810001	0.000004
1584.567993	-54.119999	0.000004
1584.583984	-54.389999	0.000004
1584.599976	-54.470001	0.000004
1584.615967	-54.400002	0.000004
1584.631958	-54.310001	0.000004
1584.647949	-54.299999	0.000004
1584.663940	-54.340000	0.000004
1584.680054	-54.400002	0.000004
1584.696045	-54.540001	0.000004
1584.712036	-54.750000	0.000003
1584.728027	-54.959999	0.000003
1584.744019	-55.000000	0.000003
1584.760010	-54.930000	0.000003
1584.776001	-54.799999	0.000003
1584.791992	-54.680000	0.000003
1584.807983	-54.700001	0.000003
1584.823975	-54.770000	0.000003
1584.839966	-54.959999	0.000003
1584.855957	-55.169998	0.000003
1584.871948	-55.410000	0.000003
1584.887939	-55.599998	0.000003
1584.904053	-55.610001	0.000003
1584.920044	-55.529999	0.000003
1584.936035	-55.480000	0.000003
1584.952026	-55.470001	0.000003
1584.968018	-55.540001	0.000003
1584.984009	-55.700001	0.000003
1585.000000	-55.910000	0.000003
1585.015991	-56.240002	0.000002
1585.031982	-56.439999	0.000002
1585.047974	-56.470001	0.000002
1585.063965	-56.349998	0.000002
1585.079956	-56.240002	0.000002
1585.095947	-56.240002	0.000002
1585.112061	-56.320000	0.000002
1585.128052	-56.529999	0.000002
1585.144043	-56.740002	0.000002
1585.160034	-56.939999	0.000002
1585.176025	-57.169998	0.000002
1585.192017	-57.250000	0.000002
1585.208008	-57.189999	0.000002
1585.223999	-57.090000	0.000002
1585.239990	-56.980000	0.000002
1585.255981	-56.990002	0.000002
1585.271973	-57.009998	0.000002
1585.287964	-57.150002	0.000002
1585.303955	-57.369999	0.000002
1585.319946	-57.580002	0.000002
1585.336060	-57.619999	0.000002
1585.352051	-57.540001	0.000002
1585.368042	-57.360001	0.000002
1585.384033	-57.220001	0.000002
1585.400024	-57.150002	0.000002
1585.416016	-57.180000	0.000002
1585.432007	-57.259998	0.000002
1585.447998	-57.389999	0.000002
1585.463989	-57.509998	0.000002
1585.479980	-57.650002	0.000002
1585.495972	-57.660000	0.000002
1585.511963	-57.590000	0.000002
1585.527954	-57.509998	0.000002
1585.543945	-57.419998	0.000002
1585.560059	-57.389999	0.000002
1585.576050	-57.459999	0.000002
1585.592041	-57.669998	0.000002
1585.608032	-57.889999	0.000002
1585.624023	-58.060001	0.000002
1585.640015	-58.119999	0.000002
1585.656006	-58.080002	0.000002
1585.671997	-57.980000	0.000002
1585.687988	-57.980000	0.000002
1585.703979	-58.020000	0.000002
1585.719971	-58.080002	0.000002
1585.735962	-58.180000	0.000002
1585.751953	-58.430000	0.000001
1585.767944	-58.730000	0.000001
1585.784058	-58.950001	0.000001
1585.800049	-59.119999	0.000001
1585.816040	-59.099998	0.000001
1585.832031	-59.020000	0.000001
1585.848022	-59.020000	0.000001
1585.864014	-59.160000	0.000001
1585.880005	-59.279999	0.000001
1585.895996	-59.529999	0.000001
1585.911987	-59.740002	0.000001
1585.927979	-59.860001	0.000001
1585.943970	-60.090000	0.000001
1585.959961	-60.040001	0.000001
1585.975952	-60.029999	0.000001
1585.991943	-60.040001	0.000001
1586.008057	-60.049999	0.000001
1586.024048	-60.150002	0.000001
1586.040039	-60.299999	0.000001
1586.056030	-60.500000	0.000001
1586.072021	-60.810001	0.000001
1586.088013	-60.930000	0.000001
1586.104004	-60.950001	0.000001
1586.119995	-60.900002	0.000001
1586.135986	-60.959999	0.000001
1586.151978	-60.959999	0.000001
1586.167969	-61.150002	0.000001
1586.183960	-61.299999	0.000001
1586.199951	-61.549999	0.000001
1586.215942	-61.669998	0.000001
1586.232056	-61.790001	0.000001
1586.248047	-61.939999	0.000001
1586.264038	-62.020000	0.000001
1586.280029	-62.070000	0.000001
1586.296021	-62.070000	0.000001
1586.312012	-62.270000	0.000001
1586.328003	-62.459999	0.000001
1586.343994	-62.799999	0.000001
1586.359985	-63.369999	0.000000
1586.375977	-63.750000	0.000000
1586.391968	-63.970001	0.000000
1586.407959	-64.059998	0.000000
1586.423950	-64.209999	0.000000
1586.439941	-64.320000	0.000000
1586.456055	-64.580002	0.000000
1586.472046	-65.050003	0.000000
1586.488037	-65.370003	0.000000
1586.504028	-65.870003	0.000000
1586.520020	-66.620003	0.000000
1586.536011	-66.629997	0.000000
1586.552002	-66.790001	0.000000
1586.567993	-67.040001	0.000000
1586.583984	-67.099998	0.000000
1586.599976	-67.220001	0.000000
1586.615967	-67.339996	0.000000
1586.631958	-68.180000	0.000000
1586.647949	-68.809998	0.000000
1586.663940	-69.300003	0.000000
1586.680054	-69.500000	0.000000
1586.696045	-69.290001	0.000000
1586.712036	-69.629997	0.000000
1586.728027	-69.720001	0.000000
1586.744019	-70.019997	0.000000
1586.760010	-69.550003	0.000000
1586.776001	-71.000000	0.000000
1586.791992	-70.550003	0.000000
1586.807983	-70.099998	0.000000
1586.823975	-69.790001	0.000000
1586.839966	-70.459999	0.000000
1586.855957	-70.459999	0.000000
1586.871948	-70.629997	0.000000
1586.887939	-70.000000	0.000000
1586.904053	-70.010002	0.000000
1586.920044	-70.470001	0.000000
1586.936035	-69.949997	0.000000
1586.952026	-70.059998	0.000000
1586.968018	-70.110001	0.000000
1586.984009	-70.739998	0.000000
1587.000000	-70.680000	0.000000
1587.015991	-71.360001	0.000000
1587.031982	-71.459999	0.000000
1587.047974	-71.339996	0.000000
1587.063965	-71.220001	0.000000
1587.079956	-71.690002	0.000000
1587.095947	-71.599998	0.000000
1587.112061	-71.660004	0.000000
1587.128052	-72.790001	0.000000
1587.144043	-73.339996	0.000000
1587.160034	-72.559998	0.000000
1587.176025	-72.519997	0.000000
1587.192017	-73.830002	0.000000
1587.208008	-73.919998	0.000000
1587.223999	-73.889999	0.000000
1587.239990	-74.199997	0.000000
1587.255981	-74.580002	0.000000
1587.271973	-73.059998	0.000000
1587.287964	-75.309998	0.000000
1587.303955	-74.040001	0.000000
1587.319946	-75.309998	0.000000
1587.336060	-74.099998	0.000000
1587.352051	-75.190002	0.000000
1587.368042	-75.529999	0.000000
1587.384033	-73.540001	0.000000
1587.400024	-74.470001	0.000000
1587.416016	-75.070000	0.000000
1587.432007	-77.050003	0.000000
1587.447998	-79.309998	0.000000
1587.463989	-77.239998	0.000000
1587.479980	-76.570000	0.000000
1587.495972	-76.570000	0.000000
1587.511963	-77.589996	0.000000
1587.527954	-77.660004	0.000000
1587.543945	-76.629997	0.000000
1587.560059	-79.099998	0.000000
1587.576050	-77.519997	0.000000
1587.592041	-76.690002	0.000000
1587.608032	-82.430000	0.000000
1587.624023	-77.879997	0.000000
1587.640015	-78.809998	0.000000
1587.656006	-76.930000	0.000000
1587.671997	-76.989998	0.000000
1587.687988	-78.199997	0.000000
1587.703979	-81.290001	0.000000
1587.719971	-82.220001	0.000000
1587.735962	-77.180000	0.000000
1587.751953	-79.209999	0.000000
1587.767944	-79.760002	0.000000
1587.784058	-77.180000	0.000000
1587.800049	-78.629997	0.000000
1587.816040	-78.120003	0.000000
1587.832031	-77.959999	0.000000
1587.848022	-80.389999	0.000000
1587.864014	-77.239998	0.000000
1587.880005	-80.250000	0.000000
1587.895996	-78.540001	0.000000
1587.911987	-78.279999	0.000000
1587.927979	-79.529999	0.000000
1587.943970	-82.650002	0.000000
1587.959961	-81.639999	0.000000
1587.975952	-81.129997	0.000000
1587.991943	-78.629997	0.000000
1588.008057	-79.199997	0.000000
1588.024048	-78.620003	0.000000
1588.040039	-84.290001	0.000000
1588.056030	-77.650002	0.000000
1588.072021	-76.559998	0.000000
1588.088013	-80.959999	0.000000
1588.104004	-77.580002	0.000000
1588.119995	-75.940002	0.000000
1588.135986	-76.800003	0.000000
1588.151978	-79.089996	0.000000
1588.167969	-76.449997	0.000000
1588.183960	-77.300003	0.000000
1588.199951	-80.660004	0.000000
1588.215942	-76.919998	0.000000
1588.232056	-77.169998	0.000000
1588.248047	-77.370003	0.000000
1588.264038	-79.519997	0.000000
1588.280029	-77.099998	0.000000
1588.296021	-89.410004	0.000000
1588.312012	-81.279999	0.000000
1588.328003	-77.300003	0.000000
1588.343994	-78.269997	0.000000
1588.359985	-76.400002	0.000000
1588.375977	-83.669998	0.000000
1588.391968	-210.000000	0.000000
1588.407959	-80.809998	0.000000
1588.423950	-81.120003	0.000000
1588.439941	-78.900002	0.000000
1588.456055	-75.650002	0.000000
1588.472046	-75.180000	0.000000
1588.488037	-83.669998	0.000000
1588.504028	-84.290001	0.000000
1588.520020	-81.809998	0.000000
1588.536011	-82.419998	0.000000
1588.552002	-77.440002	0.000000
1588.567993	-81.279999	0.000000
1588.583984	-81.120003	0.000000
1588.599976	-210.000000	0.000000
1588.615967	-79.410004	0.000000
1588.631958	-87.650002	0.000000
1588.647949	-79.629997	0.000000
1588.663940	-90.660004	0.000000
1588.680054	-89.410004	0.000000
1588.696045	-210.000000	0.000000
1588.712036	-95.430000	0.000000
1588.728027	-79.089996	0.000000
1588.744019	-77.510002	0.000000
1588.760010	-82.639999	0.000000
1588.776001	-76.620003	0.000000
1588.791992	-87.650002	0.000000
1588.807983	-81.809998	0.000000
1588.823975	-82.879997	0.000000
1588.839966	-210.000000	0.000000
1588.855957	-87.650002	0.000000
1588.871948	-210.000000	0.000000
1588.887939	-81.279999	0.000000
1588.904053	-81.279999	0.000000
1588.920044	-80.519997	0.000000
1588.936035	-85.430000	0.000000
1588.952026	-90.660004	0.000000
1588.968018	-78.529999	0.000000
1588.984009	-210.000000	0.000000
1589.000000	-82.879997	0.000000
1589.015991	-95.430000	0.000000
1589.031982	-210.000000	0.000000
1589.047974	-85.019997	0.000000
1589.063965	-85.019997	0.000000
1589.079956	-80.379997	0.000000
1589.095947	-85.430000	0.000000
1589.112061	-210.000000	0.000000
1589.128052	-84.639999	0.000000
1589.144043	-83.970001	0.000000
1589.160034	-210.000000	0.000000
1589.176025	-210.000000	0.000000
1589.192017	-210.000000	0.000000
1589.208008	-88.440002	0.000000
1589.223999	-210.000000	0.000000
1589.239990	-210.000000	0.000000
1589.255981	-210.000000	0.000000
1589.271973	-77.580002	0.000000
1589.287964	-92.419998	0.000000
1589.303955	-210.000000	0.000000
1589.319946	-210.000000	0.000000
1589.336060	-210.000000	0.000000
1589.352051	-85.430000	0.000000
1589.368042	-210.000000	0.000000
1589.384033	-95.430000	0.000000
1589.400024	-210.000000	0.000000
1589.416016	-210.000000	0.000000
1589.432007	-210.000000	0.000000
1589.447998	-210.000000	0.000000
1589.463989	-210.000000	0.000000
1589.479980	-81.809998	0.000000
1589.495972	-80.809998	0.000000
1589.511963	-210.000000	0.000000
1589.527954	-210.000000	0.000000
1589.543945	-76.800003	0.000000
1589.560059	-82.639999	0.000000
1589.576050	-86.400002	0.000000
1589.592041	-80.239998	0.000000
1589.608032	-95.430000	0.000000
1589.624023	-92.419998	0.000000
1589.640015	-210.000000	0.000000
1589.656006	-210.000000	0.000000
1589.671997	-210.000000	0.000000
1589.687988	-210.000000	0.000000
1589.703979	-88.440002	0.000000
1589.719971	-86.400002	0.000000
1589.735962	-210.000000	0.000000
1589.751953	-81.279999	0.000000
1589.767944	-80.959999	0.000000
1589.784058	-85.430000	0.000000
1589.800049	-210.000000	0.000000
1589.816040	-210.000000	0.000000
1589.832031	-95.430000	0.000000
1589.848022	-82.879997	0.000000
1589.864014	-90.660004	0.000000
1589.880005	-79.870003	0.000000
1589.895996	-210.000000	0.000000
1589.911987	-79.989998	0.000000
1589.927979	-90.660004	0.000000
1589.943970	-84.639999	0.000000
1589.959961	-210.000000	0.000000
1589.975952	-81.279999	0.000000
1589.991943	-210.000000	0.000000
1590.008057	-82.209999	0.000000
1590.024048	-84.639999	0.000000
1590.040039	-210.000000	0.000000
1590.056030	-79.410004	0.000000
1590.072021	-81.120003	0.000000
1590.088013	-89.410004	0.000000
1590.104004	-83.970001	0.000000
1590.119995	-210.000000	0.000000
1590.135986	-82.639999	0.000000
1590.151978	-81.629997	0.000000
1590.167969	-80.959999	0.000000
1590.183960	-80.379997	0.000000
1590.199951	-87.650002	0.000000
1590.215942	-80.379997	0.000000
1590.232056	-210.000000	0.000000
1590.248047	-210.000000	0.000000
1590.264038	-82.419998	0.000000
1590.280029	-210.000000	0.000000
1590.296021	-210.000000	0.000000
1590.312012	-85.430000	0.000000
1590.328003	-210.000000	0.000000
1590.343994	-210.000000	0.000000
1590.359985	-82.419998	0.000000
1590.375977	-210.000000	0.000000
1590.391968	-210.000000	0.000000
1590.407959	-85.019997	0.000000
1590.423950	-210.000000	0.000000
1590.439941	-210.000000	0.000000
1590.456055	-81.279999	0.000000
1590.472046	-78.900002	0.000000
1590.488037	-210.000000	0.000000
1590.504028	-86.970001	0.000000
1590.520020	-210.000000	0.000000
1590.536011	-84.629997	0.000000
1590.552002	-210.000000	0.000000
1590.567993	-210.000000	0.000000
1590.583984	-210.000000	0.000000
1590.599976	-210.000000	0.000000
1590.615967	-210.000000	0.000000
1590.631958	-210.000000	0.000000
1590.647949	-210.000000	0.000000
1590.663940	-92.410004	0.000000
1590.680054	-210.000000	0.000000
1590.696045	-81.620003	0.000000
1590.712036	-210.000000	0.000000
1590.728027	-210.000000	0.000000
1590.744019	-81.110001	0.000000
1590.760010	-210.000000	0.000000
1590.776001	-85.419998	0.000000
1590.791992	-85.419998	0.000000
1590.807983	-81.800003	0.000000
1590.823975	-210.000000	0.000000
1590.839966	-81.800003	0.000000
1590.855957	-82.199997	0.000000
1590.871948	-83.110001	0.000000
1590.887939	-210.000000	0.000000
1590.904053	-210.000000	0.000000
1590.920044	-86.389999	0.000000
1590.936035	-210.000000	0.000000
1590.952026	-85.419998	0.000000
1590.968018	-92.410004	0.000000
1590.984009	-81.620003	0.000000
1591.000000	-210.000000	0.000000
