Wavelength (nm)	Transmission (dBm)	Linear Transmission
1575.000000	-86.400002	0.000000
1575.015991	-210.000000	0.000000
1575.031982	-80.809998	0.000000
1575.047974	-87.650002	0.000000
1575.063965	-210.000000	0.000000
1575.079956	-210.000000	0.000000
1575.095947	-210.000000	0.000000
1575.112061	-210.000000	0.000000
1575.128052	-210.000000	0.000000
1575.144043	-210.000000	0.000000
1575.160034	-210.000000	0.000000
1575.176025	-78.989998	0.000000
1575.192017	-210.000000	0.000000
1575.208008	-80.519997	0.000000
1575.223999	-210.000000	0.000000
1575.239990	-210.000000	0.000000
1575.255981	-210.000000	0.000000
1575.271973	-210.000000	0.000000
1575.287964	-95.430000	0.000000
1575.303955	-210.000000	0.000000
1575.319946	-84.639999	0.000000
1575.336060	-210.000000	0.000000
1575.352051	-210.000000	0.000000
1575.368042	-84.639999	0.000000
1575.384033	-90.660004	0.000000
1575.400024	-86.980003	0.000000
1575.416016	-87.650002	0.000000
1575.432007	-81.629997	0.000000
1575.447998	-83.120003	0.000000
1575.463989	-80.110001	0.000000
1575.479980	-80.239998	0.000000
1575.495972	-210.000000	0.000000
1575.511963	-86.989998	0.000000
1575.527954	-80.389999	0.000000
1575.543945	-210.000000	0.000000
1575.560059	-210.000000	0.000000
1575.576050	-85.029999	0.000000
1575.592041	-89.419998	0.000000
1575.608032	-95.440002	0.000000
1575.624023	-210.000000	0.000000
1575.640015	-82.430000	0.000000
1575.656006	-90.669998	0.000000
1575.671997	-82.220001	0.000000
1575.687988	-85.900002	0.000000
1575.703979	-210.000000	0.000000
1575.719971	-210.000000	0.000000
1575.735962	-78.279999	0.000000
1575.751953	-210.000000	0.000000
1575.767944	-210.000000	0.000000
1575.784058	-210.000000	0.000000
1575.800049	-210.000000	0.000000
1575.816040	-210.000000	0.000000
1575.832031	-88.449997	0.000000
1575.848022	-210.000000	0.000000
1575.864014	-79.639999	0.000000
1575.880005	-210.000000	0.000000
1575.895996	-210.000000	0.000000
1575.911987	-210.000000	0.000000
1575.927979	-210.000000	0.000000
1575.943970	-210.000000	0.000000
1575.959961	-210.000000	0.000000
1575.975952	-210.000000	0.000000
1575.991943	-81.459999	0.000000
1576.008057	-82.889999	0.000000
1576.024048	-84.300003	0.000000
1576.040039	-210.000000	0.000000
1576.056030	-210.000000	0.000000
1576.072021	-88.449997	0.000000
1576.088013	-210.000000	0.000000
1576.104004	-81.290001	0.000000
1576.119995	-210.000000	0.000000
1576.135986	-210.000000	0.000000
1576.151978	-210.000000	0.000000
1576.167969	-210.000000	0.000000
1576.183960	-210.000000	0.000000
1576.199951	-81.820000	0.000000
1576.215942	-210.000000	0.000000
1576.232056	-210.000000	0.000000
1576.248047	-210.000000	0.000000
1576.264038	-210.000000	0.000000
1576.280029	-86.989998	0.000000
1576.296021	-210.000000	0.000000
1576.312012	-85.440002	0.000000
1576.328003	-210.000000	0.000000
1576.343994	-210.000000	0.000000
1576.359985	-210.000000	0.000000
1576.375977	-210.000000	0.000000
1576.391968	-82.650002	0.000000
1576.407959	-210.000000	0.000000
1576.423950	-81.290001	0.000000
1576.439941	-210.000000	0.000000
1576.456055	-82.650002	0.000000
1576.472046	-89.419998	0.000000
1576.488037	-88.449997	0.000000
1576.504028	-79.879997	0.000000
1576.520020	-88.449997	0.000000
1576.536011	-210.000000	0.000000
1576.552002	-81.459999	0.000000
1576.567993	-82.430000	0.000000
1576.583984	-210.000000	0.000000
1576.599976	-82.019997	0.000000
1576.615967	-210.000000	0.000000
1576.631958	-89.419998	0.000000
1576.647949	-210.000000	0.000000
1576.663940	-210.000000	0.000000
1576.680054	-210.000000	0.000000
1576.696045	-210.000000	0.000000
1576.712036	-210.000000	0.000000
1576.728027	-210.000000	0.000000
1576.744019	-85.440002	0.000000
1576.760010	-210.000000	0.000000
1576.776001	-83.980003	0.000000
1576.791992	-210.000000	0.000000
1576.807983	-87.660004	0.000000
1576.823975	-83.400002	0.000000
1576.839966	-81.459999	0.000000
1576.855957	-210.000000	0.000000
1576.871948	-210.000000	0.000000
1576.887939	-210.000000	0.000000
1576.904053	-81.820000	0.000000
1576.920044	-210.000000	0.000000
1576.936035	-210.000000	0.000000
1576.952026	-210.000000	0.000000
1576.968018	-84.300003	0.000000
1576.984009	-83.129997	0.000000
1577.000000	-210.000000	0.000000
1577.015991	-78.809998	0.000000
1577.031982	-210.000000	0.000000
1577.047974	-210.000000	0.000000
1577.063965	-210.000000	0.000000
1577.079956	-88.449997	0.000000
1577.095947	-88.449997	0.000000
1577.112061	-90.669998	0.000000
1577.128052	-210.000000	0.000000
1577.144043	-210.000000	0.000000
1577.160034	-82.430000	0.000000
1577.176025	-83.980003	0.000000
1577.192017	-210.000000	0.000000
1577.208008	-87.660004	0.000000
1577.223999	-210.000000	0.000000
1577.239990	-89.419998	0.000000
1577.255981	-210.000000	0.000000
1577.271973	-86.410004	0.000000
1577.287964	-210.000000	0.000000
1577.303955	-210.000000	0.000000
1577.319946	-82.019997	0.000000
1577.336060	-83.980003	0.000000
1577.352051	-85.029999	0.000000
1577.368042	-210.000000	0.000000
1577.384033	-210.000000	0.000000
1577.400024	-86.410004	0.000000
1577.416016	-210.000000	0.000000
1577.432007	-210.000000	0.000000
1577.447998	-92.430000	0.000000
1577.463989	-210.000000	0.000000
1577.479980	-210.000000	0.000000
1577.495972	-210.000000	0.000000
1577.511963	-210.000000	0.000000
1577.527954	-85.900002	0.000000
1577.543945	-210.000000	0.000000
1577.560059	-210.000000	0.000000
1577.576050	-210.000000	0.000000
1577.592041	-210.000000	0.000000
1577.608032	-210.000000	0.000000
1577.624023	-83.400002	0.000000
1577.640015	-81.129997	0.000000
1577.656006	-80.970001	0.000000
1577.671997	-210.000000	0.000000
1577.687988	-86.989998	0.000000
1577.703979	-88.449997	0.000000
1577.719971	-210.000000	0.000000
1577.735962	-210.000000	0.000000
1577.751953	-210.000000	0.000000
1577.767944	-210.000000	0.000000
1577.784058	-87.660004	0.000000
1577.800049	-210.000000	0.000000
1577.816040	-83.980003	0.000000
1577.832031	-210.000000	0.000000
1577.848022	-210.000000	0.000000
1577.864014	-210.000000	0.000000
1577.880005	-81.820000	0.000000
1577.895996	-92.430000	0.000000
1577.911987	-210.000000	0.000000
1577.927979	-83.980003	0.000000
1577.943970	-210.000000	0.000000
1577.959961	-85.029999	0.000000
1577.975952	-210.000000	0.000000
1577.991943	-210.000000	0.000000
1578.008057	-78.820000	0.000000
1578.024048	-88.459999	0.000000
1578.040039	-210.000000	0.000000
1578.056030	-86.419998	0.000000
1578.072021	-86.419998	0.000000
1578.088013	-210.000000	0.000000
1578.104004	-85.040001	0.000000
1578.119995	-79.320000	0.000000
1578.135986	-79.540001	0.000000
1578.151978	-210.000000	0.000000
1578.167969	-210.000000	0.000000
1578.183960	-92.440002	0.000000
1578.199951	-210.000000	0.000000
1578.215942	-85.910004	0.000000
1578.232056	-210.000000	0.000000
1578.248047	-84.309998	0.000000
1578.264038	-210.000000	0.000000
1578.280029	-81.470001	0.000000
1578.296021	-78.820000	0.000000
1578.312012	-210.000000	0.000000
1578.328003	-210.000000	0.000000
1578.343994	-210.000000	0.000000
1578.359985	-87.000000	0.000000
1578.375977	-78.459999	0.000000
1578.391968	-210.000000	0.000000
1578.407959	-95.449997	0.000000
1578.423950	-83.410004	0.000000
1578.439941	-210.000000	0.000000
1578.456055	-210.000000	0.000000
1578.472046	-210.000000	0.000000
1578.488037	-210.000000	0.000000
1578.504028	-81.470001	0.000000
1578.520020	-210.000000	0.000000
1578.536011	-87.000000	0.000000
1578.552002	-85.449997	0.000000
1578.567993	-210.000000	0.000000
1578.583984	-210.000000	0.000000
1578.599976	-85.910004	0.000000
1578.615967	-210.000000	0.000000
1578.631958	-210.000000	0.000000
1578.647949	-82.029999	0.000000
1578.663940	-210.000000	0.000000
1578.680054	-210.000000	0.000000
1578.696045	-210.000000	0.000000
1578.712036	-82.440002	0.000000
1578.728027	-210.000000	0.000000
1578.744019	-85.910004	0.000000
1578.760010	-92.440002	0.000000
1578.776001	-210.000000	0.000000
1578.791992	-90.680000	0.000000
1578.807983	-210.000000	0.000000
1578.823975	-210.000000	0.000000
1578.839966	-85.910004	0.000000
1578.855957	-84.660004	0.000000
1578.871948	-210.000000	0.000000
1578.887939	-210.000000	0.000000
1578.904053	-78.550003	0.000000
1578.920044	-95.449997	0.000000
1578.936035	-80.260002	0.000000
1578.952026	-80.980003	0.000000
1578.968018	-85.040001	0.000000
1578.984009	-80.010002	0.000000
1579.000000	-79.889999	0.000000
1579.015991	-83.989998	0.000000
1579.031982	-87.669998	0.000000
1579.047974	-84.660004	0.000000
1579.063965	-86.419998	0.000000
1579.079956	-83.989998	0.000000
1579.095947	-210.000000	0.000000
1579.112061	-83.690002	0.000000
1579.128052	-80.400002	0.000000
1579.144043	-80.129997	0.000000
1579.160034	-77.820000	0.000000
1579.176025	-85.449997	0.000000
1579.192017	-79.220001	0.000000
1579.208008	-210.000000	0.000000
1579.223999	-79.769997	0.000000
1579.239990	-79.540001	0.000000
1579.255981	-210.000000	0.000000
1579.271973	-76.879997	0.000000
1579.287964	-82.029999	0.000000
1579.303955	-79.650002	0.000000
1579.319946	-83.410004	0.000000
1579.336060	-87.669998	0.000000
1579.352051	-83.139999	0.000000
1579.368042	-78.730003	0.000000
1579.384033	-210.000000	0.000000
1579.400024	-81.300003	0.000000
1579.416016	-85.910004	0.000000
1579.432007	-76.639999	0.000000
1579.447998	-84.660004	0.000000
1579.463989	-210.000000	0.000000
1579.479980	-80.680000	0.000000
1579.495972	-79.220001	0.000000
1579.511963	-80.540001	0.000000
1579.527954	-80.540001	0.000000
1579.543945	-78.459999	0.000000
1579.560059	-78.290001	0.000000
1579.576050	-77.190002	0.000000
1579.592041	-82.660004	0.000000
1579.608032	-82.660004	0.000000
1579.624023	-77.820000	0.000000
1579.640015	-80.400002	0.000000
1579.656006	-83.139999	0.000000
1579.671997	-76.580002	0.000000
1579.687988	-82.440002	0.000000
1579.703979	-77.669998	0.000000
1579.719971	-78.459999	0.000000
1579.735962	-79.220001	0.000000
1579.751953	-81.650002	0.000000
1579.767944	-89.430000	0.000000
1579.784058	-79.220001	0.000000
1579.800049	-79.430000	0.000000
1579.816040	-84.660004	0.000000
1579.832031	-79.769997	0.000000
1579.848022	-78.919998	0.000000
1579.864014	-78.370003	0.000000
1579.880005	-78.639999	0.000000
1579.895996	-76.260002	0.000000
1579.911987	-76.309998	0.000000
1579.927979	-73.720001	0.000000
1579.943970	-75.000000	0.000000
1579.959961	-75.160004	0.000000
1579.975952	-75.279999	0.000000
1579.991943	-74.279999	0.000000
1580.008057	-72.080002	0.000000
1580.024048	-71.370003	0.000000
1580.040039	-69.660004	0.000000
1580.056030	-68.889999	0.000000
1580.072021	-68.129997	0.000000
1580.088013	-67.470001	0.000000
1580.104004	-66.940002	0.000000
1580.119995	-67.309998	0.000000
1580.135986	-66.910004	0.000000
1580.151978	-66.930000	0.000000
1580.167969	-66.349998	0.000000
1580.183960	-66.070000	0.000000
1580.199951	-65.660004	0.000000
1580.215942	-65.180000	0.000000
1580.232056	-64.730003	0.000000
1580.248047	-64.330002	0.000000
1580.264038	-63.849998	0.000000
1580.280029	-63.700001	0.000000
1580.296021	-63.630001	0.000000
1580.312012	-63.680000	0.000000
1580.328003	-63.639999	0.000000
1580.343994	-63.520000	0.000000
1580.359985	-63.240002	0.000000
1580.375977	-63.009998	0.000001
1580.391968	-62.709999	0.000001
1580.407959	-62.480000	0.000001
1580.423950	-62.250000	0.000001
1580.439941	-61.980000	0.000001
1580.456055	-61.860001	0.000001
1580.472046	-61.750000	0.000001
1580.488037	-61.799999	0.000001
1580.504028	-61.779999	0.000001
1580.520020	-61.849998	0.000001
1580.536011	-61.930000	0.000001
1580.552002	-61.869999	0.000001
1580.567993	-61.680000	0.000001
1580.583984	-61.450001	0.000001
1580.599976	-61.160000	0.000001
1580.615967	-61.049999	0.000001
1580.631958	-61.029999	0.000001
1580.647949	-61.040001	0.000001
1580.663940	-61.060001	0.000001
1580.680054	-61.270000	0.000001
1580.696045	-61.310001	0.000001
1580.712036	-61.270000	0.000001
1580.728027	-61.070000	0.000001
1580.744019	-60.840000	0.000001
1580.760010	-60.700001	0.000001
1580.776001	-60.650002	0.000001
1580.791992	-60.639999	0.000001
1580.807983	-60.799999	0.000001
1580.823975	-60.970001	0.000001
1580.839966	-61.090000	0.000001
1580.855957	-61.080002	0.000001
1580.871948	-60.919998	0.000001
1580.887939	-60.680000	0.000001
1580.904053	-60.520000	0.000001
1580.920044	-60.410000	0.000001
1580.936035	-60.439999	0.000001
1580.952026	-60.470001	0.000001
1580.968018	-60.529999	0.000001
1580.984009	-60.930000	0.000001
1581.000000	-61.029999	0.000001
1581.015991	-60.919998	0.000001
1581.031982	-60.709999	0.000001
1581.047974	-60.560001	0.000001
1581.063965	-60.400002	0.000001
1581.079956	-60.410000	0.000001
1581.095947	-60.459999	0.000001
1581.112061	-60.580002	0.000001
1581.128052	-60.750000	0.000001
1581.144043	-60.860001	0.000001
1581.160034	-61.070000	0.000001
1581.176025	-60.939999	0.000001
1581.192017	-60.849998	0.000001
1581.208008	-60.799999	0.000001
1581.223999	-60.759998	0.000001
1581.239990	-60.849998	0.000001
1581.255981	-61.049999	0.000001
1581.271973	-61.270000	0.000001
1581.287964	-61.619999	0.000001
1581.303955	-61.680000	0.000001
1581.319946	-61.759998	0.000001
1581.336060	-61.740002	0.000001
1581.352051	-61.759998	0.000001
1581.368042	-61.810001	0.000001
1581.384033	-61.900002	0.000001
1581.400024	-61.990002	0.000001
1581.416016	-62.110001	0.000001
1581.432007	-62.459999	0.000001
1581.447998	-62.770000	0.000001
1581.463989	-62.919998	0.000001
1581.479980	-62.980000	0.000001
1581.495972	-63.020000	0.000000
1581.511963	-62.900002	0.000001
1581.527954	-62.950001	0.000001
1581.543945	-63.060001	0.000000
1581.560059	-63.110001	0.000000
1581.576050	-63.320000	0.000000
1581.592041	-63.419998	0.000000
1581.608032	-63.360001	0.000000
1581.624023	-63.299999	0.000000
1581.640015	-63.139999	0.000000
1581.656006	-63.150002	0.000000
1581.671997	-62.970001	0.000001
1581.687988	-62.849998	0.000001
1581.703979	-62.849998	0.000001
1581.719971	-62.820000	0.000001
1581.735962	-62.680000	0.000001
1581.751953	-62.520000	0.000001
1581.767944	-62.119999	0.000001
1581.784058	-61.889999	0.000001
1581.800049	-61.660000	0.000001
1581.816040	-61.470001	0.000001
1581.832031	-61.360001	0.000001
1581.848022	-61.220001	0.000001
1581.864014	-61.110001	0.000001
1581.880005	-60.939999	0.000001
1581.895996	-60.669998	0.000001
1581.911987	-60.330002	0.000001
1581.927979	-59.980000	0.000001
1581.943970	-59.630001	0.000001
1581.959961	-59.389999	0.000001
1581.975952	-59.200001	0.000001
1581.991943	-59.070000	0.000001
1582.008057	-58.900002	0.000001
1582.024048	-58.810001	0.000001
1582.040039	-58.619999	0.000001
1582.056030	-58.230000	0.000002
1582.072021	-57.770000	0.000002
1582.088013	-57.439999	0.000002
1582.104004	-57.119999	0.000002
1582.119995	-56.869999	0.000002
1582.135986	-56.770000	0.000002
1582.151978	-56.619999	0.000002
1582.167969	-56.419998	0.000002
1582.183960	-56.180000	0.000002
1582.199951	-55.720001	0.000003
1582.215942	-55.200001	0.000003
1582.232056	-54.750000	0.000003
1582.248047	-54.419998	0.000004
1582.264038	-54.169998	0.000004
1582.280029	-54.060001	0.000004
1582.296021	-53.919998	0.000004
1582.312012	-53.770000	0.000004
1582.328003	-53.560001	0.000004
1582.343994	-53.169998	0.000005
1582.359985	-52.669998	0.000005
1582.375977	-52.240002	0.000006
1582.391968	-51.770000	0.000007
1582.407959	-51.439999	0.000007
1582.423950	-51.500000	0.000007
1582.439941	-51.310001	0.000007
1582.456055	-51.189999	0.000008
1582.472046	-51.080002	0.000008
1582.488037	-50.830002	0.000008
1582.504028	-50.410000	0.000009
1582.520020	-49.970001	0.000010
1582.536011	-49.549999	0.000011
1582.552002	-49.290001	0.000012
1582.567993	-49.189999	0.000012
1582.583984	-49.060001	0.000012
1582.599976	-48.950001	0.000013
1582.615967	-48.880001	0.000013
1582.631958	-48.770000	0.000013
1582.647949	-48.619999	0.000014
1582.663940	-48.400002	0.000014
1582.680054	-48.180000	0.000015
1582.696045	-47.959999	0.000016
1582.712036	-47.849998	0.000016
1582.728027	-47.790001	0.000017
1582.744019	-47.799999	0.000017
1582.760010	-47.830002	0.000016
1582.776001	-47.849998	0.000016
1582.791992	-47.810001	0.000017
1582.807983	-47.669998	0.000017
1582.823975	-47.540001	0.000018
1582.839966	-47.430000	0.000018
1582.855957	-47.349998	0.000018
1582.871948	-47.310001	0.000019
1582.887939	-47.290001	0.000019
1582.904053	-47.349998	0.000018
1582.920044	-47.470001	0.000018
1582.936035	-47.560001	0.000018
1582.952026	-47.560001	0.000018
1582.968018	-47.430000	0.000018
1582.984009	-47.240002	0.000019
1583.000000	-47.070000	0.000020
1583.015991	-47.029999	0.000020
1583.031982	-47.049999	0.000020
1583.047974	-47.099998	0.000019
1583.063965	-47.169998	0.000019
1583.079956	-47.209999	0.000019
1583.095947	-47.139999	0.000019
1583.112061	-47.000000	0.000020
1583.128052	-46.830002	0.000021
1583.144043	-46.730000	0.000021
1583.160034	-46.639999	0.000022
1583.176025	-46.610001	0.000022
1583.192017	-46.639999	0.000022
1583.208008	-46.720001	0.000021
1583.223999	-46.820000	0.000021
1583.239990	-46.880001	0.000021
1583.255981	-46.869999	0.000021
1583.271973	-46.770000	0.000021
1583.287964	-46.680000	0.000021
1583.303955	-46.660000	0.000022
1583.319946	-46.689999	0.000021
1583.336060	-46.759998	0.000021
1583.352051	-46.869999	0.000021
1583.368042	-47.060001	0.000020
1583.384033	-47.270000	0.000019
1583.400024	-47.400002	0.000018
1583.416016	-47.450001	0.000018
1583.432007	-47.430000	0.000018
1583.447998	-47.400002	0.000018
1583.463989	-47.419998	0.000018
1583.479980	-47.540001	0.000018
1583.495972	-47.730000	0.000017
1583.511963	-47.990002	0.000016
1583.527954	-48.250000	0.000015
1583.543945	-48.459999	0.000014
1583.560059	-48.580002	0.000014
1583.576050	-48.580002	0.000014
1583.592041	-48.590000	0.000014
1583.608032	-48.650002	0.000014
1583.624023	-48.759998	0.000013
1583.640015	-48.910000	0.000013
1583.656006	-49.119999	0.000012
1583.671997	-49.400002	0.000011
1583.687988	-49.599998	0.000011
1583.703979	-49.669998	0.000011
1583.719971	-49.630001	0.000011
1583.735962	-49.529999	0.000011
1583.751953	-49.459999	0.000011
1583.767944	-49.470001	0.000011
1583.784058	-49.549999	0.000011
1583.800049	-49.680000	0.000011
1583.816040	-49.820000	0.000010
1583.832031	-50.000000	0.000010
1583.848022	-50.110001	0.000010
1583.864014	-50.080002	0.000010
1583.880005	-49.919998	0.000010
1583.895996	-49.799999	0.000010
1583.911987	-49.770000	0.000011
1583.927979	-49.770000	0.000011
1583.943970	-49.860001	0.000010
1583.959961	-50.029999	0.000010
1583.975952	-50.259998	0.000009
1583.991943	-50.410000	0.000009
1584.008057	-50.410000	0.000009
1584.024048	-50.240002	0.000009
1584.040039	-50.049999	0.000010
1584.056030	-50.009998	0.000010
1584.072021	-50.070000	0.000010
1584.088013	-50.200001	0.000010
1584.104004	-50.340000	0.000009
1584.119995	-50.560001	0.000009
1584.135986	-50.740002	0.000008
1584.151978	-50.770000	0.000008
1584.167969	-50.680000	0.000009
1584.183960	-50.610001	0.000009
1584.199951	-50.580002	0.000009
1584.215942	-50.599998	0.000009
1584.232056	-50.669998	0.000009
1584.248047	-50.880001	0.000008
1584.264038	-51.180000	0.000008
1584.280029	-51.439999	0.000007
1584.296021	-51.639999	0.000007
1584.312012	-51.680000	0.000007
1584.328003	-51.619999	0.000007
1584.343994	-51.590000	0.000007
1584.359985	-51.630001	0.000007
1584.375977	-51.720001	0.000007
1584.391968	-51.860001	0.000007
1584.407959	-52.099998	0.000006
1584.423950	-52.389999	0.000006
1584.439941	-52.730000	0.000005
1584.456055	-52.810001	0.000005
1584.472046	-52.750000	0.000005
1584.488037	-52.689999	0.000005
1584.504028	-52.660000	0.000005
1584.520020	-52.669998	0.000005
1584.536011	-52.849998	0.000005
1584.552002	-53.119999	0.000005
1584.567993	-53.419998	0.000005
1584.583984	-53.669998	0.000004
1584.599976	-53.790001	0.000004
1584.615967	-53.720001	0.000004
1584.631958	-53.580002	0.000004
1584.647949	-53.520000	0.000004
1584.663940	-53.529999	0.000004
1584.680054	-53.599998	0.000004
1584.696045	-53.779999	0.000004
1584.712036	-53.959999	0.000004
1584.728027	-54.169998	0.000004
1584.744019	-54.150002	0.000004
1584.760010	-54.060001	0.000004
1584.776001	-53.950001	0.000004
1584.791992	-53.869999	0.000004
1584.807983	-53.849998	0.000004
1584.823975	-53.900002	0.000004
1584.839966	-54.029999	0.000004
1584.855957	-54.200001	0.000004
1584.871948	-54.419998	0.000004
1584.887939	-54.650002	0.000003
1584.904053	-54.689999	0.000003
1584.920044	-54.560001	0.000003
1584.936035	-54.419998	0.000004
1584.952026	-54.419998	0.000004
1584.968018	-54.459999	0.000004
1584.984009	-54.630001	0.000003
1585.000000	-54.849998	0.000003
1585.015991	-55.130001	0.000003
1585.031982	-55.310001	0.000003
1585.047974	-55.270000	0.000003
1585.063965	-55.200001	0.000003
1585.079956	-55.110001	0.000003
1585.095947	-55.090000	0.000003
1585.112061	-55.150002	0.000003
1585.128052	-55.259998	0.000003
1585.144043	-55.470001	0.000003
1585.160034	-55.700001	0.000003
1585.176025	-55.930000	0.000003
1585.192017	-56.029999	0.000002
1585.208008	-55.939999	0.000003
1585.223999	-55.759998	0.000003
1585.239990	-55.689999	0.000003
1585.255981	-55.680000	0.000003
1585.271973	-55.730000	0.000003
1585.287964	-55.840000	0.000003
1585.303955	-56.009998	0.000003
1585.319946	-56.180000	0.000002
1585.336060	-56.250000	0.000002
1585.352051	-56.209999	0.000002
1585.368042	-56.040001	0.000002
1585.384033	-55.880001	0.000003
1585.400024	-55.750000	0.000003
1585.416016	-55.740002	0.000003
1585.432007	-55.799999	0.000003
1585.447998	-55.930000	0.000003
1585.463989	-56.110001	0.000002
1585.479980	-56.220001	0.000002
1585.495972	-56.220001	0.000002
1585.511963	-56.049999	0.000002
1585.527954	-55.919998	0.000003
1585.543945	-55.860001	0.000003
1585.560059	-55.869999	0.000003
1585.576050	-55.930000	0.000003
1585.592041	-56.070000	0.000002
1585.608032	-56.240002	0.000002
1585.624023	-56.360001	0.000002
1585.640015	-56.450001	0.000002
1585.656006	-56.439999	0.000002
1585.671997	-56.340000	0.000002
1585.687988	-56.230000	0.000002
1585.703979	-56.200001	0.000002
1585.719971	-56.250000	0.000002
1585.735962	-56.380001	0.000002
1585.751953	-56.599998	0.000002
1585.767944	-56.849998	0.000002
1585.784058	-57.009998	0.000002
1585.800049	-57.099998	0.000002
1585.816040	-57.060001	0.000002
1585.832031	-57.040001	0.000002
1585.848022	-57.040001	0.000002
1585.864014	-57.110001	0.000002
1585.880005	-57.200001	0.000002
1585.895996	-57.369999	0.000002
1585.911987	-57.590000	0.000002
1585.927979	-57.750000	0.000002
1585.943970	-57.860001	0.000002
1585.959961	-57.820000	0.000002
1585.975952	-57.759998	0.000002
1585.991943	-57.669998	0.000002
1586.008057	-57.709999	0.000002
1586.024048	-57.799999	0.000002
1586.040039	-57.930000	0.000002
1586.056030	-58.180000	0.000002
1586.072021	-58.349998	0.000001
1586.088013	-58.459999	0.000001
1586.104004	-58.450001	0.000001
1586.119995	-58.439999	0.000001
1586.135986	-58.380001	0.000001
1586.151978	-58.360001	0.000001
1586.167969	-58.410000	0.000001
1586.183960	-58.549999	0.000001
1586.199951	-58.720001	0.000001
1586.215942	-58.849998	0.000001
1586.232056	-59.060001	0.000001
1586.248047	-59.110001	0.000001
1586.264038	-59.090000	0.000001
1586.280029	-58.990002	0.000001
1586.296021	-59.060001	0.000001
1586.312012	-59.150002	0.000001
1586.328003	-59.360001	0.000001
1586.343994	-59.660000	0.000001
1586.359985	-59.919998	0.000001
1586.375977	-60.230000	0.000001
1586.391968	-60.439999	0.000001
1586.407959	-60.599998	0.000001
1586.423950	-60.660000	0.000001
1586.439941	-60.770000	0.000001
1586.456055	-60.910000	0.000001
1586.472046	-61.160000	0.000001
1586.488037	-61.509998	0.000001
1586.504028	-61.889999	0.000001
1586.520020	-62.419998	0.000001
1586.536011	-62.830002	0.000001
1586.552002	-63.000000	0.000001
1586.567993	-63.290001	0.000000
1586.583984	-63.490002	0.000000
1586.599976	-63.700001	0.000000
1586.615967	-64.070000	0.000000
1586.631958	-64.550003	0.000000
1586.647949	-65.160004	0.000000
1586.663940	-65.970001	0.000000
1586.680054	-66.720001	0.000000
1586.696045	-67.099998	0.000000
1586.712036	-67.790001	0.000000
1586.728027	-67.959999	0.000000
1586.744019	-68.180000	0.000000
1586.760010	-68.849998	0.000000
1586.776001	-69.470001	0.000000
1586.791992	-70.110001	0.000000
1586.807983	-71.620003	0.000000
1586.823975	-72.139999	0.000000
1586.839966	-72.470001	0.000000
1586.855957	-74.650002	0.000000
1586.871948	-73.680000	0.000000
1586.887939	-75.309998	0.000000
1586.904053	-74.300003	0.000000
1586.920044	-75.529999	0.000000
1586.936035	-75.620003	0.000000
1586.952026	-77.239998	0.000000
1586.968018	-75.529999	0.000000
1586.984009	-74.870003	0.000000
1587.000000	-80.669998	0.000000
1587.015991	-76.930000	0.000000
1587.031982	-77.110001	0.000000
1587.047974	-77.110001	0.000000
1587.063965	-75.750000	0.000000
1587.079956	-75.949997	0.000000
1587.095947	-76.519997	0.000000
1587.112061	-78.809998	0.000000
1587.128052	-75.070000	0.000000
1587.144043	-75.900002	0.000000
1587.160034	-76.809998	0.000000
1587.176025	-75.800003	0.000000
1587.192017	-76.870003	0.000000
1587.208008	-210.000000	0.000000
1587.223999	-78.040001	0.000000
1587.239990	-78.720001	0.000000
1587.255981	-78.720001	0.000000
1587.271973	-77.309998	0.000000
1587.287964	-79.529999	0.000000
1587.303955	-76.040001	0.000000
1587.319946	-77.110001	0.000000
1587.336060	-83.129997	0.000000
1587.352051	-88.449997	0.000000
1587.368042	-78.629997	0.000000
1587.384033	-86.989998	0.000000
1587.400024	-80.669998	0.000000
1587.416016	-80.669998	0.000000
1587.432007	-87.660004	0.000000
1587.447998	-210.000000	0.000000
1587.463989	-82.430000	0.000000
1587.479980	-80.669998	0.000000
1587.495972	-83.400002	0.000000
1587.511963	-210.000000	0.000000
1587.527954	-95.440002	0.000000
1587.543945	-79.529999	0.000000
1587.560059	-210.000000	0.000000
1587.576050	-81.290001	0.000000
1587.592041	-210.000000	0.000000
1587.608032	-90.669998	0.000000
1587.624023	-210.000000	0.000000
1587.640015	-80.120003	0.000000
1587.656006	-92.430000	0.000000
1587.671997	-210.000000	0.000000
1587.687988	-210.000000	0.000000
1587.703979	-82.889999	0.000000
1587.719971	-83.980003	0.000000
1587.735962	-210.000000	0.000000
1587.751953	-81.639999	0.000000
1587.767944	-88.449997	0.000000
1587.784058	-81.820000	0.000000
1587.800049	-90.669998	0.000000
1587.816040	-80.970001	0.000000
1587.832031	-78.720001	0.000000
1587.848022	-84.300003	0.000000
1587.864014	-85.440002	0.000000
1587.880005	-210.000000	0.000000
1587.895996	-81.639999	0.000000
1587.911987	-210.000000	0.000000
1587.927979	-78.040001	0.000000
1587.943970	-77.879997	0.000000
1587.959961	-210.000000	0.000000
1587.975952	-92.430000	0.000000
1587.991943	-80.250000	0.000000
1588.008057	-95.430000	0.000000
1588.024048	-80.660004	0.000000
1588.040039	-82.639999	0.000000
1588.056030	-210.000000	0.000000
1588.072021	-90.660004	0.000000
1588.088013	-79.410004	0.000000
1588.104004	-78.709999	0.000000
1588.119995	-210.000000	0.000000
1588.135986	-79.870003	0.000000
1588.151978	-88.440002	0.000000
1588.167969	-210.000000	0.000000
1588.183960	-78.989998	0.000000
1588.199951	-210.000000	0.000000
1588.215942	-210.000000	0.000000
1588.232056	-81.120003	0.000000
1588.248047	-210.000000	0.000000
1588.264038	-82.209999	0.000000
1588.280029	-82.419998	0.000000
1588.296021	-82.419998	0.000000
1588.312012	-80.809998	0.000000
1588.328003	-87.650002	0.000000
1588.343994	-210.000000	0.000000
1588.359985	-210.000000	0.000000
1588.375977	-210.000000	0.000000
1588.391968	-78.349998	0.000000
1588.407959	-81.809998	0.000000
1588.423950	-82.419998	0.000000
1588.439941	-85.889999	0.000000
1588.456055	-210.000000	0.000000
1588.472046	-210.000000	0.000000
1588.488037	-89.410004	0.000000
1588.504028	-82.639999	0.000000
1588.520020	-210.000000	0.000000
1588.536011	-87.650002	0.000000
1588.552002	-81.449997	0.000000
1588.567993	-210.000000	0.000000
1588.583984	-210.000000	0.000000
1588.599976	-79.750000	0.000000
1588.615967	-80.519997	0.000000
1588.631958	-210.000000	0.000000
1588.647949	-210.000000	0.000000
1588.663940	-83.669998	0.000000
1588.680054	-90.660004	0.000000
1588.696045	-210.000000	0.000000
1588.712036	-210.000000	0.000000
1588.728027	-90.660004	0.000000
1588.744019	-210.000000	0.000000
1588.760010	-81.809998	0.000000
1588.776001	-210.000000	0.000000
1588.791992	-210.000000	0.000000
1588.807983	-210.000000	0.000000
1588.823975	-78.800003	0.000000
1588.839966	-82.639999	0.000000
1588.855957	-210.000000	0.000000
1588.871948	-85.889999	0.000000
1588.887939	-210.000000	0.000000
1588.904053	-81.449997	0.000000
1588.920044	-210.000000	0.000000
1588.936035	-85.889999	0.000000
1588.952026	-210.000000	0.000000
1588.968018	-210.000000	0.000000
1588.984009	-210.000000	0.000000
1589.000000	-88.440002	0.000000
1589.015991	-210.000000	0.000000
1589.031982	-210.000000	0.000000
1589.047974	-210.000000	0.000000
1589.063965	-78.110001	0.000000
1589.079956	-210.000000	0.000000
1589.095947	-210.000000	0.000000
1589.112061	-210.000000	0.000000
1589.128052	-210.000000	0.000000
1589.144043	-78.110001	0.000000
1589.160034	-210.000000	0.000000
1589.176025	-85.430000	0.000000
1589.192017	-81.809998	0.000000
1589.208008	-210.000000	0.000000
1589.223999	-210.000000	0.000000
1589.239990	-210.000000	0.000000
1589.255981	-210.000000	0.000000
1589.271973	-210.000000	0.000000
1589.287964	-78.349998	0.000000
1589.303955	-210.000000	0.000000
1589.319946	-82.010002	0.000000
1589.336060	-210.000000	0.000000
1589.352051	-210.000000	0.000000
1589.368042	-83.120003	0.000000
1589.384033	-210.000000	0.000000
1589.400024	-210.000000	0.000000
1589.416016	-210.000000	0.000000
1589.432007	-83.389999	0.000000
1589.447998	-210.000000	0.000000
1589.463989	-210.000000	0.000000
1589.479980	-85.889999	0.000000
1589.495972	-210.000000	0.000000
1589.511963	-210.000000	0.000000
1589.527954	-210.000000	0.000000
1589.543945	-82.879997	0.000000
1589.560059	-210.000000	0.000000
1589.576050	-210.000000	0.000000
1589.592041	-210.000000	0.000000
1589.608032	-85.019997	0.000000
1589.624023	-210.000000	0.000000
1589.640015	-82.010002	0.000000
1589.656006	-82.419998	0.000000
1589.671997	-95.430000	0.000000
1589.687988	-83.970001	0.000000
1589.703979	-210.000000	0.000000
1589.719971	-210.000000	0.000000
1589.735962	-92.419998	0.000000
1589.751953	-89.410004	0.000000
1589.767944	-210.000000	0.000000
1589.784058	-210.000000	0.000000
1589.800049	-83.970001	0.000000
1589.816040	-210.000000	0.000000
1589.832031	-210.000000	0.000000
1589.848022	-210.000000	0.000000
1589.864014	-210.000000	0.000000
1589.880005	-210.000000	0.000000
1589.895996	-85.889999	0.000000
1589.911987	-95.430000	0.000000
1589.927979	-81.449997	0.000000
1589.943970	-81.449997	0.000000
1589.959961	-82.010002	0.000000
1589.975952	-81.449997	0.000000
1589.991943	-210.000000	0.000000
1590.008057	-83.970001	0.000000
1590.024048	-210.000000	0.000000
1590.040039	-210.000000	0.000000
1590.056030	-210.000000	0.000000
1590.072021	-210.000000	0.000000
1590.088013	-210.000000	0.000000
1590.104004	-80.239998	0.000000
1590.119995	-80.519997	0.000000
1590.135986	-82.419998	0.000000
1590.151978	-210.000000	0.000000
1590.167969	-210.000000	0.000000
1590.183960	-210.000000	0.000000
1590.199951	-83.970001	0.000000
1590.215942	-86.400002	0.000000
1590.232056	-85.430000	0.000000
1590.248047	-81.279999	0.000000
1590.264038	-210.000000	0.000000
1590.280029	-82.639999	0.000000
1590.296021	-81.629997	0.000000
1590.312012	-86.400002	0.000000
1590.328003	-210.000000	0.000000
1590.343994	-210.000000	0.000000
1590.359985	-210.000000	0.000000
1590.375977	-210.000000	0.000000
1590.391968	-210.000000	0.000000
1590.407959	-90.660004	0.000000
1590.423950	-210.000000	0.000000
1590.439941	-210.000000	0.000000
1590.456055	-84.290001	0.000000
1590.472046	-210.000000	0.000000
1590.488037	-82.639999	0.000000
1590.504028	-210.000000	0.000000
1590.520020	-210.000000	0.000000
1590.536011	-90.650002	0.000000
1590.552002	-210.000000	0.000000
1590.567993	-210.000000	0.000000
1590.583984	-81.269997	0.000000
1590.599976	-210.000000	0.000000
1590.615967	-210.000000	0.000000
1590.631958	-210.000000	0.000000
1590.647949	-210.000000	0.000000
1590.663940	-210.000000	0.000000
1590.680054	-80.099998	0.000000
1590.696045	-79.620003	0.000000
1590.712036	-83.379997	0.000000
1590.728027	-210.000000	0.000000
1590.744019	-210.000000	0.000000
1590.760010	-210.000000	0.000000
1590.776001	-210.000000	0.000000
1590.791992	-78.610001	0.000000
1590.807983	-210.000000	0.000000
1590.823975	-210.000000	0.000000
1590.839966	-81.440002	0.000000
1590.855957	-210.000000	0.000000
1590.871948	-81.269997	0.000000
1590.887939	-210.000000	0.000000
1590.904053	-84.629997	0.000000
1590.920044	-90.650002	0.000000
1590.936035	-210.000000	0.000000
1590.952026	-210.000000	0.000000
1590.968018	-92.410004	0.000000
1590.984009	-210.000000	0.000000
1591.000000	-210.000000	0.000000
