Wavelength (nm)	Transmission (dBm)	Linear Transmission
1575.000000	-210.000000	0.000000
1575.015991	-210.000000	0.000000
1575.031982	-85.430000	0.000000
1575.047974	-210.000000	0.000000
1575.063965	-95.430000	0.000000
1575.079956	-85.889999	0.000000
1575.095947	-210.000000	0.000000
1575.112061	-210.000000	0.000000
1575.128052	-210.000000	0.000000
1575.144043	-210.000000	0.000000
1575.160034	-210.000000	0.000000
1575.176025	-82.419998	0.000000
1575.192017	-85.889999	0.000000
1575.208008	-81.120003	0.000000
1575.223999	-86.400002	0.000000
1575.239990	-210.000000	0.000000
1575.255981	-81.279999	0.000000
1575.271973	-83.389999	0.000000
1575.287964	-210.000000	0.000000
1575.303955	-85.430000	0.000000
1575.319946	-210.000000	0.000000
1575.336060	-85.889999	0.000000
1575.352051	-80.110001	0.000000
1575.368042	-210.000000	0.000000
1575.384033	-84.639999	0.000000
1575.400024	-210.000000	0.000000
1575.416016	-210.000000	0.000000
1575.432007	-210.000000	0.000000
1575.447998	-82.419998	0.000000
1575.463989	-210.000000	0.000000
1575.479980	-210.000000	0.000000
1575.495972	-86.410004	0.000000
1575.511963	-90.669998	0.000000
1575.527954	-210.000000	0.000000
1575.543945	-86.410004	0.000000
1575.560059	-210.000000	0.000000
1575.576050	-210.000000	0.000000
1575.592041	-210.000000	0.000000
1575.608032	-210.000000	0.000000
1575.624023	-210.000000	0.000000
1575.640015	-79.099998	0.000000
1575.656006	-89.419998	0.000000
1575.671997	-210.000000	0.000000
1575.687988	-83.980003	0.000000
1575.703979	-85.440002	0.000000
1575.719971	-210.000000	0.000000
1575.735962	-82.889999	0.000000
1575.751953	-210.000000	0.000000
1575.767944	-210.000000	0.000000
1575.784058	-210.000000	0.000000
1575.800049	-210.000000	0.000000
1575.816040	-83.400002	0.000000
1575.832031	-92.430000	0.000000
1575.848022	-210.000000	0.000000
1575.864014	-84.300003	0.000000
1575.880005	-82.220001	0.000000
1575.895996	-86.410004	0.000000
1575.911987	-83.980003	0.000000
1575.927979	-210.000000	0.000000
1575.943970	-210.000000	0.000000
1575.959961	-210.000000	0.000000
1575.975952	-210.000000	0.000000
1575.991943	-210.000000	0.000000
1576.008057	-95.440002	0.000000
1576.024048	-80.529999	0.000000
1576.040039	-79.209999	0.000000
1576.056030	-86.410004	0.000000
1576.072021	-85.440002	0.000000
1576.088013	-85.440002	0.000000
1576.104004	-210.000000	0.000000
1576.119995	-210.000000	0.000000
1576.135986	-95.440002	0.000000
1576.151978	-210.000000	0.000000
1576.167969	-210.000000	0.000000
1576.183960	-210.000000	0.000000
1576.199951	-210.000000	0.000000
1576.215942	-82.889999	0.000000
1576.232056	-84.650002	0.000000
1576.248047	-210.000000	0.000000
1576.264038	-82.650002	0.000000
1576.280029	-210.000000	0.000000
1576.296021	-81.639999	0.000000
1576.312012	-210.000000	0.000000
1576.328003	-85.900002	0.000000
1576.343994	-210.000000	0.000000
1576.359985	-210.000000	0.000000
1576.375977	-87.660004	0.000000
1576.391968	-210.000000	0.000000
1576.407959	-80.389999	0.000000
1576.423950	-95.440002	0.000000
1576.439941	-79.529999	0.000000
1576.456055	-210.000000	0.000000
1576.472046	-210.000000	0.000000
1576.488037	-85.440002	0.000000
1576.504028	-210.000000	0.000000
1576.520020	-81.129997	0.000000
1576.536011	-210.000000	0.000000
1576.552002	-210.000000	0.000000
1576.567993	-210.000000	0.000000
1576.583984	-86.410004	0.000000
1576.599976	-210.000000	0.000000
1576.615967	-78.279999	0.000000
1576.631958	-82.430000	0.000000
1576.647949	-210.000000	0.000000
1576.663940	-210.000000	0.000000
1576.680054	-210.000000	0.000000
1576.696045	-83.680000	0.000000
1576.712036	-210.000000	0.000000
1576.728027	-210.000000	0.000000
1576.744019	-82.650002	0.000000
1576.760010	-210.000000	0.000000
1576.776001	-210.000000	0.000000
1576.791992	-210.000000	0.000000
1576.807983	-84.650002	0.000000
1576.823975	-210.000000	0.000000
1576.839966	-210.000000	0.000000
1576.855957	-85.900002	0.000000
1576.871948	-210.000000	0.000000
1576.887939	-83.680000	0.000000
1576.904053	-80.970001	0.000000
1576.920044	-210.000000	0.000000
1576.936035	-210.000000	0.000000
1576.952026	-210.000000	0.000000
1576.968018	-84.650002	0.000000
1576.984009	-210.000000	0.000000
1577.000000	-210.000000	0.000000
1577.015991	-210.000000	0.000000
1577.031982	-210.000000	0.000000
1577.047974	-210.000000	0.000000
1577.063965	-89.419998	0.000000
1577.079956	-210.000000	0.000000
1577.095947	-210.000000	0.000000
1577.112061	-95.440002	0.000000
1577.128052	-210.000000	0.000000
1577.144043	-79.879997	0.000000
1577.160034	-210.000000	0.000000
1577.176025	-83.680000	0.000000
1577.192017	-210.000000	0.000000
1577.208008	-82.220001	0.000000
1577.223999	-81.820000	0.000000
1577.239990	-210.000000	0.000000
1577.255981	-84.650002	0.000000
1577.271973	-82.220001	0.000000
1577.287964	-86.410004	0.000000
1577.303955	-84.300003	0.000000
1577.319946	-210.000000	0.000000
1577.336060	-95.440002	0.000000
1577.352051	-210.000000	0.000000
1577.368042	-86.410004	0.000000
1577.384033	-210.000000	0.000000
1577.400024	-84.650002	0.000000
1577.416016	-82.650002	0.000000
1577.432007	-210.000000	0.000000
1577.447998	-210.000000	0.000000
1577.463989	-210.000000	0.000000
1577.479980	-210.000000	0.000000
1577.495972	-210.000000	0.000000
1577.511963	-210.000000	0.000000
1577.527954	-210.000000	0.000000
1577.543945	-210.000000	0.000000
1577.560059	-210.000000	0.000000
1577.576050	-80.389999	0.000000
1577.592041	-85.029999	0.000000
1577.608032	-210.000000	0.000000
1577.624023	-210.000000	0.000000
1577.640015	-210.000000	0.000000
1577.656006	-210.000000	0.000000
1577.671997	-90.669998	0.000000
1577.687988	-210.000000	0.000000
1577.703979	-210.000000	0.000000
1577.719971	-210.000000	0.000000
1577.735962	-82.220001	0.000000
1577.751953	-210.000000	0.000000
1577.767944	-78.120003	0.000000
1577.784058	-82.889999	0.000000
1577.800049	-210.000000	0.000000
1577.816040	-210.000000	0.000000
1577.832031	-210.000000	0.000000
1577.848022	-210.000000	0.000000
1577.864014	-77.730003	0.000000
1577.880005	-85.029999	0.000000
1577.895996	-80.120003	0.000000
1577.911987	-210.000000	0.000000
1577.927979	-210.000000	0.000000
1577.943970	-90.669998	0.000000
1577.959961	-95.440002	0.000000
1577.975952	-210.000000	0.000000
1577.991943	-89.430000	0.000000
1578.008057	-210.000000	0.000000
1578.024048	-82.440002	0.000000
1578.040039	-210.000000	0.000000
1578.056030	-210.000000	0.000000
1578.072021	-210.000000	0.000000
1578.088013	-210.000000	0.000000
1578.104004	-83.690002	0.000000
1578.119995	-82.900002	0.000000
1578.135986	-85.449997	0.000000
1578.151978	-78.730003	0.000000
1578.167969	-210.000000	0.000000
1578.183960	-210.000000	0.000000
1578.199951	-210.000000	0.000000
1578.215942	-81.650002	0.000000
1578.232056	-210.000000	0.000000
1578.248047	-210.000000	0.000000
1578.264038	-210.000000	0.000000
1578.280029	-86.419998	0.000000
1578.296021	-210.000000	0.000000
1578.312012	-81.470001	0.000000
1578.328003	-87.669998	0.000000
1578.343994	-210.000000	0.000000
1578.359985	-210.000000	0.000000
1578.375977	-210.000000	0.000000
1578.391968	-210.000000	0.000000
1578.407959	-82.440002	0.000000
1578.423950	-83.139999	0.000000
1578.439941	-79.320000	0.000000
1578.456055	-81.139999	0.000000
1578.472046	-83.989998	0.000000
1578.488037	-95.449997	0.000000
1578.504028	-210.000000	0.000000
1578.520020	-87.000000	0.000000
1578.536011	-210.000000	0.000000
1578.552002	-210.000000	0.000000
1578.567993	-210.000000	0.000000
1578.583984	-90.680000	0.000000
1578.599976	-80.400002	0.000000
1578.615967	-95.449997	0.000000
1578.631958	-210.000000	0.000000
1578.647949	-210.000000	0.000000
1578.663940	-210.000000	0.000000
1578.680054	-210.000000	0.000000
1578.696045	-95.449997	0.000000
1578.712036	-84.660004	0.000000
1578.728027	-82.660004	0.000000
1578.744019	-210.000000	0.000000
1578.760010	-210.000000	0.000000
1578.776001	-85.910004	0.000000
1578.791992	-210.000000	0.000000
1578.807983	-210.000000	0.000000
1578.823975	-210.000000	0.000000
1578.839966	-210.000000	0.000000
1578.855957	-210.000000	0.000000
1578.871948	-90.680000	0.000000
1578.887939	-84.660004	0.000000
1578.904053	-210.000000	0.000000
1578.920044	-83.989998	0.000000
1578.936035	-210.000000	0.000000
1578.952026	-83.690002	0.000000
1578.968018	-210.000000	0.000000
1578.984009	-210.000000	0.000000
1579.000000	-79.889999	0.000000
1579.015991	-210.000000	0.000000
1579.031982	-83.410004	0.000000
1579.047974	-210.000000	0.000000
1579.063965	-80.540001	0.000000
1579.079956	-210.000000	0.000000
1579.095947	-84.660004	0.000000
1579.112061	-210.000000	0.000000
1579.128052	-83.410004	0.000000
1579.144043	-85.910004	0.000000
1579.160034	-210.000000	0.000000
1579.176025	-88.459999	0.000000
1579.192017	-210.000000	0.000000
1579.208008	-210.000000	0.000000
1579.223999	-210.000000	0.000000
1579.239990	-83.989998	0.000000
1579.255981	-210.000000	0.000000
1579.271973	-210.000000	0.000000
1579.287964	-84.660004	0.000000
1579.303955	-210.000000	0.000000
1579.319946	-210.000000	0.000000
1579.336060	-210.000000	0.000000
1579.352051	-210.000000	0.000000
1579.368042	-83.989998	0.000000
1579.384033	-82.900002	0.000000
1579.400024	-78.820000	0.000000
1579.416016	-80.830002	0.000000
1579.432007	-95.449997	0.000000
1579.447998	-83.410004	0.000000
1579.463989	-210.000000	0.000000
1579.479980	-90.680000	0.000000
1579.495972	-79.320000	0.000000
1579.511963	-88.459999	0.000000
1579.527954	-85.040001	0.000000
1579.543945	-85.040001	0.000000
1579.560059	-77.529999	0.000000
1579.576050	-210.000000	0.000000
1579.592041	-78.919998	0.000000
1579.608032	-210.000000	0.000000
1579.624023	-81.300003	0.000000
1579.640015	-78.129997	0.000000
1579.656006	-78.639999	0.000000
1579.671997	-79.889999	0.000000
1579.687988	-78.730003	0.000000
1579.703979	-84.660004	0.000000
1579.719971	-80.680000	0.000000
1579.735962	-80.680000	0.000000
1579.751953	-79.430000	0.000000
1579.767944	-78.639999	0.000000
1579.784058	-210.000000	0.000000
1579.800049	-78.639999	0.000000
1579.816040	-79.769997	0.000000
1579.832031	-77.250000	0.000000
1579.848022	-78.550003	0.000000
1579.864014	-77.820000	0.000000
1579.880005	-75.489998	0.000000
1579.895996	-74.800003	0.000000
1579.911987	-75.809998	0.000000
1579.927979	-74.660004	0.000000
1579.943970	-72.919998	0.000000
1579.959961	-73.750000	0.000000
1579.975952	-73.809998	0.000000
1579.991943	-72.800003	0.000000
1580.008057	-72.099998	0.000000
1580.024048	-70.059998	0.000000
1580.040039	-70.010002	0.000000
1580.056030	-68.370003	0.000000
1580.072021	-67.379997	0.000000
1580.088013	-67.019997	0.000000
1580.104004	-66.800003	0.000000
1580.119995	-66.410004	0.000000
1580.135986	-66.349998	0.000000
1580.151978	-66.349998	0.000000
1580.167969	-65.889999	0.000000
1580.183960	-65.739998	0.000000
1580.199951	-65.040001	0.000000
1580.215942	-64.550003	0.000000
1580.232056	-64.029999	0.000000
1580.248047	-63.599998	0.000000
1580.264038	-63.389999	0.000000
1580.280029	-63.189999	0.000000
1580.296021	-63.110001	0.000000
1580.312012	-62.930000	0.000001
1580.328003	-62.980000	0.000001
1580.343994	-62.820000	0.000001
1580.359985	-62.709999	0.000001
1580.375977	-62.580002	0.000001
1580.391968	-62.240002	0.000001
1580.407959	-61.830002	0.000001
1580.423950	-61.669998	0.000001
1580.439941	-61.400002	0.000001
1580.456055	-61.410000	0.000001
1580.472046	-61.310001	0.000001
1580.488037	-61.200001	0.000001
1580.504028	-61.139999	0.000001
1580.520020	-61.180000	0.000001
1580.536011	-61.230000	0.000001
1580.552002	-61.330002	0.000001
1580.567993	-61.150002	0.000001
1580.583984	-60.930000	0.000001
1580.599976	-60.570000	0.000001
1580.615967	-60.470001	0.000001
1580.631958	-60.470001	0.000001
1580.647949	-60.549999	0.000001
1580.663940	-60.590000	0.000001
1580.680054	-60.680000	0.000001
1580.696045	-60.759998	0.000001
1580.712036	-60.740002	0.000001
1580.728027	-60.570000	0.000001
1580.744019	-60.389999	0.000001
1580.760010	-60.240002	0.000001
1580.776001	-60.150002	0.000001
1580.791992	-60.139999	0.000001
1580.807983	-60.270000	0.000001
1580.823975	-60.369999	0.000001
1580.839966	-60.509998	0.000001
1580.855957	-60.509998	0.000001
1580.871948	-60.360001	0.000001
1580.887939	-60.090000	0.000001
1580.904053	-59.939999	0.000001
1580.920044	-59.889999	0.000001
1580.936035	-59.889999	0.000001
1580.952026	-59.900002	0.000001
1580.968018	-60.029999	0.000001
1580.984009	-60.220001	0.000001
1581.000000	-60.259998	0.000001
1581.015991	-60.180000	0.000001
1581.031982	-60.080002	0.000001
1581.047974	-59.840000	0.000001
1581.063965	-59.709999	0.000001
1581.079956	-59.619999	0.000001
1581.095947	-59.669998	0.000001
1581.112061	-59.830002	0.000001
1581.128052	-60.020000	0.000001
1581.144043	-60.099998	0.000001
1581.160034	-60.080002	0.000001
1581.176025	-59.980000	0.000001
1581.192017	-59.820000	0.000001
1581.208008	-59.770000	0.000001
1581.223999	-59.779999	0.000001
1581.239990	-59.849998	0.000001
1581.255981	-59.930000	0.000001
1581.271973	-60.040001	0.000001
1581.287964	-60.230000	0.000001
1581.303955	-60.279999	0.000001
1581.319946	-60.299999	0.000001
1581.336060	-60.119999	0.000001
1581.352051	-60.009998	0.000001
1581.368042	-59.990002	0.000001
1581.384033	-59.970001	0.000001
1581.400024	-60.099998	0.000001
1581.416016	-60.240002	0.000001
1581.432007	-60.299999	0.000001
1581.447998	-60.250000	0.000001
1581.463989	-60.130001	0.000001
1581.479980	-59.919998	0.000001
1581.495972	-59.770000	0.000001
1581.511963	-59.619999	0.000001
1581.527954	-59.549999	0.000001
1581.543945	-59.480000	0.000001
1581.560059	-59.330002	0.000001
1581.576050	-59.270000	0.000001
1581.592041	-59.099998	0.000001
1581.608032	-58.939999	0.000001
1581.624023	-58.459999	0.000001
1581.640015	-57.990002	0.000002
1581.656006	-57.759998	0.000002
1581.671997	-57.580002	0.000002
1581.687988	-57.490002	0.000002
1581.703979	-57.400002	0.000002
1581.719971	-57.250000	0.000002
1581.735962	-56.959999	0.000002
1581.751953	-56.560001	0.000002
1581.767944	-56.090000	0.000002
1581.784058	-55.709999	0.000003
1581.800049	-55.509998	0.000003
1581.816040	-55.240002	0.000003
1581.832031	-55.029999	0.000003
1581.848022	-54.889999	0.000003
1581.864014	-54.720001	0.000003
1581.880005	-54.540001	0.000004
1581.895996	-54.290001	0.000004
1581.911987	-53.860001	0.000004
1581.927979	-53.369999	0.000005
1581.943970	-52.980000	0.000005
1581.959961	-52.680000	0.000005
1581.975952	-52.480000	0.000006
1581.991943	-52.360001	0.000006
1582.008057	-52.220001	0.000006
1582.024048	-52.070000	0.000006
1582.040039	-51.860001	0.000007
1582.056030	-51.529999	0.000007
1582.072021	-51.209999	0.000008
1582.088013	-50.919998	0.000008
1582.104004	-50.639999	0.000009
1582.119995	-50.470001	0.000009
1582.135986	-50.340000	0.000009
1582.151978	-50.209999	0.000010
1582.167969	-50.080002	0.000010
1582.183960	-49.980000	0.000010
1582.199951	-49.759998	0.000011
1582.215942	-49.430000	0.000011
1582.232056	-49.160000	0.000012
1582.248047	-48.919998	0.000013
1582.264038	-48.790001	0.000013
1582.280029	-48.740002	0.000013
1582.296021	-48.709999	0.000013
1582.312012	-48.709999	0.000013
1582.328003	-48.689999	0.000014
1582.343994	-48.580002	0.000014
1582.359985	-48.400002	0.000014
1582.375977	-48.250000	0.000015
1582.391968	-48.070000	0.000016
1582.407959	-47.950001	0.000016
1582.423950	-47.889999	0.000016
1582.439941	-47.849998	0.000016
1582.456055	-47.860001	0.000016
1582.472046	-47.910000	0.000016
1582.488037	-47.959999	0.000016
1582.504028	-47.910000	0.000016
1582.520020	-47.779999	0.000017
1582.536011	-47.570000	0.000017
1582.552002	-47.439999	0.000018
1582.567993	-47.410000	0.000018
1582.583984	-47.419998	0.000018
1582.599976	-47.480000	0.000018
1582.615967	-47.590000	0.000017
1582.631958	-47.669998	0.000017
1582.647949	-47.650002	0.000017
1582.663940	-47.570000	0.000017
1582.680054	-47.439999	0.000018
1582.696045	-47.310001	0.000019
1582.712036	-47.240002	0.000019
1582.728027	-47.209999	0.000019
1582.744019	-47.250000	0.000019
1582.760010	-47.330002	0.000018
1582.776001	-47.430000	0.000018
1582.791992	-47.470001	0.000018
1582.807983	-47.360001	0.000018
1582.823975	-47.200001	0.000019
1582.839966	-47.060001	0.000020
1582.855957	-46.990002	0.000020
1582.871948	-46.970001	0.000020
1582.887939	-46.990002	0.000020
1582.904053	-47.060001	0.000020
1582.920044	-47.130001	0.000019
1582.936035	-47.189999	0.000019
1582.952026	-47.230000	0.000019
1582.968018	-47.189999	0.000019
1582.984009	-47.090000	0.000020
1583.000000	-46.990002	0.000020
1583.015991	-46.950001	0.000020
1583.031982	-46.959999	0.000020
1583.047974	-47.049999	0.000020
1583.063965	-47.209999	0.000019
1583.079956	-47.419998	0.000018
1583.095947	-47.520000	0.000018
1583.112061	-47.500000	0.000018
1583.128052	-47.430000	0.000018
1583.144043	-47.400002	0.000018
1583.160034	-47.419998	0.000018
1583.176025	-47.500000	0.000018
1583.192017	-47.639999	0.000017
1583.208008	-47.799999	0.000017
1583.223999	-48.000000	0.000016
1583.239990	-48.180000	0.000015
1583.255981	-48.259998	0.000015
1583.271973	-48.230000	0.000015
1583.287964	-48.160000	0.000015
1583.303955	-48.119999	0.000015
1583.319946	-48.160000	0.000015
1583.336060	-48.279999	0.000015
1583.352051	-48.450001	0.000014
1583.368042	-48.689999	0.000014
1583.384033	-48.919998	0.000013
1583.400024	-48.990002	0.000013
1583.416016	-48.950001	0.000013
1583.432007	-48.860001	0.000013
1583.447998	-48.790001	0.000013
1583.463989	-48.770000	0.000013
1583.479980	-48.799999	0.000013
1583.495972	-48.880001	0.000013
1583.511963	-49.009998	0.000013
1583.527954	-49.169998	0.000012
1583.543945	-49.299999	0.000012
1583.560059	-49.279999	0.000012
1583.576050	-49.110001	0.000012
1583.592041	-48.959999	0.000013
1583.608032	-48.910000	0.000013
1583.624023	-48.939999	0.000013
1583.640015	-49.029999	0.000013
1583.656006	-49.189999	0.000012
1583.671997	-49.369999	0.000012
1583.687988	-49.450001	0.000011
1583.703979	-49.389999	0.000012
1583.719971	-49.270000	0.000012
1583.735962	-49.130001	0.000012
1583.751953	-49.029999	0.000013
1583.767944	-49.009998	0.000013
1583.784058	-49.029999	0.000013
1583.800049	-49.119999	0.000012
1583.816040	-49.250000	0.000012
1583.832031	-49.430000	0.000011
1583.848022	-49.490002	0.000011
1583.864014	-49.360001	0.000012
1583.880005	-49.130001	0.000012
1583.895996	-48.980000	0.000013
1583.911987	-48.950001	0.000013
1583.927979	-48.980000	0.000013
1583.943970	-49.080002	0.000012
1583.959961	-49.209999	0.000012
1583.975952	-49.369999	0.000012
1583.991943	-49.459999	0.000011
1584.008057	-49.450001	0.000011
1584.024048	-49.279999	0.000012
1584.040039	-49.110001	0.000012
1584.056030	-49.049999	0.000012
1584.072021	-49.060001	0.000012
1584.088013	-49.169998	0.000012
1584.104004	-49.310001	0.000012
1584.119995	-49.549999	0.000011
1584.135986	-49.709999	0.000011
1584.151978	-49.689999	0.000011
1584.167969	-49.549999	0.000011
1584.183960	-49.450001	0.000011
1584.199951	-49.430000	0.000011
1584.215942	-49.480000	0.000011
1584.232056	-49.560001	0.000011
1584.248047	-49.730000	0.000011
1584.264038	-49.980000	0.000010
1584.280029	-50.209999	0.000010
1584.296021	-50.389999	0.000009
1584.312012	-50.430000	0.000009
1584.328003	-50.369999	0.000009
1584.343994	-50.299999	0.000009
1584.359985	-50.299999	0.000009
1584.375977	-50.369999	0.000009
1584.391968	-50.529999	0.000009
1584.407959	-50.790001	0.000008
1584.423950	-51.080002	0.000008
1584.439941	-51.340000	0.000007
1584.456055	-51.360001	0.000007
1584.472046	-51.270000	0.000007
1584.488037	-51.220001	0.000008
1584.504028	-51.209999	0.000008
1584.520020	-51.250000	0.000007
1584.536011	-51.380001	0.000007
1584.552002	-51.599998	0.000007
1584.567993	-51.849998	0.000007
1584.583984	-52.090000	0.000006
1584.599976	-52.189999	0.000006
1584.615967	-52.099998	0.000006
1584.631958	-51.939999	0.000006
1584.647949	-51.880001	0.000006
1584.663940	-51.910000	0.000006
1584.680054	-52.000000	0.000006
1584.696045	-52.160000	0.000006
1584.712036	-52.340000	0.000006
1584.728027	-52.520000	0.000006
1584.744019	-52.529999	0.000006
1584.760010	-52.470001	0.000006
1584.776001	-52.360001	0.000006
1584.791992	-52.270000	0.000006
1584.807983	-52.270000	0.000006
1584.823975	-52.279999	0.000006
1584.839966	-52.430000	0.000006
1584.855957	-52.619999	0.000005
1584.871948	-52.880001	0.000005
1584.887939	-53.099998	0.000005
1584.904053	-53.130001	0.000005
1584.920044	-53.029999	0.000005
1584.936035	-52.930000	0.000005
1584.952026	-52.950001	0.000005
1584.968018	-53.020000	0.000005
1584.984009	-53.180000	0.000005
1585.000000	-53.400002	0.000005
1585.015991	-53.750000	0.000004
1585.031982	-53.990002	0.000004
1585.047974	-54.040001	0.000004
1585.063965	-53.959999	0.000004
1585.079956	-53.889999	0.000004
1585.095947	-53.900002	0.000004
1585.112061	-54.009998	0.000004
1585.128052	-54.189999	0.000004
1585.144043	-54.369999	0.000004
1585.160034	-54.619999	0.000003
1585.176025	-54.889999	0.000003
1585.192017	-55.060001	0.000003
1585.208008	-55.080002	0.000003
1585.223999	-55.009998	0.000003
1585.239990	-54.950001	0.000003
1585.255981	-54.919998	0.000003
1585.271973	-55.009998	0.000003
1585.287964	-55.160000	0.000003
1585.303955	-55.419998	0.000003
1585.319946	-55.709999	0.000003
1585.336060	-55.849998	0.000003
1585.352051	-55.830002	0.000003
1585.368042	-55.720001	0.000003
1585.384033	-55.610001	0.000003
1585.400024	-55.590000	0.000003
1585.416016	-55.599998	0.000003
1585.432007	-55.700001	0.000003
1585.447998	-55.810001	0.000003
1585.463989	-56.009998	0.000003
1585.479980	-56.180000	0.000002
1585.495972	-56.259998	0.000002
1585.511963	-56.180000	0.000002
1585.527954	-56.099998	0.000002
1585.543945	-55.970001	0.000003
1585.560059	-55.990002	0.000003
1585.576050	-56.090000	0.000002
1585.592041	-56.259998	0.000002
1585.608032	-56.490002	0.000002
1585.624023	-56.660000	0.000002
1585.640015	-56.730000	0.000002
1585.656006	-56.720001	0.000002
1585.671997	-56.639999	0.000002
1585.687988	-56.570000	0.000002
1585.703979	-56.590000	0.000002
1585.719971	-56.639999	0.000002
1585.735962	-56.720001	0.000002
1585.751953	-56.900002	0.000002
1585.767944	-57.169998	0.000002
1585.784058	-57.439999	0.000002
1585.800049	-57.549999	0.000002
1585.816040	-57.520000	0.000002
1585.832031	-57.500000	0.000002
1585.848022	-57.430000	0.000002
1585.864014	-57.529999	0.000002
1585.880005	-57.660000	0.000002
1585.895996	-57.889999	0.000002
1585.911987	-58.070000	0.000002
1585.927979	-58.230000	0.000002
1585.943970	-58.360001	0.000001
1585.959961	-58.310001	0.000001
1585.975952	-58.290001	0.000001
1585.991943	-58.310001	0.000001
1586.008057	-58.340000	0.000001
1586.024048	-58.360001	0.000001
1586.040039	-58.500000	0.000001
1586.056030	-58.779999	0.000001
1586.072021	-58.970001	0.000001
1586.088013	-59.099998	0.000001
1586.104004	-59.110001	0.000001
1586.119995	-59.029999	0.000001
1586.135986	-59.009998	0.000001
1586.151978	-59.049999	0.000001
1586.167969	-59.189999	0.000001
1586.183960	-59.360001	0.000001
1586.199951	-59.520000	0.000001
1586.215942	-59.639999	0.000001
1586.232056	-59.820000	0.000001
1586.248047	-59.900002	0.000001
1586.264038	-59.959999	0.000001
1586.280029	-59.910000	0.000001
1586.296021	-59.930000	0.000001
1586.312012	-59.980000	0.000001
1586.328003	-60.160000	0.000001
1586.343994	-60.439999	0.000001
1586.359985	-60.709999	0.000001
1586.375977	-61.189999	0.000001
1586.391968	-61.389999	0.000001
1586.407959	-61.290001	0.000001
1586.423950	-61.450001	0.000001
1586.439941	-61.500000	0.000001
1586.456055	-61.759998	0.000001
1586.472046	-62.090000	0.000001
1586.488037	-62.450001	0.000001
1586.504028	-62.730000	0.000001
1586.520020	-63.340000	0.000000
1586.536011	-63.720001	0.000000
1586.552002	-64.000000	0.000000
1586.567993	-64.400002	0.000000
1586.583984	-64.480003	0.000000
1586.599976	-64.629997	0.000000
1586.615967	-65.089996	0.000000
1586.631958	-65.760002	0.000000
1586.647949	-66.459999	0.000000
1586.663940	-67.489998	0.000000
1586.680054	-68.120003	0.000000
1586.696045	-68.449997	0.000000
1586.712036	-68.870003	0.000000
1586.728027	-69.860001	0.000000
1586.744019	-69.279999	0.000000
1586.760010	-70.050003	0.000000
1586.776001	-70.709999	0.000000
1586.791992	-71.860001	0.000000
1586.807983	-72.580002	0.000000
1586.823975	-73.800003	0.000000
1586.839966	-77.180000	0.000000
1586.855957	-76.150002	0.000000
1586.871948	-77.809998	0.000000
1586.887939	-76.410004	0.000000
1586.904053	-77.730003	0.000000
1586.920044	-75.480003	0.000000
1586.936035	-78.910004	0.000000
1586.952026	-78.540001	0.000000
1586.968018	-83.129997	0.000000
1586.984009	-210.000000	0.000000
1587.000000	-92.430000	0.000000
1587.015991	-76.750000	0.000000
1587.031982	-210.000000	0.000000
1587.047974	-82.889999	0.000000
1587.063965	-81.639999	0.000000
1587.079956	-86.410004	0.000000
1587.095947	-210.000000	0.000000
1587.112061	-210.000000	0.000000
1587.128052	-90.669998	0.000000
1587.144043	-79.099998	0.000000
1587.160034	-80.669998	0.000000
1587.176025	-210.000000	0.000000
1587.192017	-82.220001	0.000000
1587.208008	-80.000000	0.000000
1587.223999	-78.199997	0.000000
1587.239990	-86.410004	0.000000
1587.255981	-210.000000	0.000000
1587.271973	-210.000000	0.000000
1587.287964	-83.400002	0.000000
1587.303955	-210.000000	0.000000
1587.319946	-90.669998	0.000000
1587.336060	-86.989998	0.000000
1587.352051	-80.820000	0.000000
1587.368042	-79.099998	0.000000
1587.384033	-80.120003	0.000000
1587.400024	-89.419998	0.000000
1587.416016	-210.000000	0.000000
1587.432007	-210.000000	0.000000
1587.447998	-90.669998	0.000000
1587.463989	-210.000000	0.000000
1587.479980	-95.440002	0.000000
1587.495972	-87.660004	0.000000
1587.511963	-210.000000	0.000000
1587.527954	-210.000000	0.000000
1587.543945	-79.209999	0.000000
1587.560059	-210.000000	0.000000
1587.576050	-210.000000	0.000000
1587.592041	-210.000000	0.000000
1587.608032	-210.000000	0.000000
1587.624023	-95.440002	0.000000
1587.640015	-210.000000	0.000000
1587.656006	-95.440002	0.000000
1587.671997	-92.430000	0.000000
1587.687988	-81.459999	0.000000
1587.703979	-210.000000	0.000000
1587.719971	-83.680000	0.000000
1587.735962	-210.000000	0.000000
1587.751953	-210.000000	0.000000
1587.767944	-83.129997	0.000000
1587.784058	-210.000000	0.000000
1587.800049	-210.000000	0.000000
1587.816040	-210.000000	0.000000
1587.832031	-210.000000	0.000000
1587.848022	-210.000000	0.000000
1587.864014	-210.000000	0.000000
1587.880005	-210.000000	0.000000
1587.895996	-210.000000	0.000000
1587.911987	-210.000000	0.000000
1587.927979	-210.000000	0.000000
1587.943970	-79.419998	0.000000
1587.959961	-82.889999	0.000000
1587.975952	-210.000000	0.000000
1587.991943	-210.000000	0.000000
1588.008057	-83.970001	0.000000
1588.024048	-87.650002	0.000000
1588.040039	-82.209999	0.000000
1588.056030	-83.669998	0.000000
1588.072021	-210.000000	0.000000
1588.088013	-210.000000	0.000000
1588.104004	-210.000000	0.000000
1588.119995	-210.000000	0.000000
1588.135986	-210.000000	0.000000
1588.151978	-80.239998	0.000000
1588.167969	-78.989998	0.000000
1588.183960	-210.000000	0.000000
1588.199951	-210.000000	0.000000
1588.215942	-210.000000	0.000000
1588.232056	-210.000000	0.000000
1588.248047	-82.209999	0.000000
1588.264038	-210.000000	0.000000
1588.280029	-210.000000	0.000000
1588.296021	-210.000000	0.000000
1588.312012	-82.879997	0.000000
1588.328003	-79.870003	0.000000
1588.343994	-90.660004	0.000000
1588.359985	-88.440002	0.000000
1588.375977	-210.000000	0.000000
1588.391968	-82.879997	0.000000
1588.407959	-210.000000	0.000000
1588.423950	-85.019997	0.000000
1588.439941	-78.900002	0.000000
1588.456055	-82.639999	0.000000
1588.472046	-210.000000	0.000000
1588.488037	-210.000000	0.000000
1588.504028	-81.629997	0.000000
1588.520020	-210.000000	0.000000
1588.536011	-84.639999	0.000000
1588.552002	-210.000000	0.000000
1588.567993	-210.000000	0.000000
1588.583984	-210.000000	0.000000
1588.599976	-80.660004	0.000000
1588.615967	-210.000000	0.000000
1588.631958	-210.000000	0.000000
1588.647949	-82.419998	0.000000
1588.663940	-210.000000	0.000000
1588.680054	-78.349998	0.000000
1588.696045	-79.629997	0.000000
1588.712036	-210.000000	0.000000
1588.728027	-81.449997	0.000000
1588.744019	-210.000000	0.000000
1588.760010	-82.639999	0.000000
1588.776001	-210.000000	0.000000
1588.791992	-210.000000	0.000000
1588.807983	-89.410004	0.000000
1588.823975	-85.430000	0.000000
1588.839966	-89.410004	0.000000
1588.855957	-210.000000	0.000000
1588.871948	-210.000000	0.000000
1588.887939	-80.959999	0.000000
1588.904053	-210.000000	0.000000
1588.920044	-210.000000	0.000000
1588.936035	-90.660004	0.000000
1588.952026	-79.750000	0.000000
1588.968018	-210.000000	0.000000
1588.984009	-84.639999	0.000000
1589.000000	-210.000000	0.000000
1589.015991	-81.449997	0.000000
1589.031982	-81.449997	0.000000
1589.047974	-84.290001	0.000000
1589.063965	-82.209999	0.000000
1589.079956	-210.000000	0.000000
1589.095947	-210.000000	0.000000
1589.112061	-210.000000	0.000000
1589.128052	-80.809998	0.000000
1589.144043	-210.000000	0.000000
1589.160034	-210.000000	0.000000
1589.176025	-81.809998	0.000000
1589.192017	-210.000000	0.000000
1589.208008	-210.000000	0.000000
1589.223999	-210.000000	0.000000
1589.239990	-210.000000	0.000000
1589.255981	-210.000000	0.000000
1589.271973	-210.000000	0.000000
1589.287964	-210.000000	0.000000
1589.303955	-86.400002	0.000000
1589.319946	-210.000000	0.000000
1589.336060	-210.000000	0.000000
1589.352051	-90.660004	0.000000
1589.368042	-80.239998	0.000000
1589.384033	-210.000000	0.000000
1589.400024	-80.959999	0.000000
1589.416016	-84.639999	0.000000
1589.432007	-210.000000	0.000000
1589.447998	-210.000000	0.000000
1589.463989	-80.519997	0.000000
1589.479980	-210.000000	0.000000
1589.495972	-210.000000	0.000000
1589.511963	-81.279999	0.000000
1589.527954	-85.430000	0.000000
1589.543945	-210.000000	0.000000
1589.560059	-210.000000	0.000000
1589.576050	-210.000000	0.000000
1589.592041	-86.400002	0.000000
1589.608032	-87.650002	0.000000
1589.624023	-87.650002	0.000000
1589.640015	-85.430000	0.000000
1589.656006	-86.400002	0.000000
1589.671997	-92.419998	0.000000
1589.687988	-210.000000	0.000000
1589.703979	-210.000000	0.000000
1589.719971	-84.639999	0.000000
1589.735962	-210.000000	0.000000
1589.751953	-210.000000	0.000000
1589.767944	-210.000000	0.000000
1589.784058	-210.000000	0.000000
1589.800049	-210.000000	0.000000
1589.816040	-210.000000	0.000000
1589.832031	-85.430000	0.000000
1589.848022	-95.430000	0.000000
1589.864014	-89.410004	0.000000
1589.880005	-77.580002	0.000000
1589.895996	-210.000000	0.000000
1589.911987	-82.010002	0.000000
1589.927979	-85.019997	0.000000
1589.943970	-210.000000	0.000000
1589.959961	-85.889999	0.000000
1589.975952	-210.000000	0.000000
1589.991943	-83.669998	0.000000
1590.008057	-79.989998	0.000000
1590.024048	-90.660004	0.000000
1590.040039	-86.400002	0.000000
1590.056030	-83.120003	0.000000
1590.072021	-210.000000	0.000000
1590.088013	-210.000000	0.000000
1590.104004	-210.000000	0.000000
1590.119995	-210.000000	0.000000
1590.135986	-89.410004	0.000000
1590.151978	-82.209999	0.000000
1590.167969	-210.000000	0.000000
1590.183960	-78.900002	0.000000
1590.199951	-210.000000	0.000000
1590.215942	-210.000000	0.000000
1590.232056	-85.889999	0.000000
1590.248047	-210.000000	0.000000
1590.264038	-210.000000	0.000000
1590.280029	-210.000000	0.000000
1590.296021	-210.000000	0.000000
1590.312012	-210.000000	0.000000
1590.328003	-95.430000	0.000000
1590.343994	-79.989998	0.000000
1590.359985	-87.650002	0.000000
1590.375977	-210.000000	0.000000
1590.391968	-89.410004	0.000000
1590.407959	-81.449997	0.000000
1590.423950	-88.440002	0.000000
1590.439941	-210.000000	0.000000
1590.456055	-210.000000	0.000000
1590.472046	-81.279999	0.000000
1590.488037	-210.000000	0.000000
1590.504028	-92.410004	0.000000
1590.520020	-210.000000	0.000000
1590.536011	-79.739998	0.000000
1590.552002	-210.000000	0.000000
1590.567993	-210.000000	0.000000
1590.583984	-85.419998	0.000000
1590.599976	-84.279999	0.000000
1590.615967	-84.629997	0.000000
1590.631958	-210.000000	0.000000
1590.647949	-80.800003	0.000000
1590.663940	-210.000000	0.000000
1590.680054	-86.970001	0.000000
1590.696045	-84.629997	0.000000
1590.712036	-82.000000	0.000000
1590.728027	-78.519997	0.000000
1590.744019	-210.000000	0.000000
1590.760010	-210.000000	0.000000
1590.776001	-210.000000	0.000000
1590.791992	-210.000000	0.000000
1590.807983	-95.419998	0.000000
1590.823975	-210.000000	0.000000
1590.839966	-210.000000	0.000000
1590.855957	-79.860001	0.000000
1590.871948	-210.000000	0.000000
1590.887939	-80.370003	0.000000
1590.904053	-210.000000	0.000000
1590.920044	-210.000000	0.000000
1590.936035	-80.099998	0.000000
1590.952026	-81.269997	0.000000
1590.968018	-210.000000	0.000000
1590.984009	-210.000000	0.000000
1591.000000	-210.000000	0.000000
