Wavelength (nm)	Transmission (dBm)	Linear Transmission
1575.000000	-210.000000	0.000000
1575.015991	-210.000000	0.000000
1575.031982	-210.000000	0.000000
1575.047974	-210.000000	0.000000
1575.063965	-210.000000	0.000000
1575.079956	-80.660004	0.000000
1575.095947	-210.000000	0.000000
1575.112061	-87.650002	0.000000
1575.128052	-210.000000	0.000000
1575.144043	-82.419998	0.000000
1575.160034	-210.000000	0.000000
1575.176025	-80.110001	0.000000
1575.192017	-87.650002	0.000000
1575.208008	-210.000000	0.000000
1575.223999	-210.000000	0.000000
1575.239990	-210.000000	0.000000
1575.255981	-210.000000	0.000000
1575.271973	-86.400002	0.000000
1575.287964	-210.000000	0.000000
1575.303955	-210.000000	0.000000
1575.319946	-88.440002	0.000000
1575.336060	-88.440002	0.000000
1575.352051	-80.110001	0.000000
1575.368042	-80.110001	0.000000
1575.384033	-210.000000	0.000000
1575.400024	-210.000000	0.000000
1575.416016	-92.419998	0.000000
1575.432007	-210.000000	0.000000
1575.447998	-81.629997	0.000000
1575.463989	-95.430000	0.000000
1575.479980	-84.639999	0.000000
1575.495972	-210.000000	0.000000
1575.511963	-210.000000	0.000000
1575.527954	-210.000000	0.000000
1575.543945	-210.000000	0.000000
1575.560059	-79.639999	0.000000
1575.576050	-210.000000	0.000000
1575.592041	-88.449997	0.000000
1575.608032	-210.000000	0.000000
1575.624023	-85.900002	0.000000
1575.640015	-210.000000	0.000000
1575.656006	-88.449997	0.000000
1575.671997	-210.000000	0.000000
1575.687988	-81.459999	0.000000
1575.703979	-210.000000	0.000000
1575.719971	-210.000000	0.000000
1575.735962	-210.000000	0.000000
1575.751953	-210.000000	0.000000
1575.767944	-210.000000	0.000000
1575.784058	-95.440002	0.000000
1575.800049	-86.410004	0.000000
1575.816040	-87.660004	0.000000
1575.832031	-210.000000	0.000000
1575.848022	-84.650002	0.000000
1575.864014	-210.000000	0.000000
1575.880005	-210.000000	0.000000
1575.895996	-210.000000	0.000000
1575.911987	-210.000000	0.000000
1575.927979	-80.820000	0.000000
1575.943970	-85.029999	0.000000
1575.959961	-82.650002	0.000000
1575.975952	-210.000000	0.000000
1575.991943	-210.000000	0.000000
1576.008057	-210.000000	0.000000
1576.024048	-83.400002	0.000000
1576.040039	-210.000000	0.000000
1576.056030	-82.430000	0.000000
1576.072021	-87.660004	0.000000
1576.088013	-210.000000	0.000000
1576.104004	-86.989998	0.000000
1576.119995	-210.000000	0.000000
1576.135986	-83.680000	0.000000
1576.151978	-82.220001	0.000000
1576.167969	-89.419998	0.000000
1576.183960	-210.000000	0.000000
1576.199951	-210.000000	0.000000
1576.215942	-87.660004	0.000000
1576.232056	-78.629997	0.000000
1576.248047	-86.410004	0.000000
1576.264038	-210.000000	0.000000
1576.280029	-210.000000	0.000000
1576.296021	-210.000000	0.000000
1576.312012	-85.900002	0.000000
1576.328003	-210.000000	0.000000
1576.343994	-210.000000	0.000000
1576.359985	-86.410004	0.000000
1576.375977	-210.000000	0.000000
1576.391968	-210.000000	0.000000
1576.407959	-78.540001	0.000000
1576.423950	-83.680000	0.000000
1576.439941	-210.000000	0.000000
1576.456055	-210.000000	0.000000
1576.472046	-210.000000	0.000000
1576.488037	-210.000000	0.000000
1576.504028	-210.000000	0.000000
1576.520020	-210.000000	0.000000
1576.536011	-88.449997	0.000000
1576.552002	-210.000000	0.000000
1576.567993	-210.000000	0.000000
1576.583984	-95.440002	0.000000
1576.599976	-89.419998	0.000000
1576.615967	-210.000000	0.000000
1576.631958	-82.650002	0.000000
1576.647949	-87.660004	0.000000
1576.663940	-210.000000	0.000000
1576.680054	-210.000000	0.000000
1576.696045	-210.000000	0.000000
1576.712036	-83.980003	0.000000
1576.728027	-210.000000	0.000000
1576.744019	-210.000000	0.000000
1576.760010	-87.660004	0.000000
1576.776001	-210.000000	0.000000
1576.791992	-85.440002	0.000000
1576.807983	-92.430000	0.000000
1576.823975	-84.300003	0.000000
1576.839966	-210.000000	0.000000
1576.855957	-210.000000	0.000000
1576.871948	-210.000000	0.000000
1576.887939	-210.000000	0.000000
1576.904053	-92.430000	0.000000
1576.920044	-210.000000	0.000000
1576.936035	-210.000000	0.000000
1576.952026	-81.639999	0.000000
1576.968018	-210.000000	0.000000
1576.984009	-210.000000	0.000000
1577.000000	-210.000000	0.000000
1577.015991	-82.019997	0.000000
1577.031982	-78.540001	0.000000
1577.047974	-210.000000	0.000000
1577.063965	-210.000000	0.000000
1577.079956	-81.639999	0.000000
1577.095947	-95.440002	0.000000
1577.112061	-88.449997	0.000000
1577.128052	-210.000000	0.000000
1577.144043	-83.980003	0.000000
1577.160034	-210.000000	0.000000
1577.176025	-210.000000	0.000000
1577.192017	-210.000000	0.000000
1577.208008	-81.459999	0.000000
1577.223999	-210.000000	0.000000
1577.239990	-81.820000	0.000000
1577.255981	-210.000000	0.000000
1577.271973	-210.000000	0.000000
1577.287964	-210.000000	0.000000
1577.303955	-78.360001	0.000000
1577.319946	-210.000000	0.000000
1577.336060	-89.419998	0.000000
1577.352051	-210.000000	0.000000
1577.368042	-92.430000	0.000000
1577.384033	-210.000000	0.000000
1577.400024	-92.430000	0.000000
1577.416016	-84.300003	0.000000
1577.432007	-83.400002	0.000000
1577.447998	-210.000000	0.000000
1577.463989	-210.000000	0.000000
1577.479980	-85.440002	0.000000
1577.495972	-210.000000	0.000000
1577.511963	-80.529999	0.000000
1577.527954	-210.000000	0.000000
1577.543945	-210.000000	0.000000
1577.560059	-83.129997	0.000000
1577.576050	-210.000000	0.000000
1577.592041	-210.000000	0.000000
1577.608032	-210.000000	0.000000
1577.624023	-210.000000	0.000000
1577.640015	-210.000000	0.000000
1577.656006	-82.430000	0.000000
1577.671997	-210.000000	0.000000
1577.687988	-210.000000	0.000000
1577.703979	-84.300003	0.000000
1577.719971	-210.000000	0.000000
1577.735962	-82.889999	0.000000
1577.751953	-210.000000	0.000000
1577.767944	-80.820000	0.000000
1577.784058	-80.000000	0.000000
1577.800049	-85.440002	0.000000
1577.816040	-210.000000	0.000000
1577.832031	-210.000000	0.000000
1577.848022	-210.000000	0.000000
1577.864014	-210.000000	0.000000
1577.880005	-210.000000	0.000000
1577.895996	-210.000000	0.000000
1577.911987	-210.000000	0.000000
1577.927979	-82.220001	0.000000
1577.943970	-77.959999	0.000000
1577.959961	-95.440002	0.000000
1577.975952	-210.000000	0.000000
1577.991943	-85.449997	0.000000
1578.008057	-90.680000	0.000000
1578.024048	-81.470001	0.000000
1578.040039	-82.440002	0.000000
1578.056030	-80.680000	0.000000
1578.072021	-87.669998	0.000000
1578.088013	-210.000000	0.000000
1578.104004	-83.139999	0.000000
1578.119995	-210.000000	0.000000
1578.135986	-81.470001	0.000000
1578.151978	-210.000000	0.000000
1578.167969	-210.000000	0.000000
1578.183960	-81.300003	0.000000
1578.199951	-210.000000	0.000000
1578.215942	-210.000000	0.000000
1578.232056	-86.419998	0.000000
1578.248047	-82.440002	0.000000
1578.264038	-210.000000	0.000000
1578.280029	-210.000000	0.000000
1578.296021	-210.000000	0.000000
1578.312012	-210.000000	0.000000
1578.328003	-210.000000	0.000000
1578.343994	-92.440002	0.000000
1578.359985	-78.919998	0.000000
1578.375977	-89.430000	0.000000
1578.391968	-210.000000	0.000000
1578.407959	-210.000000	0.000000
1578.423950	-210.000000	0.000000
1578.439941	-210.000000	0.000000
1578.456055	-210.000000	0.000000
1578.472046	-79.010002	0.000000
1578.488037	-210.000000	0.000000
1578.504028	-210.000000	0.000000
1578.520020	-210.000000	0.000000
1578.536011	-95.449997	0.000000
1578.552002	-210.000000	0.000000
1578.567993	-210.000000	0.000000
1578.583984	-210.000000	0.000000
1578.599976	-80.400002	0.000000
1578.615967	-210.000000	0.000000
1578.631958	-80.680000	0.000000
1578.647949	-79.010002	0.000000
1578.663940	-210.000000	0.000000
1578.680054	-80.129997	0.000000
1578.696045	-210.000000	0.000000
1578.712036	-83.139999	0.000000
1578.728027	-95.449997	0.000000
1578.744019	-80.260002	0.000000
1578.760010	-85.910004	0.000000
1578.776001	-210.000000	0.000000
1578.791992	-210.000000	0.000000
1578.807983	-92.440002	0.000000
1578.823975	-85.910004	0.000000
1578.839966	-210.000000	0.000000
1578.855957	-85.910004	0.000000
1578.871948	-79.540001	0.000000
1578.887939	-210.000000	0.000000
1578.904053	-210.000000	0.000000
1578.920044	-81.650002	0.000000
1578.936035	-87.000000	0.000000
1578.952026	-210.000000	0.000000
1578.968018	-210.000000	0.000000
1578.984009	-79.769997	0.000000
1579.000000	-210.000000	0.000000
1579.015991	-87.669998	0.000000
1579.031982	-84.309998	0.000000
1579.047974	-210.000000	0.000000
1579.063965	-210.000000	0.000000
1579.079956	-210.000000	0.000000
1579.095947	-92.440002	0.000000
1579.112061	-87.000000	0.000000
1579.128052	-89.430000	0.000000
1579.144043	-210.000000	0.000000
1579.160034	-85.449997	0.000000
1579.176025	-82.900002	0.000000
1579.192017	-87.669998	0.000000
1579.208008	-82.660004	0.000000
1579.223999	-83.690002	0.000000
1579.239990	-210.000000	0.000000
1579.255981	-210.000000	0.000000
1579.271973	-210.000000	0.000000
1579.287964	-89.430000	0.000000
1579.303955	-80.680000	0.000000
1579.319946	-210.000000	0.000000
1579.336060	-85.449997	0.000000
1579.352051	-210.000000	0.000000
1579.368042	-210.000000	0.000000
1579.384033	-83.690002	0.000000
1579.400024	-80.129997	0.000000
1579.416016	-82.230003	0.000000
1579.432007	-79.769997	0.000000
1579.447998	-85.910004	0.000000
1579.463989	-78.639999	0.000000
1579.479980	-88.459999	0.000000
1579.495972	-79.889999	0.000000
1579.511963	-85.910004	0.000000
1579.527954	-83.139999	0.000000
1579.543945	-210.000000	0.000000
1579.560059	-82.029999	0.000000
1579.576050	-83.139999	0.000000
1579.592041	-77.889999	0.000000
1579.608032	-81.139999	0.000000
1579.624023	-210.000000	0.000000
1579.640015	-85.910004	0.000000
1579.656006	-81.470001	0.000000
1579.671997	-80.010002	0.000000
1579.687988	-79.769997	0.000000
1579.703979	-210.000000	0.000000
1579.719971	-80.980003	0.000000
1579.735962	-81.300003	0.000000
1579.751953	-80.830002	0.000000
1579.767944	-82.440002	0.000000
1579.784058	-81.830002	0.000000
1579.800049	-77.320000	0.000000
1579.816040	-210.000000	0.000000
1579.832031	-210.000000	0.000000
1579.848022	-76.879997	0.000000
1579.864014	-82.029999	0.000000
1579.880005	-79.320000	0.000000
1579.895996	-88.459999	0.000000
1579.911987	-80.010002	0.000000
1579.927979	-80.260002	0.000000
1579.943970	-81.300003	0.000000
1579.959961	-75.959999	0.000000
1579.975952	-76.940002	0.000000
1579.991943	-76.879997	0.000000
1580.008057	-74.620003	0.000000
1580.024048	-73.660004	0.000000
1580.040039	-73.330002	0.000000
1580.056030	-71.120003	0.000000
1580.072021	-70.430000	0.000000
1580.088013	-70.029999	0.000000
1580.104004	-70.260002	0.000000
1580.119995	-70.000000	0.000000
1580.135986	-69.309998	0.000000
1580.151978	-69.160004	0.000000
1580.167969	-69.040001	0.000000
1580.183960	-68.150002	0.000000
1580.199951	-67.830002	0.000000
1580.215942	-67.019997	0.000000
1580.232056	-66.440002	0.000000
1580.248047	-66.070000	0.000000
1580.264038	-65.639999	0.000000
1580.280029	-65.559998	0.000000
1580.296021	-65.580002	0.000000
1580.312012	-65.300003	0.000000
1580.328003	-65.040001	0.000000
1580.343994	-64.949997	0.000000
1580.359985	-65.040001	0.000000
1580.375977	-64.629997	0.000000
1580.391968	-64.129997	0.000000
1580.407959	-63.790001	0.000000
1580.423950	-63.380001	0.000000
1580.439941	-63.130001	0.000000
1580.456055	-63.029999	0.000000
1580.472046	-62.880001	0.000001
1580.488037	-62.930000	0.000001
1580.504028	-62.830002	0.000001
1580.520020	-62.750000	0.000001
1580.536011	-62.680000	0.000001
1580.552002	-62.610001	0.000001
1580.567993	-62.380001	0.000001
1580.583984	-62.060001	0.000001
1580.599976	-61.549999	0.000001
1580.615967	-61.450001	0.000001
1580.631958	-61.340000	0.000001
1580.647949	-61.360001	0.000001
1580.663940	-61.500000	0.000001
1580.680054	-61.439999	0.000001
1580.696045	-61.459999	0.000001
1580.712036	-61.270000	0.000001
1580.728027	-61.009998	0.000001
1580.744019	-60.759998	0.000001
1580.760010	-60.580002	0.000001
1580.776001	-60.500000	0.000001
1580.791992	-60.380001	0.000001
1580.807983	-60.380001	0.000001
1580.823975	-60.470001	0.000001
1580.839966	-60.470001	0.000001
1580.855957	-60.459999	0.000001
1580.871948	-60.270000	0.000001
1580.887939	-59.799999	0.000001
1580.904053	-59.549999	0.000001
1580.920044	-59.480000	0.000001
1580.936035	-59.369999	0.000001
1580.952026	-59.450001	0.000001
1580.968018	-59.490002	0.000001
1580.984009	-59.540001	0.000001
1581.000000	-59.520000	0.000001
1581.015991	-59.439999	0.000001
1581.031982	-59.169998	0.000001
1581.047974	-58.950001	0.000001
1581.063965	-58.660000	0.000001
1581.079956	-58.509998	0.000001
1581.095947	-58.549999	0.000001
1581.112061	-58.590000	0.000001
1581.128052	-58.720001	0.000001
1581.144043	-58.779999	0.000001
1581.160034	-58.720001	0.000001
1581.176025	-58.490002	0.000001
1581.192017	-58.270000	0.000001
1581.208008	-58.160000	0.000002
1581.223999	-58.139999	0.000002
1581.239990	-58.130001	0.000002
1581.255981	-58.259998	0.000001
1581.271973	-58.360001	0.000001
1581.287964	-58.500000	0.000001
1581.303955	-58.590000	0.000001
1581.319946	-58.520000	0.000001
1581.336060	-58.439999	0.000001
1581.352051	-58.250000	0.000001
1581.368042	-58.150002	0.000002
1581.384033	-58.110001	0.000002
1581.400024	-58.240002	0.000001
1581.416016	-58.330002	0.000001
1581.432007	-58.570000	0.000001
1581.447998	-58.740002	0.000001
1581.463989	-58.810001	0.000001
1581.479980	-58.770000	0.000001
1581.495972	-58.610001	0.000001
1581.511963	-58.560001	0.000001
1581.527954	-58.570000	0.000001
1581.543945	-58.599998	0.000001
1581.560059	-58.689999	0.000001
1581.576050	-58.939999	0.000001
1581.592041	-59.169998	0.000001
1581.608032	-59.290001	0.000001
1581.624023	-59.360001	0.000001
1581.640015	-59.270000	0.000001
1581.656006	-59.180000	0.000001
1581.671997	-59.150002	0.000001
1581.687988	-59.200001	0.000001
1581.703979	-59.259998	0.000001
1581.719971	-59.439999	0.000001
1581.735962	-59.700001	0.000001
1581.751953	-59.820000	0.000001
1581.767944	-59.830002	0.000001
1581.784058	-59.650002	0.000001
1581.800049	-59.540001	0.000001
1581.816040	-59.380001	0.000001
1581.832031	-59.259998	0.000001
1581.848022	-59.220001	0.000001
1581.864014	-59.230000	0.000001
1581.880005	-59.310001	0.000001
1581.895996	-59.330002	0.000001
1581.911987	-59.209999	0.000001
1581.927979	-58.799999	0.000001
1581.943970	-58.310001	0.000001
1581.959961	-57.970001	0.000002
1581.975952	-57.730000	0.000002
1581.991943	-57.610001	0.000002
1582.008057	-57.389999	0.000002
1582.024048	-57.150002	0.000002
1582.040039	-56.810001	0.000002
1582.056030	-56.310001	0.000002
1582.072021	-55.700001	0.000003
1582.088013	-55.160000	0.000003
1582.104004	-54.639999	0.000003
1582.119995	-54.200001	0.000004
1582.135986	-53.910000	0.000004
1582.151978	-53.639999	0.000004
1582.167969	-53.389999	0.000005
1582.183960	-53.139999	0.000005
1582.199951	-52.619999	0.000005
1582.215942	-51.950001	0.000006
1582.232056	-51.389999	0.000007
1582.248047	-50.939999	0.000008
1582.264038	-50.639999	0.000009
1582.280029	-50.439999	0.000009
1582.296021	-50.250000	0.000009
1582.312012	-50.060001	0.000010
1582.328003	-49.860001	0.000010
1582.343994	-49.529999	0.000011
1582.359985	-49.130001	0.000012
1582.375977	-48.799999	0.000013
1582.391968	-48.410000	0.000014
1582.407959	-48.160000	0.000015
1582.423950	-48.000000	0.000016
1582.439941	-47.880001	0.000016
1582.456055	-47.790001	0.000017
1582.472046	-47.720001	0.000017
1582.488037	-47.610001	0.000017
1582.504028	-47.430000	0.000018
1582.520020	-47.189999	0.000019
1582.536011	-46.880001	0.000021
1582.552002	-46.669998	0.000022
1582.567993	-46.560001	0.000022
1582.583984	-46.480000	0.000022
1582.599976	-46.480000	0.000022
1582.615967	-46.509998	0.000022
1582.631958	-46.529999	0.000022
1582.647949	-46.439999	0.000023
1582.663940	-46.290001	0.000023
1582.680054	-46.110001	0.000024
1582.696045	-45.950001	0.000025
1582.712036	-45.869999	0.000026
1582.728027	-45.849998	0.000026
1582.744019	-45.869999	0.000026
1582.760010	-45.919998	0.000026
1582.776001	-46.029999	0.000025
1582.791992	-46.110001	0.000024
1582.807983	-46.070000	0.000025
1582.823975	-45.970001	0.000025
1582.839966	-45.840000	0.000026
1582.855957	-45.759998	0.000027
1582.871948	-45.750000	0.000027
1582.887939	-45.810001	0.000026
1582.904053	-45.939999	0.000025
1582.920044	-46.090000	0.000025
1582.936035	-46.240002	0.000024
1582.952026	-46.330002	0.000023
1582.968018	-46.369999	0.000023
1582.984009	-46.340000	0.000023
1583.000000	-46.299999	0.000023
1583.015991	-46.299999	0.000023
1583.031982	-46.340000	0.000023
1583.047974	-46.459999	0.000023
1583.063965	-46.660000	0.000022
1583.079956	-46.959999	0.000020
1583.095947	-47.169998	0.000019
1583.112061	-47.189999	0.000019
1583.128052	-47.119999	0.000019
1583.144043	-47.060001	0.000020
1583.160034	-47.070000	0.000020
1583.176025	-47.169998	0.000019
1583.192017	-47.340000	0.000018
1583.208008	-47.529999	0.000018
1583.223999	-47.740002	0.000017
1583.239990	-47.900002	0.000016
1583.255981	-48.000000	0.000016
1583.271973	-47.970001	0.000016
1583.287964	-47.880001	0.000016
1583.303955	-47.830002	0.000016
1583.319946	-47.820000	0.000017
1583.336060	-47.880001	0.000016
1583.352051	-47.990002	0.000016
1583.368042	-48.189999	0.000015
1583.384033	-48.400002	0.000014
1583.400024	-48.480000	0.000014
1583.416016	-48.419998	0.000014
1583.432007	-48.299999	0.000015
1583.447998	-48.200001	0.000015
1583.463989	-48.150002	0.000015
1583.479980	-48.200001	0.000015
1583.495972	-48.290001	0.000015
1583.511963	-48.439999	0.000014
1583.527954	-48.599998	0.000014
1583.543945	-48.770000	0.000013
1583.560059	-48.810001	0.000013
1583.576050	-48.680000	0.000014
1583.592041	-48.540001	0.000014
1583.608032	-48.459999	0.000014
1583.624023	-48.480000	0.000014
1583.640015	-48.580002	0.000014
1583.656006	-48.779999	0.000013
1583.671997	-49.020000	0.000013
1583.687988	-49.169998	0.000012
1583.703979	-49.160000	0.000012
1583.719971	-49.040001	0.000012
1583.735962	-48.900002	0.000013
1583.751953	-48.810001	0.000013
1583.767944	-48.790001	0.000013
1583.784058	-48.840000	0.000013
1583.800049	-48.930000	0.000013
1583.816040	-49.049999	0.000012
1583.832031	-49.259998	0.000012
1583.848022	-49.410000	0.000011
1583.864014	-49.360001	0.000012
1583.880005	-49.150002	0.000012
1583.895996	-48.990002	0.000013
1583.911987	-48.930000	0.000013
1583.927979	-48.970001	0.000013
1583.943970	-49.090000	0.000012
1583.959961	-49.259998	0.000012
1583.975952	-49.490002	0.000011
1583.991943	-49.619999	0.000011
1584.008057	-49.630001	0.000011
1584.024048	-49.509998	0.000011
1584.040039	-49.360001	0.000012
1584.056030	-49.310001	0.000012
1584.072021	-49.340000	0.000012
1584.088013	-49.439999	0.000011
1584.104004	-49.580002	0.000011
1584.119995	-49.849998	0.000010
1584.135986	-50.099998	0.000010
1584.151978	-50.180000	0.000010
1584.167969	-50.099998	0.000010
1584.183960	-50.000000	0.000010
1584.199951	-49.959999	0.000010
1584.215942	-50.009998	0.000010
1584.232056	-50.110001	0.000010
1584.248047	-50.320000	0.000009
1584.264038	-50.610001	0.000009
1584.280029	-50.869999	0.000008
1584.296021	-51.099998	0.000008
1584.312012	-51.230000	0.000008
1584.328003	-51.209999	0.000008
1584.343994	-51.189999	0.000008
1584.359985	-51.200001	0.000008
1584.375977	-51.259998	0.000007
1584.391968	-51.400002	0.000007
1584.407959	-51.689999	0.000007
1584.423950	-52.029999	0.000006
1584.439941	-52.410000	0.000006
1584.456055	-52.500000	0.000006
1584.472046	-52.410000	0.000006
1584.488037	-52.340000	0.000006
1584.504028	-52.340000	0.000006
1584.520020	-52.410000	0.000006
1584.536011	-52.560001	0.000006
1584.552002	-52.810001	0.000005
1584.567993	-53.049999	0.000005
1584.583984	-53.410000	0.000005
1584.599976	-53.490002	0.000004
1584.615967	-53.389999	0.000005
1584.631958	-53.259998	0.000005
1584.647949	-53.230000	0.000005
1584.663940	-53.290001	0.000005
1584.680054	-53.340000	0.000005
1584.696045	-53.470001	0.000004
1584.712036	-53.650002	0.000004
1584.728027	-53.840000	0.000004
1584.744019	-53.889999	0.000004
1584.760010	-53.810001	0.000004
1584.776001	-53.680000	0.000004
1584.791992	-53.560001	0.000004
1584.807983	-53.520000	0.000004
1584.823975	-53.590000	0.000004
1584.839966	-53.779999	0.000004
1584.855957	-53.980000	0.000004
1584.871948	-54.220001	0.000004
1584.887939	-54.419998	0.000004
1584.904053	-54.430000	0.000004
1584.920044	-54.349998	0.000004
1584.936035	-54.290001	0.000004
1584.952026	-54.290001	0.000004
1584.968018	-54.380001	0.000004
1584.984009	-54.520000	0.000004
1585.000000	-54.720001	0.000003
1585.015991	-55.070000	0.000003
1585.031982	-55.330002	0.000003
1585.047974	-55.400002	0.000003
1585.063965	-55.330002	0.000003
1585.079956	-55.209999	0.000003
1585.095947	-55.209999	0.000003
1585.112061	-55.330002	0.000003
1585.128052	-55.509998	0.000003
1585.144043	-55.770000	0.000003
1585.160034	-56.049999	0.000002
1585.176025	-56.349998	0.000002
1585.192017	-56.500000	0.000002
1585.208008	-56.520000	0.000002
1585.223999	-56.430000	0.000002
1585.239990	-56.389999	0.000002
1585.255981	-56.380001	0.000002
1585.271973	-56.450001	0.000002
1585.287964	-56.599998	0.000002
1585.303955	-56.860001	0.000002
1585.319946	-57.119999	0.000002
1585.336060	-57.290001	0.000002
1585.352051	-57.240002	0.000002
1585.368042	-57.070000	0.000002
1585.384033	-56.959999	0.000002
1585.400024	-56.880001	0.000002
1585.416016	-56.950001	0.000002
1585.432007	-57.080002	0.000002
1585.447998	-57.209999	0.000002
1585.463989	-57.389999	0.000002
1585.479980	-57.509998	0.000002
1585.495972	-57.529999	0.000002
1585.511963	-57.480000	0.000002
1585.527954	-57.380001	0.000002
1585.543945	-57.299999	0.000002
1585.560059	-57.259998	0.000002
1585.576050	-57.349998	0.000002
1585.592041	-57.509998	0.000002
1585.608032	-57.759998	0.000002
1585.624023	-57.910000	0.000002
1585.640015	-57.930000	0.000002
1585.656006	-57.840000	0.000002
1585.671997	-57.740002	0.000002
1585.687988	-57.669998	0.000002
1585.703979	-57.669998	0.000002
1585.719971	-57.750000	0.000002
1585.735962	-57.860001	0.000002
1585.751953	-58.029999	0.000002
1585.767944	-58.240002	0.000001
1585.784058	-58.459999	0.000001
1585.800049	-58.549999	0.000001
1585.816040	-58.500000	0.000001
1585.832031	-58.439999	0.000001
1585.848022	-58.380001	0.000001
1585.864014	-58.419998	0.000001
1585.880005	-58.529999	0.000001
1585.895996	-58.730000	0.000001
1585.911987	-58.910000	0.000001
1585.927979	-59.000000	0.000001
1585.943970	-59.000000	0.000001
1585.959961	-58.889999	0.000001
1585.975952	-58.820000	0.000001
1585.991943	-58.810001	0.000001
1586.008057	-58.900002	0.000001
1586.024048	-58.919998	0.000001
1586.040039	-59.020000	0.000001
1586.056030	-59.189999	0.000001
1586.072021	-59.340000	0.000001
1586.088013	-59.459999	0.000001
1586.104004	-59.439999	0.000001
1586.119995	-59.360001	0.000001
1586.135986	-59.220001	0.000001
1586.151978	-59.259998	0.000001
1586.167969	-59.330002	0.000001
1586.183960	-59.529999	0.000001
1586.199951	-59.689999	0.000001
1586.215942	-59.849998	0.000001
1586.232056	-59.860001	0.000001
1586.248047	-59.900002	0.000001
1586.264038	-59.810001	0.000001
1586.280029	-59.830002	0.000001
1586.296021	-59.860001	0.000001
1586.312012	-59.939999	0.000001
1586.328003	-60.099998	0.000001
1586.343994	-60.419998	0.000001
1586.359985	-60.709999	0.000001
1586.375977	-61.090000	0.000001
1586.391968	-61.290001	0.000001
1586.407959	-61.330002	0.000001
1586.423950	-61.380001	0.000001
1586.439941	-61.500000	0.000001
1586.456055	-61.660000	0.000001
1586.472046	-62.060001	0.000001
1586.488037	-62.580002	0.000001
1586.504028	-62.900002	0.000001
1586.520020	-63.299999	0.000000
1586.536011	-63.790001	0.000000
1586.552002	-63.990002	0.000000
1586.567993	-64.120003	0.000000
1586.583984	-64.309998	0.000000
1586.599976	-64.419998	0.000000
1586.615967	-64.639999	0.000000
1586.631958	-65.110001	0.000000
1586.647949	-65.879997	0.000000
1586.663940	-66.809998	0.000000
1586.680054	-67.470001	0.000000
1586.696045	-67.989998	0.000000
1586.712036	-68.519997	0.000000
1586.728027	-68.120003	0.000000
1586.744019	-68.870003	0.000000
1586.760010	-68.970001	0.000000
1586.776001	-69.900002	0.000000
1586.791992	-70.010002	0.000000
1586.807983	-70.389999	0.000000
1586.823975	-71.480003	0.000000
1586.839966	-70.709999	0.000000
1586.855957	-71.239998	0.000000
1586.871948	-71.980003	0.000000
1586.887939	-71.639999	0.000000
1586.904053	-72.089996	0.000000
1586.920044	-71.599998	0.000000
1586.936035	-71.919998	0.000000
1586.952026	-73.239998	0.000000
1586.968018	-75.190002	0.000000
1586.984009	-74.139999	0.000000
1587.000000	-75.029999	0.000000
1587.015991	-73.919998	0.000000
1587.031982	-74.470001	0.000000
1587.047974	-75.570000	0.000000
1587.063965	-76.089996	0.000000
1587.079956	-77.309998	0.000000
1587.095947	-76.040001	0.000000
1587.112061	-75.029999	0.000000
1587.128052	-80.820000	0.000000
1587.144043	-82.220001	0.000000
1587.160034	-80.000000	0.000000
1587.176025	-80.970001	0.000000
1587.192017	-76.410004	0.000000
1587.208008	-78.720001	0.000000
1587.223999	-79.879997	0.000000
1587.239990	-82.220001	0.000000
1587.255981	-80.000000	0.000000
1587.271973	-81.129997	0.000000
1587.287964	-80.250000	0.000000
1587.303955	-210.000000	0.000000
1587.319946	-79.879997	0.000000
1587.336060	-80.120003	0.000000
1587.352051	-92.430000	0.000000
1587.368042	-82.650002	0.000000
1587.384033	-210.000000	0.000000
1587.400024	-85.440002	0.000000
1587.416016	-81.459999	0.000000
1587.432007	-210.000000	0.000000
1587.447998	-84.300003	0.000000
1587.463989	-210.000000	0.000000
1587.479980	-83.400002	0.000000
1587.495972	-82.220001	0.000000
1587.511963	-76.989998	0.000000
1587.527954	-95.440002	0.000000
1587.543945	-92.430000	0.000000
1587.560059	-210.000000	0.000000
1587.576050	-80.000000	0.000000
1587.592041	-81.290001	0.000000
1587.608032	-78.809998	0.000000
1587.624023	-210.000000	0.000000
1587.640015	-210.000000	0.000000
1587.656006	-210.000000	0.000000
1587.671997	-210.000000	0.000000
1587.687988	-82.889999	0.000000
1587.703979	-87.660004	0.000000
1587.719971	-80.669998	0.000000
1587.735962	-210.000000	0.000000
1587.751953	-81.639999	0.000000
1587.767944	-90.669998	0.000000
1587.784058	-82.220001	0.000000
1587.800049	-86.410004	0.000000
1587.816040	-210.000000	0.000000
1587.832031	-210.000000	0.000000
1587.848022	-87.660004	0.000000
1587.864014	-210.000000	0.000000
1587.880005	-86.410004	0.000000
1587.895996	-84.650002	0.000000
1587.911987	-210.000000	0.000000
1587.927979	-210.000000	0.000000
1587.943970	-210.000000	0.000000
1587.959961	-210.000000	0.000000
1587.975952	-210.000000	0.000000
1587.991943	-210.000000	0.000000
1588.008057	-210.000000	0.000000
1588.024048	-210.000000	0.000000
1588.040039	-210.000000	0.000000
1588.056030	-210.000000	0.000000
1588.072021	-78.800003	0.000000
1588.088013	-92.419998	0.000000
1588.104004	-210.000000	0.000000
1588.119995	-210.000000	0.000000
1588.135986	-210.000000	0.000000
1588.151978	-81.120003	0.000000
1588.167969	-84.639999	0.000000
1588.183960	-86.400002	0.000000
1588.199951	-210.000000	0.000000
1588.215942	-85.019997	0.000000
1588.232056	-89.410004	0.000000
1588.248047	-210.000000	0.000000
1588.264038	-210.000000	0.000000
1588.280029	-92.419998	0.000000
1588.296021	-210.000000	0.000000
1588.312012	-81.279999	0.000000
1588.328003	-85.889999	0.000000
1588.343994	-85.889999	0.000000
1588.359985	-210.000000	0.000000
1588.375977	-86.400002	0.000000
1588.391968	-89.410004	0.000000
1588.407959	-88.440002	0.000000
1588.423950	-210.000000	0.000000
1588.439941	-210.000000	0.000000
1588.456055	-210.000000	0.000000
1588.472046	-79.519997	0.000000
1588.488037	-210.000000	0.000000
1588.504028	-85.430000	0.000000
1588.520020	-84.290001	0.000000
1588.536011	-210.000000	0.000000
1588.552002	-210.000000	0.000000
1588.567993	-210.000000	0.000000
1588.583984	-210.000000	0.000000
1588.599976	-210.000000	0.000000
1588.615967	-210.000000	0.000000
1588.631958	-210.000000	0.000000
1588.647949	-79.519997	0.000000
1588.663940	-210.000000	0.000000
1588.680054	-210.000000	0.000000
1588.696045	-86.980003	0.000000
1588.712036	-87.650002	0.000000
1588.728027	-82.209999	0.000000
1588.744019	-81.120003	0.000000
1588.760010	-79.989998	0.000000
1588.776001	-210.000000	0.000000
1588.791992	-210.000000	0.000000
1588.807983	-210.000000	0.000000
1588.823975	-210.000000	0.000000
1588.839966	-90.660004	0.000000
1588.855957	-84.290001	0.000000
1588.871948	-210.000000	0.000000
1588.887939	-210.000000	0.000000
1588.904053	-210.000000	0.000000
1588.920044	-81.120003	0.000000
1588.936035	-95.430000	0.000000
1588.952026	-210.000000	0.000000
1588.968018	-210.000000	0.000000
1588.984009	-210.000000	0.000000
1589.000000	-80.379997	0.000000
1589.015991	-210.000000	0.000000
1589.031982	-82.419998	0.000000
1589.047974	-80.660004	0.000000
1589.063965	-210.000000	0.000000
1589.079956	-210.000000	0.000000
1589.095947	-77.949997	0.000000
1589.112061	-210.000000	0.000000
1589.128052	-85.430000	0.000000
1589.144043	-210.000000	0.000000
1589.160034	-210.000000	0.000000
1589.176025	-81.120003	0.000000
1589.192017	-84.639999	0.000000
1589.208008	-210.000000	0.000000
1589.223999	-210.000000	0.000000
1589.239990	-210.000000	0.000000
1589.255981	-210.000000	0.000000
1589.271973	-210.000000	0.000000
1589.287964	-210.000000	0.000000
1589.303955	-81.449997	0.000000
1589.319946	-92.419998	0.000000
1589.336060	-210.000000	0.000000
1589.352051	-210.000000	0.000000
1589.368042	-210.000000	0.000000
1589.384033	-85.019997	0.000000
1589.400024	-210.000000	0.000000
1589.416016	-210.000000	0.000000
1589.432007	-86.400002	0.000000
1589.447998	-210.000000	0.000000
1589.463989	-81.279999	0.000000
1589.479980	-210.000000	0.000000
1589.495972	-210.000000	0.000000
1589.511963	-86.980003	0.000000
1589.527954	-210.000000	0.000000
1589.543945	-210.000000	0.000000
1589.560059	-81.809998	0.000000
1589.576050	-92.419998	0.000000
1589.592041	-84.290001	0.000000
1589.608032	-82.639999	0.000000
1589.624023	-210.000000	0.000000
1589.640015	-87.650002	0.000000
1589.656006	-80.239998	0.000000
1589.671997	-210.000000	0.000000
1589.687988	-210.000000	0.000000
1589.703979	-210.000000	0.000000
1589.719971	-210.000000	0.000000
1589.735962	-210.000000	0.000000
1589.751953	-85.430000	0.000000
1589.767944	-210.000000	0.000000
1589.784058	-210.000000	0.000000
1589.800049	-88.440002	0.000000
1589.816040	-210.000000	0.000000
1589.832031	-80.660004	0.000000
1589.848022	-210.000000	0.000000
1589.864014	-210.000000	0.000000
1589.880005	-81.809998	0.000000
1589.895996	-82.639999	0.000000
1589.911987	-79.629997	0.000000
1589.927979	-210.000000	0.000000
1589.943970	-80.519997	0.000000
1589.959961	-210.000000	0.000000
1589.975952	-83.970001	0.000000
1589.991943	-83.970001	0.000000
1590.008057	-86.400002	0.000000
1590.024048	-210.000000	0.000000
1590.040039	-210.000000	0.000000
1590.056030	-81.449997	0.000000
1590.072021	-210.000000	0.000000
1590.088013	-210.000000	0.000000
1590.104004	-210.000000	0.000000
1590.119995	-77.510002	0.000000
1590.135986	-80.379997	0.000000
1590.151978	-210.000000	0.000000
1590.167969	-210.000000	0.000000
1590.183960	-210.000000	0.000000
1590.199951	-210.000000	0.000000
1590.215942	-86.400002	0.000000
1590.232056	-210.000000	0.000000
1590.248047	-92.419998	0.000000
1590.264038	-210.000000	0.000000
1590.280029	-210.000000	0.000000
1590.296021	-92.419998	0.000000
1590.312012	-210.000000	0.000000
1590.328003	-210.000000	0.000000
1590.343994	-92.419998	0.000000
1590.359985	-85.889999	0.000000
1590.375977	-80.379997	0.000000
1590.391968	-210.000000	0.000000
1590.407959	-210.000000	0.000000
1590.423950	-210.000000	0.000000
1590.439941	-210.000000	0.000000
1590.456055	-78.529999	0.000000
1590.472046	-210.000000	0.000000
1590.488037	-210.000000	0.000000
1590.504028	-92.410004	0.000000
1590.520020	-82.410004	0.000000
1590.536011	-88.430000	0.000000
1590.552002	-84.629997	0.000000
1590.567993	-81.440002	0.000000
1590.583984	-85.879997	0.000000
1590.599976	-83.660004	0.000000
1590.615967	-210.000000	0.000000
1590.631958	-79.739998	0.000000
1590.647949	-88.430000	0.000000
1590.663940	-210.000000	0.000000
1590.680054	-210.000000	0.000000
1590.696045	-210.000000	0.000000
1590.712036	-87.639999	0.000000
1590.728027	-92.410004	0.000000
1590.744019	-210.000000	0.000000
1590.760010	-210.000000	0.000000
1590.776001	-210.000000	0.000000
1590.791992	-210.000000	0.000000
1590.807983	-95.419998	0.000000
1590.823975	-210.000000	0.000000
1590.839966	-210.000000	0.000000
1590.855957	-85.419998	0.000000
1590.871948	-210.000000	0.000000
1590.887939	-86.970001	0.000000
1590.904053	-81.440002	0.000000
1590.920044	-210.000000	0.000000
1590.936035	-210.000000	0.000000
1590.952026	-210.000000	0.000000
1590.968018	-210.000000	0.000000
1590.984009	-88.430000	0.000000
1591.000000	-84.629997	0.000000
