Wavelength (nm)	Transmission (dBm)	Linear Transmission
1575.000000	-210.000000	0.000000
1575.015991	-210.000000	0.000000
1575.031982	-210.000000	0.000000
1575.047974	-87.650002	0.000000
1575.063965	-210.000000	0.000000
1575.079956	-210.000000	0.000000
1575.095947	-81.120003	0.000000
1575.112061	-79.300003	0.000000
1575.128052	-210.000000	0.000000
1575.144043	-82.010002	0.000000
1575.160034	-210.000000	0.000000
1575.176025	-95.430000	0.000000
1575.192017	-210.000000	0.000000
1575.208008	-210.000000	0.000000
1575.223999	-85.019997	0.000000
1575.239990	-210.000000	0.000000
1575.255981	-210.000000	0.000000
1575.271973	-95.430000	0.000000
1575.287964	-210.000000	0.000000
1575.303955	-210.000000	0.000000
1575.319946	-84.639999	0.000000
1575.336060	-210.000000	0.000000
1575.352051	-78.900002	0.000000
1575.368042	-84.639999	0.000000
1575.384033	-81.809998	0.000000
1575.400024	-210.000000	0.000000
1575.416016	-88.440002	0.000000
1575.432007	-83.389999	0.000000
1575.447998	-210.000000	0.000000
1575.463989	-82.419998	0.000000
1575.479980	-210.000000	0.000000
1575.495972	-210.000000	0.000000
1575.511963	-79.419998	0.000000
1575.527954	-210.000000	0.000000
1575.543945	-82.430000	0.000000
1575.560059	-85.029999	0.000000
1575.576050	-210.000000	0.000000
1575.592041	-210.000000	0.000000
1575.608032	-87.660004	0.000000
1575.624023	-210.000000	0.000000
1575.640015	-210.000000	0.000000
1575.656006	-81.639999	0.000000
1575.671997	-210.000000	0.000000
1575.687988	-82.889999	0.000000
1575.703979	-210.000000	0.000000
1575.719971	-210.000000	0.000000
1575.735962	-83.129997	0.000000
1575.751953	-84.300003	0.000000
1575.767944	-92.430000	0.000000
1575.784058	-80.970001	0.000000
1575.800049	-210.000000	0.000000
1575.816040	-83.129997	0.000000
1575.832031	-83.680000	0.000000
1575.848022	-210.000000	0.000000
1575.864014	-210.000000	0.000000
1575.880005	-88.449997	0.000000
1575.895996	-89.419998	0.000000
1575.911987	-210.000000	0.000000
1575.927979	-85.900002	0.000000
1575.943970	-85.029999	0.000000
1575.959961	-80.669998	0.000000
1575.975952	-81.820000	0.000000
1575.991943	-86.989998	0.000000
1576.008057	-83.980003	0.000000
1576.024048	-84.300003	0.000000
1576.040039	-85.900002	0.000000
1576.056030	-210.000000	0.000000
1576.072021	-85.440002	0.000000
1576.088013	-210.000000	0.000000
1576.104004	-210.000000	0.000000
1576.119995	-210.000000	0.000000
1576.135986	-210.000000	0.000000
1576.151978	-210.000000	0.000000
1576.167969	-85.029999	0.000000
1576.183960	-210.000000	0.000000
1576.199951	-210.000000	0.000000
1576.215942	-210.000000	0.000000
1576.232056	-210.000000	0.000000
1576.248047	-81.129997	0.000000
1576.264038	-83.400002	0.000000
1576.280029	-210.000000	0.000000
1576.296021	-210.000000	0.000000
1576.312012	-210.000000	0.000000
1576.328003	-83.680000	0.000000
1576.343994	-82.889999	0.000000
1576.359985	-82.019997	0.000000
1576.375977	-210.000000	0.000000
1576.391968	-210.000000	0.000000
1576.407959	-210.000000	0.000000
1576.423950	-210.000000	0.000000
1576.439941	-79.209999	0.000000
1576.456055	-82.019997	0.000000
1576.472046	-89.419998	0.000000
1576.488037	-83.980003	0.000000
1576.504028	-84.300003	0.000000
1576.520020	-79.639999	0.000000
1576.536011	-210.000000	0.000000
1576.552002	-81.290001	0.000000
1576.567993	-210.000000	0.000000
1576.583984	-83.129997	0.000000
1576.599976	-84.650002	0.000000
1576.615967	-210.000000	0.000000
1576.631958	-78.449997	0.000000
1576.647949	-210.000000	0.000000
1576.663940	-210.000000	0.000000
1576.680054	-210.000000	0.000000
1576.696045	-88.449997	0.000000
1576.712036	-78.279999	0.000000
1576.728027	-92.430000	0.000000
1576.744019	-81.459999	0.000000
1576.760010	-210.000000	0.000000
1576.776001	-85.440002	0.000000
1576.791992	-210.000000	0.000000
1576.807983	-85.440002	0.000000
1576.823975	-83.129997	0.000000
1576.839966	-86.410004	0.000000
1576.855957	-210.000000	0.000000
1576.871948	-210.000000	0.000000
1576.887939	-81.820000	0.000000
1576.904053	-84.650002	0.000000
1576.920044	-85.029999	0.000000
1576.936035	-85.029999	0.000000
1576.952026	-210.000000	0.000000
1576.968018	-210.000000	0.000000
1576.984009	-83.129997	0.000000
1577.000000	-210.000000	0.000000
1577.015991	-81.639999	0.000000
1577.031982	-210.000000	0.000000
1577.047974	-210.000000	0.000000
1577.063965	-210.000000	0.000000
1577.079956	-210.000000	0.000000
1577.095947	-87.660004	0.000000
1577.112061	-210.000000	0.000000
1577.128052	-210.000000	0.000000
1577.144043	-85.029999	0.000000
1577.160034	-85.029999	0.000000
1577.176025	-210.000000	0.000000
1577.192017	-81.290001	0.000000
1577.208008	-210.000000	0.000000
1577.223999	-210.000000	0.000000
1577.239990	-210.000000	0.000000
1577.255981	-90.669998	0.000000
1577.271973	-210.000000	0.000000
1577.287964	-83.129997	0.000000
1577.303955	-210.000000	0.000000
1577.319946	-82.220001	0.000000
1577.336060	-90.669998	0.000000
1577.352051	-210.000000	0.000000
1577.368042	-89.419998	0.000000
1577.384033	-210.000000	0.000000
1577.400024	-95.440002	0.000000
1577.416016	-210.000000	0.000000
1577.432007	-210.000000	0.000000
1577.447998	-210.000000	0.000000
1577.463989	-85.440002	0.000000
1577.479980	-82.220001	0.000000
1577.495972	-83.680000	0.000000
1577.511963	-85.900002	0.000000
1577.527954	-210.000000	0.000000
1577.543945	-83.980003	0.000000
1577.560059	-81.820000	0.000000
1577.576050	-210.000000	0.000000
1577.592041	-210.000000	0.000000
1577.608032	-210.000000	0.000000
1577.624023	-85.900002	0.000000
1577.640015	-210.000000	0.000000
1577.656006	-210.000000	0.000000
1577.671997	-80.820000	0.000000
1577.687988	-210.000000	0.000000
1577.703979	-210.000000	0.000000
1577.719971	-210.000000	0.000000
1577.735962	-79.099998	0.000000
1577.751953	-83.129997	0.000000
1577.767944	-81.290001	0.000000
1577.784058	-82.889999	0.000000
1577.800049	-84.300003	0.000000
1577.816040	-210.000000	0.000000
1577.832031	-81.639999	0.000000
1577.848022	-83.400002	0.000000
1577.864014	-82.019997	0.000000
1577.880005	-85.440002	0.000000
1577.895996	-80.970001	0.000000
1577.911987	-83.680000	0.000000
1577.927979	-81.459999	0.000000
1577.943970	-210.000000	0.000000
1577.959961	-85.900002	0.000000
1577.975952	-78.809998	0.000000
1577.991943	-84.660004	0.000000
1578.008057	-82.900002	0.000000
1578.024048	-210.000000	0.000000
1578.040039	-82.440002	0.000000
1578.056030	-210.000000	0.000000
1578.072021	-85.449997	0.000000
1578.088013	-210.000000	0.000000
1578.104004	-83.989998	0.000000
1578.119995	-92.440002	0.000000
1578.135986	-210.000000	0.000000
1578.151978	-81.300003	0.000000
1578.167969	-77.970001	0.000000
1578.183960	-210.000000	0.000000
1578.199951	-80.830002	0.000000
1578.215942	-79.889999	0.000000
1578.232056	-79.430000	0.000000
1578.248047	-84.309998	0.000000
1578.264038	-82.230003	0.000000
1578.280029	-80.400002	0.000000
1578.296021	-83.989998	0.000000
1578.312012	-78.820000	0.000000
1578.328003	-77.120003	0.000000
1578.343994	-81.139999	0.000000
1578.359985	-87.000000	0.000000
1578.375977	-80.830002	0.000000
1578.391968	-85.449997	0.000000
1578.407959	-84.309998	0.000000
1578.423950	-84.309998	0.000000
1578.439941	-80.980003	0.000000
1578.456055	-82.230003	0.000000
1578.472046	-210.000000	0.000000
1578.488037	-81.830002	0.000000
1578.504028	-81.470001	0.000000
1578.520020	-78.820000	0.000000
1578.536011	-82.900002	0.000000
1578.552002	-80.680000	0.000000
1578.567993	-78.209999	0.000000
1578.583984	-81.830002	0.000000
1578.599976	-77.669998	0.000000
1578.615967	-210.000000	0.000000
1578.631958	-80.830002	0.000000
1578.647949	-79.430000	0.000000
1578.663940	-85.449997	0.000000
1578.680054	-79.650002	0.000000
1578.696045	-82.660004	0.000000
1578.712036	-75.860001	0.000000
1578.728027	-78.290001	0.000000
1578.744019	-90.680000	0.000000
1578.760010	-81.300003	0.000000
1578.776001	-80.680000	0.000000
1578.791992	-80.540001	0.000000
1578.807983	-80.400002	0.000000
1578.823975	-79.540001	0.000000
1578.839966	-81.650002	0.000000
1578.855957	-79.320000	0.000000
1578.871948	-86.419998	0.000000
1578.887939	-76.699997	0.000000
1578.904053	-77.669998	0.000000
1578.920044	-77.320000	0.000000
1578.936035	-82.029999	0.000000
1578.952026	-83.410004	0.000000
1578.968018	-80.540001	0.000000
1578.984009	-76.160004	0.000000
1579.000000	-75.860001	0.000000
1579.015991	-76.419998	0.000000
1579.031982	-79.889999	0.000000
1579.047974	-77.190002	0.000000
1579.063965	-76.160004	0.000000
1579.079956	-75.279999	0.000000
1579.095947	-74.449997	0.000000
1579.112061	-76.000000	0.000000
1579.128052	-74.589996	0.000000
1579.144043	-74.339996	0.000000
1579.160034	-76.209999	0.000000
1579.176025	-74.879997	0.000000
1579.192017	-74.550003	0.000000
1579.208008	-74.309998	0.000000
1579.223999	-75.410004	0.000000
1579.239990	-75.000000	0.000000
1579.255981	-73.989998	0.000000
1579.271973	-73.809998	0.000000
1579.287964	-74.339996	0.000000
1579.303955	-73.660004	0.000000
1579.319946	-74.019997	0.000000
1579.336060	-74.620003	0.000000
1579.352051	-73.489998	0.000000
1579.368042	-73.720001	0.000000
1579.384033	-73.349998	0.000000
1579.400024	-72.800003	0.000000
1579.416016	-74.239998	0.000000
1579.432007	-73.570000	0.000000
1579.447998	-73.070000	0.000000
1579.463989	-73.809998	0.000000
1579.479980	-74.019997	0.000000
1579.495972	-73.599998	0.000000
1579.511963	-74.239998	0.000000
1579.527954	-75.959999	0.000000
1579.543945	-73.519997	0.000000
1579.560059	-74.550003	0.000000
1579.576050	-73.489998	0.000000
1579.592041	-73.720001	0.000000
1579.608032	-74.449997	0.000000
1579.624023	-75.959999	0.000000
1579.640015	-74.209999	0.000000
1579.656006	-76.209999	0.000000
1579.671997	-74.480003	0.000000
1579.687988	-74.180000	0.000000
1579.703979	-73.169998	0.000000
1579.719971	-76.760002	0.000000
1579.735962	-74.550003	0.000000
1579.751953	-74.519997	0.000000
1579.767944	-75.279999	0.000000
1579.784058	-73.519997	0.000000
1579.800049	-74.550003	0.000000
1579.816040	-76.760002	0.000000
1579.832031	-76.529999	0.000000
1579.848022	-74.730003	0.000000
1579.864014	-74.239998	0.000000
1579.880005	-74.150002	0.000000
1579.895996	-75.410004	0.000000
1579.911987	-74.879997	0.000000
1579.927979	-74.690002	0.000000
1579.943970	-73.040001	0.000000
1579.959961	-74.690002	0.000000
1579.975952	-74.379997	0.000000
1579.991943	-75.160004	0.000000
1580.008057	-73.379997	0.000000
1580.024048	-72.349998	0.000000
1580.040039	-71.419998	0.000000
1580.056030	-70.360001	0.000000
1580.072021	-69.430000	0.000000
1580.088013	-69.339996	0.000000
1580.104004	-69.389999	0.000000
1580.119995	-69.000000	0.000000
1580.135986	-68.709999	0.000000
1580.151978	-68.769997	0.000000
1580.167969	-68.629997	0.000000
1580.183960	-68.260002	0.000000
1580.199951	-67.930000	0.000000
1580.215942	-67.360001	0.000000
1580.232056	-66.650002	0.000000
1580.248047	-66.220001	0.000000
1580.264038	-66.120003	0.000000
1580.280029	-65.830002	0.000000
1580.296021	-65.949997	0.000000
1580.312012	-65.650002	0.000000
1580.328003	-65.550003	0.000000
1580.343994	-65.610001	0.000000
1580.359985	-65.589996	0.000000
1580.375977	-65.339996	0.000000
1580.391968	-64.940002	0.000000
1580.407959	-64.660004	0.000000
1580.423950	-64.480003	0.000000
1580.439941	-64.150002	0.000000
1580.456055	-64.010002	0.000000
1580.472046	-64.019997	0.000000
1580.488037	-64.050003	0.000000
1580.504028	-63.889999	0.000000
1580.520020	-64.010002	0.000000
1580.536011	-63.980000	0.000000
1580.552002	-64.059998	0.000000
1580.567993	-63.880001	0.000000
1580.583984	-63.709999	0.000000
1580.599976	-63.369999	0.000000
1580.615967	-63.139999	0.000000
1580.631958	-63.130001	0.000000
1580.647949	-63.099998	0.000000
1580.663940	-63.330002	0.000000
1580.680054	-63.270000	0.000000
1580.696045	-63.400002	0.000000
1580.712036	-63.279999	0.000000
1580.728027	-63.070000	0.000000
1580.744019	-62.750000	0.000001
1580.760010	-62.660000	0.000001
1580.776001	-62.570000	0.000001
1580.791992	-62.540001	0.000001
1580.807983	-62.650002	0.000001
1580.823975	-62.750000	0.000001
1580.839966	-62.959999	0.000001
1580.855957	-62.980000	0.000001
1580.871948	-62.660000	0.000001
1580.887939	-62.380001	0.000001
1580.904053	-62.200001	0.000001
1580.920044	-62.000000	0.000001
1580.936035	-62.029999	0.000001
1580.952026	-62.099998	0.000001
1580.968018	-62.250000	0.000001
1580.984009	-62.389999	0.000001
1581.000000	-62.490002	0.000001
1581.015991	-62.419998	0.000001
1581.031982	-62.369999	0.000001
1581.047974	-62.299999	0.000001
1581.063965	-62.049999	0.000001
1581.079956	-61.880001	0.000001
1581.095947	-61.950001	0.000001
1581.112061	-62.029999	0.000001
1581.128052	-62.160000	0.000001
1581.144043	-62.419998	0.000001
1581.160034	-62.520000	0.000001
1581.176025	-62.419998	0.000001
1581.192017	-62.270000	0.000001
1581.208008	-62.220001	0.000001
1581.223999	-62.299999	0.000001
1581.239990	-62.340000	0.000001
1581.255981	-62.570000	0.000001
1581.271973	-62.590000	0.000001
1581.287964	-63.020000	0.000000
1581.303955	-63.360001	0.000000
1581.319946	-63.349998	0.000000
1581.336060	-63.360001	0.000000
1581.352051	-63.240002	0.000000
1581.368042	-63.180000	0.000000
1581.384033	-63.180000	0.000000
1581.400024	-63.310001	0.000000
1581.416016	-63.400002	0.000000
1581.432007	-63.619999	0.000000
1581.447998	-63.750000	0.000000
1581.463989	-63.959999	0.000000
1581.479980	-63.619999	0.000000
1581.495972	-63.630001	0.000000
1581.511963	-63.639999	0.000000
1581.527954	-63.490002	0.000000
1581.543945	-63.310001	0.000000
1581.560059	-63.209999	0.000000
1581.576050	-63.180000	0.000000
1581.592041	-63.049999	0.000000
1581.608032	-62.849998	0.000001
1581.624023	-62.439999	0.000001
1581.640015	-62.070000	0.000001
1581.656006	-61.580002	0.000001
1581.671997	-61.369999	0.000001
1581.687988	-61.119999	0.000001
1581.703979	-60.990002	0.000001
1581.719971	-60.840000	0.000001
1581.735962	-60.400002	0.000001
1581.751953	-59.959999	0.000001
1581.767944	-59.360001	0.000001
1581.784058	-58.930000	0.000001
1581.800049	-58.720001	0.000001
1581.816040	-58.380001	0.000001
1581.832031	-58.099998	0.000002
1581.848022	-57.820000	0.000002
1581.864014	-57.540001	0.000002
1581.880005	-57.270000	0.000002
1581.895996	-57.009998	0.000002
1581.911987	-56.509998	0.000002
1581.927979	-55.930000	0.000003
1581.943970	-55.470001	0.000003
1581.959961	-55.099998	0.000003
1581.975952	-54.889999	0.000003
1581.991943	-54.759998	0.000003
1582.008057	-54.560001	0.000003
1582.024048	-54.320000	0.000004
1582.040039	-54.020000	0.000004
1582.056030	-53.540001	0.000004
1582.072021	-53.070000	0.000005
1582.088013	-52.689999	0.000005
1582.104004	-52.250000	0.000006
1582.119995	-51.930000	0.000006
1582.135986	-51.709999	0.000007
1582.151978	-51.500000	0.000007
1582.167969	-51.310001	0.000007
1582.183960	-50.990002	0.000008
1582.199951	-50.630001	0.000009
1582.215942	-50.150002	0.000010
1582.232056	-49.740002	0.000011
1582.248047	-49.419998	0.000011
1582.264038	-49.209999	0.000012
1582.280029	-49.080002	0.000012
1582.296021	-49.000000	0.000013
1582.312012	-48.930000	0.000013
1582.328003	-48.830002	0.000013
1582.343994	-48.619999	0.000014
1582.359985	-48.340000	0.000015
1582.375977	-48.090000	0.000016
1582.391968	-47.790001	0.000017
1582.407959	-47.590000	0.000017
1582.423950	-47.490002	0.000018
1582.439941	-47.400002	0.000018
1582.456055	-47.360001	0.000018
1582.472046	-47.360001	0.000018
1582.488037	-47.360001	0.000018
1582.504028	-47.279999	0.000019
1582.520020	-47.119999	0.000019
1582.536011	-46.910000	0.000020
1582.552002	-46.750000	0.000021
1582.567993	-46.669998	0.000022
1582.583984	-46.650002	0.000022
1582.599976	-46.700001	0.000021
1582.615967	-46.790001	0.000021
1582.631958	-46.880001	0.000021
1582.647949	-46.880001	0.000021
1582.663940	-46.790001	0.000021
1582.680054	-46.669998	0.000022
1582.696045	-46.560001	0.000022
1582.712036	-46.509998	0.000022
1582.728027	-46.490002	0.000022
1582.744019	-46.529999	0.000022
1582.760010	-46.610001	0.000022
1582.776001	-46.740002	0.000021
1582.791992	-46.840000	0.000021
1582.807983	-46.790001	0.000021
1582.823975	-46.660000	0.000022
1582.839966	-46.509998	0.000022
1582.855957	-46.430000	0.000023
1582.871948	-46.400002	0.000023
1582.887939	-46.439999	0.000023
1582.904053	-46.529999	0.000022
1582.920044	-46.610001	0.000022
1582.936035	-46.680000	0.000021
1582.952026	-46.709999	0.000021
1582.968018	-46.669998	0.000022
1582.984009	-46.560001	0.000022
1583.000000	-46.470001	0.000023
1583.015991	-46.419998	0.000023
1583.031982	-46.430000	0.000023
1583.047974	-46.490002	0.000022
1583.063965	-46.630001	0.000022
1583.079956	-46.840000	0.000021
1583.095947	-46.980000	0.000020
1583.112061	-46.990002	0.000020
1583.128052	-46.919998	0.000020
1583.144043	-46.880001	0.000021
1583.160034	-46.889999	0.000020
1583.176025	-46.970001	0.000020
1583.192017	-47.119999	0.000019
1583.208008	-47.290001	0.000019
1583.223999	-47.490002	0.000018
1583.239990	-47.669998	0.000017
1583.255981	-47.790001	0.000017
1583.271973	-47.810001	0.000017
1583.287964	-47.770000	0.000017
1583.303955	-47.740002	0.000017
1583.319946	-47.779999	0.000017
1583.336060	-47.900002	0.000016
1583.352051	-48.090000	0.000016
1583.368042	-48.389999	0.000014
1583.384033	-48.720001	0.000013
1583.400024	-48.880001	0.000013
1583.416016	-48.919998	0.000013
1583.432007	-48.880001	0.000013
1583.447998	-48.840000	0.000013
1583.463989	-48.849998	0.000013
1583.479980	-48.930000	0.000013
1583.495972	-49.029999	0.000013
1583.511963	-49.180000	0.000012
1583.527954	-49.360001	0.000012
1583.543945	-49.540001	0.000011
1583.560059	-49.599998	0.000011
1583.576050	-49.490002	0.000011
1583.592041	-49.360001	0.000012
1583.608032	-49.299999	0.000012
1583.624023	-49.320000	0.000012
1583.640015	-49.410000	0.000011
1583.656006	-49.590000	0.000011
1583.671997	-49.820000	0.000010
1583.687988	-49.950001	0.000010
1583.703979	-49.939999	0.000010
1583.719971	-49.840000	0.000010
1583.735962	-49.700001	0.000011
1583.751953	-49.590000	0.000011
1583.767944	-49.570000	0.000011
1583.784058	-49.590000	0.000011
1583.800049	-49.669998	0.000011
1583.816040	-49.799999	0.000010
1583.832031	-50.009998	0.000010
1583.848022	-50.139999	0.000010
1583.864014	-50.080002	0.000010
1583.880005	-49.869999	0.000010
1583.895996	-49.700001	0.000011
1583.911987	-49.650002	0.000011
1583.927979	-49.680000	0.000011
1583.943970	-49.779999	0.000011
1583.959961	-49.919998	0.000010
1583.975952	-50.110001	0.000010
1583.991943	-50.220001	0.000010
1584.008057	-50.240002	0.000009
1584.024048	-50.110001	0.000010
1584.040039	-49.950001	0.000010
1584.056030	-49.889999	0.000010
1584.072021	-49.910000	0.000010
1584.088013	-50.009998	0.000010
1584.104004	-50.150002	0.000010
1584.119995	-50.430000	0.000009
1584.135986	-50.680000	0.000009
1584.151978	-50.740002	0.000008
1584.167969	-50.650002	0.000009
1584.183960	-50.549999	0.000009
1584.199951	-50.529999	0.000009
1584.215942	-50.580002	0.000009
1584.232056	-50.689999	0.000009
1584.248047	-50.880001	0.000008
1584.264038	-51.150002	0.000008
1584.280029	-51.400002	0.000007
1584.296021	-51.639999	0.000007
1584.312012	-51.779999	0.000007
1584.328003	-51.770000	0.000007
1584.343994	-51.730000	0.000007
1584.359985	-51.740002	0.000007
1584.375977	-51.799999	0.000007
1584.391968	-51.950001	0.000006
1584.407959	-52.220001	0.000006
1584.423950	-52.560001	0.000006
1584.439941	-52.930000	0.000005
1584.456055	-53.009998	0.000005
1584.472046	-52.970001	0.000005
1584.488037	-52.900002	0.000005
1584.504028	-52.889999	0.000005
1584.520020	-52.939999	0.000005
1584.536011	-53.080002	0.000005
1584.552002	-53.369999	0.000005
1584.567993	-53.639999	0.000004
1584.583984	-53.889999	0.000004
1584.599976	-54.009998	0.000004
1584.615967	-53.919998	0.000004
1584.631958	-53.810001	0.000004
1584.647949	-53.770000	0.000004
1584.663940	-53.799999	0.000004
1584.680054	-53.869999	0.000004
1584.696045	-53.980000	0.000004
1584.712036	-54.160000	0.000004
1584.728027	-54.369999	0.000004
1584.744019	-54.450001	0.000004
1584.760010	-54.400002	0.000004
1584.776001	-54.279999	0.000004
1584.791992	-54.160000	0.000004
1584.807983	-54.130001	0.000004
1584.823975	-54.200001	0.000004
1584.839966	-54.380001	0.000004
1584.855957	-54.580002	0.000003
1584.871948	-54.810001	0.000003
1584.887939	-55.029999	0.000003
1584.904053	-55.060001	0.000003
1584.920044	-55.000000	0.000003
1584.936035	-54.959999	0.000003
1584.952026	-54.959999	0.000003
1584.968018	-55.009998	0.000003
1584.984009	-55.130001	0.000003
1585.000000	-55.340000	0.000003
1585.015991	-55.669998	0.000003
1585.031982	-55.910000	0.000003
1585.047974	-55.980000	0.000003
1585.063965	-55.869999	0.000003
1585.079956	-55.779999	0.000003
1585.095947	-55.750000	0.000003
1585.112061	-55.830002	0.000003
1585.128052	-55.990002	0.000003
1585.144043	-56.200001	0.000002
1585.160034	-56.439999	0.000002
1585.176025	-56.590000	0.000002
1585.192017	-56.720001	0.000002
1585.208008	-56.700001	0.000002
1585.223999	-56.590000	0.000002
1585.239990	-56.509998	0.000002
1585.255981	-56.439999	0.000002
1585.271973	-56.490002	0.000002
1585.287964	-56.580002	0.000002
1585.303955	-56.779999	0.000002
1585.319946	-56.990002	0.000002
1585.336060	-57.040001	0.000002
1585.352051	-57.029999	0.000002
1585.368042	-56.820000	0.000002
1585.384033	-56.669998	0.000002
1585.400024	-56.570000	0.000002
1585.416016	-56.619999	0.000002
1585.432007	-56.700001	0.000002
1585.447998	-56.750000	0.000002
1585.463989	-56.900002	0.000002
1585.479980	-57.029999	0.000002
1585.495972	-57.049999	0.000002
1585.511963	-56.980000	0.000002
1585.527954	-56.900002	0.000002
1585.543945	-56.820000	0.000002
1585.560059	-56.770000	0.000002
1585.576050	-56.830002	0.000002
1585.592041	-57.000000	0.000002
1585.608032	-57.169998	0.000002
1585.624023	-57.360001	0.000002
1585.640015	-57.419998	0.000002
1585.656006	-57.349998	0.000002
1585.671997	-57.310001	0.000002
1585.687988	-57.230000	0.000002
1585.703979	-57.230000	0.000002
1585.719971	-57.320000	0.000002
1585.735962	-57.389999	0.000002
1585.751953	-57.560001	0.000002
1585.767944	-57.810001	0.000002
1585.784058	-58.040001	0.000002
1585.800049	-58.189999	0.000002
1585.816040	-58.189999	0.000002
1585.832031	-58.110001	0.000002
1585.848022	-58.150002	0.000002
1585.864014	-58.200001	0.000002
1585.880005	-58.349998	0.000001
1585.895996	-58.509998	0.000001
1585.911987	-58.740002	0.000001
1585.927979	-58.830002	0.000001
1585.943970	-58.959999	0.000001
1585.959961	-58.970001	0.000001
1585.975952	-58.980000	0.000001
1585.991943	-58.990002	0.000001
1586.008057	-59.070000	0.000001
1586.024048	-59.110001	0.000001
1586.040039	-59.259998	0.000001
1586.056030	-59.480000	0.000001
1586.072021	-59.680000	0.000001
1586.088013	-59.869999	0.000001
1586.104004	-59.939999	0.000001
1586.119995	-59.939999	0.000001
1586.135986	-59.930000	0.000001
1586.151978	-59.980000	0.000001
1586.167969	-60.029999	0.000001
1586.183960	-60.240002	0.000001
1586.199951	-60.459999	0.000001
1586.215942	-60.520000	0.000001
1586.232056	-60.709999	0.000001
1586.248047	-60.830002	0.000001
1586.264038	-60.970001	0.000001
1586.280029	-61.020000	0.000001
1586.296021	-61.000000	0.000001
1586.312012	-61.220001	0.000001
1586.328003	-61.430000	0.000001
1586.343994	-61.820000	0.000001
1586.359985	-62.169998	0.000001
1586.375977	-62.610001	0.000001
1586.391968	-62.720001	0.000001
1586.407959	-62.880001	0.000001
1586.423950	-63.130001	0.000000
1586.439941	-63.270000	0.000000
1586.456055	-63.549999	0.000000
1586.472046	-63.990002	0.000000
1586.488037	-64.370003	0.000000
1586.504028	-64.769997	0.000000
1586.520020	-65.089996	0.000000
1586.536011	-65.809998	0.000000
1586.552002	-65.849998	0.000000
1586.567993	-65.889999	0.000000
1586.583984	-66.070000	0.000000
1586.599976	-66.199997	0.000000
1586.615967	-66.220001	0.000000
1586.631958	-66.680000	0.000000
1586.647949	-66.889999	0.000000
1586.663940	-67.930000	0.000000
1586.680054	-67.980003	0.000000
1586.696045	-67.910004	0.000000
1586.712036	-68.330002	0.000000
1586.728027	-67.980003	0.000000
1586.744019	-67.879997	0.000000
1586.760010	-68.120003	0.000000
1586.776001	-68.480003	0.000000
1586.791992	-68.449997	0.000000
1586.807983	-68.199997	0.000000
1586.823975	-68.010002	0.000000
1586.839966	-68.839996	0.000000
1586.855957	-68.430000	0.000000
1586.871948	-68.589996	0.000000
1586.887939	-68.160004	0.000000
1586.904053	-68.370003	0.000000
1586.920044	-67.750000	0.000000
1586.936035	-68.419998	0.000000
1586.952026	-68.199997	0.000000
1586.968018	-68.500000	0.000000
1586.984009	-68.360001	0.000000
1587.000000	-68.760002	0.000000
1587.015991	-68.790001	0.000000
1587.031982	-68.680000	0.000000
1587.047974	-69.610001	0.000000
1587.063965	-69.500000	0.000000
1587.079956	-69.239998	0.000000
1587.095947	-69.169998	0.000000
1587.112061	-69.800003	0.000000
1587.128052	-69.919998	0.000000
1587.144043	-70.540001	0.000000
1587.160034	-71.779999	0.000000
1587.176025	-70.669998	0.000000
1587.192017	-70.769997	0.000000
1587.208008	-71.059998	0.000000
1587.223999	-70.580002	0.000000
1587.239990	-71.169998	0.000000
1587.255981	-71.769997	0.000000
1587.271973	-71.599998	0.000000
1587.287964	-71.580002	0.000000
1587.303955	-72.410004	0.000000
1587.319946	-72.029999	0.000000
1587.336060	-73.080002	0.000000
1587.352051	-73.709999	0.000000
1587.368042	-73.830002	0.000000
1587.384033	-72.739998	0.000000
1587.400024	-73.620003	0.000000
1587.416016	-72.720001	0.000000
1587.432007	-74.510002	0.000000
1587.447998	-73.160004	0.000000
1587.463989	-74.370003	0.000000
1587.479980	-75.110001	0.000000
1587.495972	-73.370003	0.000000
1587.511963	-76.459999	0.000000
1587.527954	-75.529999	0.000000
1587.543945	-76.199997	0.000000
1587.560059	-74.230003	0.000000
1587.576050	-75.989998	0.000000
1587.592041	-76.199997	0.000000
1587.608032	-76.809998	0.000000
1587.624023	-74.580002	0.000000
1587.640015	-78.279999	0.000000
1587.656006	-76.570000	0.000000
1587.671997	-75.349998	0.000000
1587.687988	-75.709999	0.000000
1587.703979	-76.150002	0.000000
1587.719971	-77.449997	0.000000
1587.735962	-75.800003	0.000000
1587.751953	-74.989998	0.000000
1587.767944	-75.800003	0.000000
1587.784058	-75.620003	0.000000
1587.800049	-78.720001	0.000000
1587.816040	-77.959999	0.000000
1587.832031	-76.459999	0.000000
1587.848022	-76.150002	0.000000
1587.864014	-76.989998	0.000000
1587.880005	-78.199997	0.000000
1587.895996	-76.459999	0.000000
1587.911987	-76.809998	0.000000
1587.927979	-76.750000	0.000000
1587.943970	-76.459999	0.000000
1587.959961	-75.190002	0.000000
1587.975952	-74.370003	0.000000
1587.991943	-76.199997	0.000000
1588.008057	-74.570000	0.000000
1588.024048	-75.430000	0.000000
1588.040039	-77.800003	0.000000
1588.056030	-76.239998	0.000000
1588.072021	-75.430000	0.000000
1588.088013	-77.230003	0.000000
1588.104004	-75.699997	0.000000
1588.119995	-75.559998	0.000000
1588.135986	-76.620003	0.000000
1588.151978	-76.680000	0.000000
1588.167969	-75.940002	0.000000
1588.183960	-77.949997	0.000000
1588.199951	-77.230003	0.000000
1588.215942	-75.790001	0.000000
1588.232056	-78.620003	0.000000
1588.248047	-76.559998	0.000000
1588.264038	-75.019997	0.000000
1588.280029	-75.099998	0.000000
1588.296021	-77.650002	0.000000
1588.312012	-77.720001	0.000000
1588.328003	-76.080002	0.000000
1588.343994	-75.650002	0.000000
1588.359985	-78.989998	0.000000
1588.375977	-78.349998	0.000000
1588.391968	-75.470001	0.000000
1588.407959	-76.510002	0.000000
1588.423950	-77.510002	0.000000
1588.439941	-80.110001	0.000000
1588.456055	-81.449997	0.000000
1588.472046	-76.239998	0.000000
1588.488037	-79.519997	0.000000
1588.504028	-79.089996	0.000000
1588.520020	-77.370003	0.000000
1588.536011	-77.870003	0.000000
1588.552002	-80.519997	0.000000
1588.567993	-76.510002	0.000000
1588.583984	-80.379997	0.000000
1588.599976	-79.089996	0.000000
1588.615967	-79.989998	0.000000
1588.631958	-82.879997	0.000000
1588.647949	-79.750000	0.000000
1588.663940	-80.959999	0.000000
1588.680054	-84.290001	0.000000
1588.696045	-81.120003	0.000000
1588.712036	-85.889999	0.000000
1588.728027	-78.900002	0.000000
1588.744019	-210.000000	0.000000
1588.760010	-80.110001	0.000000
1588.776001	-210.000000	0.000000
1588.791992	-88.440002	0.000000
1588.807983	-80.379997	0.000000
1588.823975	-77.650002	0.000000
1588.839966	-83.970001	0.000000
1588.855957	-210.000000	0.000000
1588.871948	-210.000000	0.000000
1588.887939	-80.809998	0.000000
1588.904053	-81.629997	0.000000
1588.920044	-80.110001	0.000000
1588.936035	-210.000000	0.000000
1588.952026	-82.419998	0.000000
1588.968018	-210.000000	0.000000
1588.984009	-78.800003	0.000000
1589.000000	-210.000000	0.000000
1589.015991	-210.000000	0.000000
1589.031982	-82.419998	0.000000
1589.047974	-86.400002	0.000000
1589.063965	-210.000000	0.000000
1589.079956	-81.120003	0.000000
1589.095947	-82.209999	0.000000
1589.112061	-210.000000	0.000000
1589.128052	-210.000000	0.000000
1589.144043	-83.120003	0.000000
1589.160034	-83.389999	0.000000
1589.176025	-210.000000	0.000000
1589.192017	-87.650002	0.000000
1589.208008	-77.440002	0.000000
1589.223999	-77.510002	0.000000
1589.239990	-210.000000	0.000000
1589.255981	-210.000000	0.000000
1589.271973	-92.419998	0.000000
1589.287964	-210.000000	0.000000
1589.303955	-210.000000	0.000000
1589.319946	-80.519997	0.000000
1589.336060	-210.000000	0.000000
1589.352051	-80.110001	0.000000
1589.368042	-78.989998	0.000000
1589.384033	-84.639999	0.000000
1589.400024	-210.000000	0.000000
1589.416016	-79.989998	0.000000
1589.432007	-78.529999	0.000000
1589.447998	-210.000000	0.000000
1589.463989	-92.419998	0.000000
1589.479980	-210.000000	0.000000
1589.495972	-80.959999	0.000000
1589.511963	-92.419998	0.000000
1589.527954	-210.000000	0.000000
1589.543945	-210.000000	0.000000
1589.560059	-89.410004	0.000000
1589.576050	-210.000000	0.000000
1589.592041	-81.120003	0.000000
1589.608032	-81.629997	0.000000
1589.624023	-85.430000	0.000000
1589.640015	-210.000000	0.000000
1589.656006	-85.889999	0.000000
1589.671997	-78.269997	0.000000
1589.687988	-210.000000	0.000000
1589.703979	-84.639999	0.000000
1589.719971	-80.239998	0.000000
1589.735962	-210.000000	0.000000
1589.751953	-83.389999	0.000000
1589.767944	-78.709999	0.000000
1589.784058	-80.809998	0.000000
1589.800049	-210.000000	0.000000
1589.816040	-210.000000	0.000000
1589.832031	-82.879997	0.000000
1589.848022	-210.000000	0.000000
1589.864014	-81.809998	0.000000
1589.880005	-80.959999	0.000000
1589.895996	-81.449997	0.000000
1589.911987	-210.000000	0.000000
1589.927979	-210.000000	0.000000
1589.943970	-210.000000	0.000000
1589.959961	-210.000000	0.000000
1589.975952	-95.430000	0.000000
1589.991943	-210.000000	0.000000
1590.008057	-89.410004	0.000000
1590.024048	-210.000000	0.000000
1590.040039	-85.889999	0.000000
1590.056030	-210.000000	0.000000
1590.072021	-210.000000	0.000000
1590.088013	-210.000000	0.000000
1590.104004	-210.000000	0.000000
1590.119995	-210.000000	0.000000
1590.135986	-210.000000	0.000000
1590.151978	-210.000000	0.000000
1590.167969	-80.809998	0.000000
1590.183960	-82.419998	0.000000
1590.199951	-86.980003	0.000000
1590.215942	-210.000000	0.000000
1590.232056	-86.400002	0.000000
1590.248047	-80.239998	0.000000
1590.264038	-210.000000	0.000000
1590.280029	-82.419998	0.000000
1590.296021	-82.879997	0.000000
1590.312012	-210.000000	0.000000
1590.328003	-86.400002	0.000000
1590.343994	-210.000000	0.000000
1590.359985	-85.889999	0.000000
1590.375977	-83.389999	0.000000
1590.391968	-90.660004	0.000000
1590.407959	-210.000000	0.000000
1590.423950	-80.110001	0.000000
1590.439941	-95.430000	0.000000
1590.456055	-83.669998	0.000000
1590.472046	-210.000000	0.000000
1590.488037	-84.639999	0.000000
1590.504028	-85.879997	0.000000
1590.520020	-210.000000	0.000000
1590.536011	-83.660004	0.000000
1590.552002	-210.000000	0.000000
1590.567993	-210.000000	0.000000
1590.583984	-210.000000	0.000000
1590.599976	-210.000000	0.000000
1590.615967	-210.000000	0.000000
1590.631958	-210.000000	0.000000
1590.647949	-80.370003	0.000000
1590.663940	-83.379997	0.000000
1590.680054	-89.400002	0.000000
1590.696045	-210.000000	0.000000
1590.712036	-210.000000	0.000000
1590.728027	-210.000000	0.000000
1590.744019	-210.000000	0.000000
1590.760010	-86.389999	0.000000
1590.776001	-84.629997	0.000000
1590.791992	-210.000000	0.000000
1590.807983	-210.000000	0.000000
1590.823975	-81.269997	0.000000
1590.839966	-89.400002	0.000000
1590.855957	-210.000000	0.000000
1590.871948	-210.000000	0.000000
1590.887939	-210.000000	0.000000
1590.904053	-210.000000	0.000000
1590.920044	-88.430000	0.000000
1590.936035	-210.000000	0.000000
1590.952026	-88.430000	0.000000
1590.968018	-210.000000	0.000000
1590.984009	-210.000000	0.000000
1591.000000	-83.110001	0.000000
