Wavelength (nm)	Transmission (dBm)	Linear Transmission
1575.000000	-210.000000	0.000000
1575.015991	-210.000000	0.000000
1575.031982	-210.000000	0.000000
1575.047974	-79.750000	0.000000
1575.063965	-210.000000	0.000000
1575.079956	-210.000000	0.000000
1575.095947	-92.419998	0.000000
1575.112061	-210.000000	0.000000
1575.128052	-87.650002	0.000000
1575.144043	-210.000000	0.000000
1575.160034	-210.000000	0.000000
1575.176025	-82.010002	0.000000
1575.192017	-210.000000	0.000000
1575.208008	-83.389999	0.000000
1575.223999	-210.000000	0.000000
1575.239990	-210.000000	0.000000
1575.255981	-210.000000	0.000000
1575.271973	-78.900002	0.000000
1575.287964	-210.000000	0.000000
1575.303955	-210.000000	0.000000
1575.319946	-210.000000	0.000000
1575.336060	-210.000000	0.000000
1575.352051	-83.120003	0.000000
1575.368042	-210.000000	0.000000
1575.384033	-210.000000	0.000000
1575.400024	-80.660004	0.000000
1575.416016	-210.000000	0.000000
1575.432007	-80.110001	0.000000
1575.447998	-86.400002	0.000000
1575.463989	-82.639999	0.000000
1575.479980	-210.000000	0.000000
1575.495972	-210.000000	0.000000
1575.511963	-210.000000	0.000000
1575.527954	-210.000000	0.000000
1575.543945	-210.000000	0.000000
1575.560059	-210.000000	0.000000
1575.576050	-210.000000	0.000000
1575.592041	-210.000000	0.000000
1575.608032	-82.430000	0.000000
1575.624023	-210.000000	0.000000
1575.640015	-210.000000	0.000000
1575.656006	-87.660004	0.000000
1575.671997	-83.129997	0.000000
1575.687988	-210.000000	0.000000
1575.703979	-85.440002	0.000000
1575.719971	-210.000000	0.000000
1575.735962	-210.000000	0.000000
1575.751953	-210.000000	0.000000
1575.767944	-83.129997	0.000000
1575.784058	-87.660004	0.000000
1575.800049	-80.250000	0.000000
1575.816040	-210.000000	0.000000
1575.832031	-82.220001	0.000000
1575.848022	-79.529999	0.000000
1575.864014	-210.000000	0.000000
1575.880005	-210.000000	0.000000
1575.895996	-210.000000	0.000000
1575.911987	-210.000000	0.000000
1575.927979	-210.000000	0.000000
1575.943970	-81.459999	0.000000
1575.959961	-83.400002	0.000000
1575.975952	-88.449997	0.000000
1575.991943	-210.000000	0.000000
1576.008057	-83.129997	0.000000
1576.024048	-210.000000	0.000000
1576.040039	-82.220001	0.000000
1576.056030	-210.000000	0.000000
1576.072021	-210.000000	0.000000
1576.088013	-83.980003	0.000000
1576.104004	-86.410004	0.000000
1576.119995	-80.250000	0.000000
1576.135986	-90.669998	0.000000
1576.151978	-210.000000	0.000000
1576.167969	-210.000000	0.000000
1576.183960	-210.000000	0.000000
1576.199951	-80.669998	0.000000
1576.215942	-92.430000	0.000000
1576.232056	-210.000000	0.000000
1576.248047	-92.430000	0.000000
1576.264038	-81.129997	0.000000
1576.280029	-210.000000	0.000000
1576.296021	-210.000000	0.000000
1576.312012	-85.029999	0.000000
1576.328003	-210.000000	0.000000
1576.343994	-82.019997	0.000000
1576.359985	-80.529999	0.000000
1576.375977	-82.019997	0.000000
1576.391968	-210.000000	0.000000
1576.407959	-85.440002	0.000000
1576.423950	-210.000000	0.000000
1576.439941	-210.000000	0.000000
1576.456055	-210.000000	0.000000
1576.472046	-210.000000	0.000000
1576.488037	-210.000000	0.000000
1576.504028	-210.000000	0.000000
1576.520020	-84.650002	0.000000
1576.536011	-210.000000	0.000000
1576.552002	-210.000000	0.000000
1576.567993	-210.000000	0.000000
1576.583984	-88.449997	0.000000
1576.599976	-85.029999	0.000000
1576.615967	-83.980003	0.000000
1576.631958	-210.000000	0.000000
1576.647949	-210.000000	0.000000
1576.663940	-210.000000	0.000000
1576.680054	-210.000000	0.000000
1576.696045	-80.970001	0.000000
1576.712036	-83.980003	0.000000
1576.728027	-210.000000	0.000000
1576.744019	-210.000000	0.000000
1576.760010	-210.000000	0.000000
1576.776001	-210.000000	0.000000
1576.791992	-88.449997	0.000000
1576.807983	-81.129997	0.000000
1576.823975	-83.680000	0.000000
1576.839966	-210.000000	0.000000
1576.855957	-82.889999	0.000000
1576.871948	-85.900002	0.000000
1576.887939	-210.000000	0.000000
1576.904053	-85.029999	0.000000
1576.920044	-210.000000	0.000000
1576.936035	-210.000000	0.000000
1576.952026	-81.820000	0.000000
1576.968018	-210.000000	0.000000
1576.984009	-81.129997	0.000000
1577.000000	-210.000000	0.000000
1577.015991	-86.410004	0.000000
1577.031982	-210.000000	0.000000
1577.047974	-210.000000	0.000000
1577.063965	-78.040001	0.000000
1577.079956	-79.529999	0.000000
1577.095947	-84.650002	0.000000
1577.112061	-86.989998	0.000000
1577.128052	-92.430000	0.000000
1577.144043	-83.400002	0.000000
1577.160034	-92.430000	0.000000
1577.176025	-92.430000	0.000000
1577.192017	-210.000000	0.000000
1577.208008	-210.000000	0.000000
1577.223999	-210.000000	0.000000
1577.239990	-210.000000	0.000000
1577.255981	-210.000000	0.000000
1577.271973	-84.650002	0.000000
1577.287964	-83.980003	0.000000
1577.303955	-85.029999	0.000000
1577.319946	-210.000000	0.000000
1577.336060	-88.449997	0.000000
1577.352051	-210.000000	0.000000
1577.368042	-210.000000	0.000000
1577.384033	-87.660004	0.000000
1577.400024	-210.000000	0.000000
1577.416016	-86.410004	0.000000
1577.432007	-83.680000	0.000000
1577.447998	-210.000000	0.000000
1577.463989	-89.419998	0.000000
1577.479980	-79.209999	0.000000
1577.495972	-210.000000	0.000000
1577.511963	-210.000000	0.000000
1577.527954	-210.000000	0.000000
1577.543945	-210.000000	0.000000
1577.560059	-88.449997	0.000000
1577.576050	-210.000000	0.000000
1577.592041	-88.449997	0.000000
1577.608032	-210.000000	0.000000
1577.624023	-95.440002	0.000000
1577.640015	-210.000000	0.000000
1577.656006	-210.000000	0.000000
1577.671997	-210.000000	0.000000
1577.687988	-84.650002	0.000000
1577.703979	-84.300003	0.000000
1577.719971	-85.029999	0.000000
1577.735962	-210.000000	0.000000
1577.751953	-210.000000	0.000000
1577.767944	-210.000000	0.000000
1577.784058	-210.000000	0.000000
1577.800049	-210.000000	0.000000
1577.816040	-85.900002	0.000000
1577.832031	-210.000000	0.000000
1577.848022	-210.000000	0.000000
1577.864014	-95.440002	0.000000
1577.880005	-210.000000	0.000000
1577.895996	-210.000000	0.000000
1577.911987	-210.000000	0.000000
1577.927979	-210.000000	0.000000
1577.943970	-210.000000	0.000000
1577.959961	-90.669998	0.000000
1577.975952	-210.000000	0.000000
1577.991943	-210.000000	0.000000
1578.008057	-85.040001	0.000000
1578.024048	-210.000000	0.000000
1578.040039	-82.230003	0.000000
1578.056030	-95.449997	0.000000
1578.072021	-210.000000	0.000000
1578.088013	-210.000000	0.000000
1578.104004	-210.000000	0.000000
1578.119995	-210.000000	0.000000
1578.135986	-77.970001	0.000000
1578.151978	-210.000000	0.000000
1578.167969	-210.000000	0.000000
1578.183960	-210.000000	0.000000
1578.199951	-86.419998	0.000000
1578.215942	-210.000000	0.000000
1578.232056	-210.000000	0.000000
1578.248047	-83.989998	0.000000
1578.264038	-210.000000	0.000000
1578.280029	-210.000000	0.000000
1578.296021	-90.680000	0.000000
1578.312012	-95.449997	0.000000
1578.328003	-210.000000	0.000000
1578.343994	-210.000000	0.000000
1578.359985	-210.000000	0.000000
1578.375977	-80.260002	0.000000
1578.391968	-80.540001	0.000000
1578.407959	-79.769997	0.000000
1578.423950	-82.900002	0.000000
1578.439941	-210.000000	0.000000
1578.456055	-210.000000	0.000000
1578.472046	-210.000000	0.000000
1578.488037	-210.000000	0.000000
1578.504028	-210.000000	0.000000
1578.520020	-85.449997	0.000000
1578.536011	-90.680000	0.000000
1578.552002	-210.000000	0.000000
1578.567993	-210.000000	0.000000
1578.583984	-85.040001	0.000000
1578.599976	-79.220001	0.000000
1578.615967	-210.000000	0.000000
1578.631958	-84.309998	0.000000
1578.647949	-210.000000	0.000000
1578.663940	-83.139999	0.000000
1578.680054	-90.680000	0.000000
1578.696045	-80.980003	0.000000
1578.712036	-210.000000	0.000000
1578.728027	-210.000000	0.000000
1578.744019	-85.040001	0.000000
1578.760010	-80.400002	0.000000
1578.776001	-210.000000	0.000000
1578.791992	-82.900002	0.000000
1578.807983	-210.000000	0.000000
1578.823975	-92.440002	0.000000
1578.839966	-81.830002	0.000000
1578.855957	-210.000000	0.000000
1578.871948	-210.000000	0.000000
1578.887939	-210.000000	0.000000
1578.904053	-87.000000	0.000000
1578.920044	-88.459999	0.000000
1578.936035	-92.440002	0.000000
1578.952026	-80.540001	0.000000
1578.968018	-95.449997	0.000000
1578.984009	-210.000000	0.000000
1579.000000	-210.000000	0.000000
1579.015991	-89.430000	0.000000
1579.031982	-210.000000	0.000000
1579.047974	-79.889999	0.000000
1579.063965	-81.650002	0.000000
1579.079956	-210.000000	0.000000
1579.095947	-210.000000	0.000000
1579.112061	-95.449997	0.000000
1579.128052	-85.449997	0.000000
1579.144043	-210.000000	0.000000
1579.160034	-92.440002	0.000000
1579.176025	-83.989998	0.000000
1579.192017	-85.040001	0.000000
1579.208008	-210.000000	0.000000
1579.223999	-210.000000	0.000000
1579.239990	-210.000000	0.000000
1579.255981	-210.000000	0.000000
1579.271973	-85.449997	0.000000
1579.287964	-88.459999	0.000000
1579.303955	-210.000000	0.000000
1579.319946	-87.000000	0.000000
1579.336060	-210.000000	0.000000
1579.352051	-79.650002	0.000000
1579.368042	-210.000000	0.000000
1579.384033	-210.000000	0.000000
1579.400024	-81.300003	0.000000
1579.416016	-82.440002	0.000000
1579.432007	-210.000000	0.000000
1579.447998	-82.230003	0.000000
1579.463989	-87.000000	0.000000
1579.479980	-78.550003	0.000000
1579.495972	-210.000000	0.000000
1579.511963	-81.470001	0.000000
1579.527954	-78.370003	0.000000
1579.543945	-79.889999	0.000000
1579.560059	-210.000000	0.000000
1579.576050	-79.889999	0.000000
1579.592041	-210.000000	0.000000
1579.608032	-78.129997	0.000000
1579.624023	-81.830002	0.000000
1579.640015	-78.209999	0.000000
1579.656006	-80.680000	0.000000
1579.671997	-81.650002	0.000000
1579.687988	-210.000000	0.000000
1579.703979	-77.820000	0.000000
1579.719971	-79.010002	0.000000
1579.735962	-76.309998	0.000000
1579.751953	-76.000000	0.000000
1579.767944	-76.820000	0.000000
1579.784058	-79.889999	0.000000
1579.800049	-76.580002	0.000000
1579.816040	-77.120003	0.000000
1579.832031	-76.879997	0.000000
1579.848022	-74.690002	0.000000
1579.864014	-74.480003	0.000000
1579.880005	-73.870003	0.000000
1579.895996	-73.269997	0.000000
1579.911987	-72.400002	0.000000
1579.927979	-72.269997	0.000000
1579.943970	-71.790001	0.000000
1579.959961	-71.589996	0.000000
1579.975952	-71.250000	0.000000
1579.991943	-70.650002	0.000000
1580.008057	-70.059998	0.000000
1580.024048	-68.690002	0.000000
1580.040039	-67.639999	0.000000
1580.056030	-66.790001	0.000000
1580.072021	-65.849998	0.000000
1580.088013	-65.349998	0.000000
1580.104004	-64.910004	0.000000
1580.119995	-64.690002	0.000000
1580.135986	-64.389999	0.000000
1580.151978	-64.379997	0.000000
1580.167969	-64.019997	0.000000
1580.183960	-63.750000	0.000000
1580.199951	-63.369999	0.000000
1580.215942	-62.680000	0.000001
1580.232056	-62.110001	0.000001
1580.248047	-61.770000	0.000001
1580.264038	-61.290001	0.000001
1580.280029	-61.110001	0.000001
1580.296021	-60.869999	0.000001
1580.312012	-60.759998	0.000001
1580.328003	-60.720001	0.000001
1580.343994	-60.630001	0.000001
1580.359985	-60.540001	0.000001
1580.375977	-60.279999	0.000001
1580.391968	-59.830002	0.000001
1580.407959	-59.540001	0.000001
1580.423950	-59.250000	0.000001
1580.439941	-58.980000	0.000001
1580.456055	-58.750000	0.000001
1580.472046	-58.590000	0.000001
1580.488037	-58.419998	0.000001
1580.504028	-58.360001	0.000001
1580.520020	-58.340000	0.000001
1580.536011	-58.369999	0.000001
1580.552002	-58.259998	0.000001
1580.567993	-57.970001	0.000002
1580.583984	-57.630001	0.000002
1580.599976	-57.240002	0.000002
1580.615967	-57.020000	0.000002
1580.631958	-56.939999	0.000002
1580.647949	-56.910000	0.000002
1580.663940	-56.900002	0.000002
1580.680054	-56.799999	0.000002
1580.696045	-56.740002	0.000002
1580.712036	-56.549999	0.000002
1580.728027	-56.340000	0.000002
1580.744019	-56.029999	0.000002
1580.760010	-55.759998	0.000003
1580.776001	-55.580002	0.000003
1580.791992	-55.480000	0.000003
1580.807983	-55.470001	0.000003
1580.823975	-55.459999	0.000003
1580.839966	-55.459999	0.000003
1580.855957	-55.330002	0.000003
1580.871948	-55.020000	0.000003
1580.887939	-54.639999	0.000003
1580.904053	-54.380001	0.000004
1580.920044	-54.250000	0.000004
1580.936035	-54.130001	0.000004
1580.952026	-54.029999	0.000004
1580.968018	-53.970001	0.000004
1580.984009	-53.950001	0.000004
1581.000000	-53.860001	0.000004
1581.015991	-53.669998	0.000004
1581.031982	-53.380001	0.000005
1581.047974	-53.049999	0.000005
1581.063965	-52.750000	0.000005
1581.079956	-52.619999	0.000005
1581.095947	-52.580002	0.000006
1581.112061	-52.560001	0.000006
1581.128052	-52.540001	0.000006
1581.144043	-52.430000	0.000006
1581.160034	-52.200001	0.000006
1581.176025	-51.860001	0.000007
1581.192017	-51.619999	0.000007
1581.208008	-51.419998	0.000007
1581.223999	-51.330002	0.000007
1581.239990	-51.250000	0.000007
1581.255981	-51.250000	0.000007
1581.271973	-51.230000	0.000008
1581.287964	-51.130001	0.000008
1581.303955	-51.000000	0.000008
1581.319946	-50.830002	0.000008
1581.336060	-50.529999	0.000009
1581.352051	-50.279999	0.000009
1581.368042	-50.160000	0.000010
1581.384033	-50.040001	0.000010
1581.400024	-50.009998	0.000010
1581.416016	-50.060001	0.000010
1581.432007	-50.090000	0.000010
1581.447998	-50.070000	0.000010
1581.463989	-49.930000	0.000010
1581.479980	-49.639999	0.000011
1581.495972	-49.389999	0.000012
1581.511963	-49.259998	0.000012
1581.527954	-49.220001	0.000012
1581.543945	-49.180000	0.000012
1581.560059	-49.169998	0.000012
1581.576050	-49.209999	0.000012
1581.592041	-49.220001	0.000012
1581.608032	-49.220001	0.000012
1581.624023	-49.090000	0.000012
1581.640015	-48.869999	0.000013
1581.656006	-48.730000	0.000013
1581.671997	-48.619999	0.000014
1581.687988	-48.610001	0.000014
1581.703979	-48.639999	0.000014
1581.719971	-48.750000	0.000013
1581.735962	-48.849998	0.000013
1581.751953	-48.869999	0.000013
1581.767944	-48.740002	0.000013
1581.784058	-48.590000	0.000014
1581.800049	-48.529999	0.000014
1581.816040	-48.480000	0.000014
1581.832031	-48.480000	0.000014
1581.848022	-48.520000	0.000014
1581.864014	-48.580002	0.000014
1581.880005	-48.669998	0.000014
1581.895996	-48.750000	0.000013
1581.911987	-48.770000	0.000013
1581.927979	-48.669998	0.000014
1581.943970	-48.520000	0.000014
1581.959961	-48.380001	0.000015
1581.975952	-48.330002	0.000015
1581.991943	-48.360001	0.000015
1582.008057	-48.419998	0.000014
1582.024048	-48.529999	0.000014
1582.040039	-48.599998	0.000014
1582.056030	-48.580002	0.000014
1582.072021	-48.450001	0.000014
1582.088013	-48.330002	0.000015
1582.104004	-48.200001	0.000015
1582.119995	-48.110001	0.000015
1582.135986	-48.070000	0.000016
1582.151978	-48.090000	0.000016
1582.167969	-48.150002	0.000015
1582.183960	-48.200001	0.000015
1582.199951	-48.180000	0.000015
1582.215942	-48.029999	0.000016
1582.232056	-47.810001	0.000017
1582.248047	-47.610001	0.000017
1582.264038	-47.509998	0.000018
1582.280029	-47.500000	0.000018
1582.296021	-47.520000	0.000018
1582.312012	-47.580002	0.000017
1582.328003	-47.619999	0.000017
1582.343994	-47.590000	0.000017
1582.359985	-47.490002	0.000018
1582.375977	-47.380001	0.000018
1582.391968	-47.180000	0.000019
1582.407959	-47.020000	0.000020
1582.423950	-46.919998	0.000020
1582.439941	-46.869999	0.000021
1582.456055	-46.880001	0.000021
1582.472046	-46.939999	0.000020
1582.488037	-47.020000	0.000020
1582.504028	-46.990002	0.000020
1582.520020	-46.849998	0.000021
1582.536011	-46.610001	0.000022
1582.552002	-46.459999	0.000023
1582.567993	-46.410000	0.000023
1582.583984	-46.400002	0.000023
1582.599976	-46.439999	0.000023
1582.615967	-46.509998	0.000022
1582.631958	-46.599998	0.000022
1582.647949	-46.669998	0.000022
1582.663940	-46.660000	0.000022
1582.680054	-46.590000	0.000022
1582.696045	-46.490002	0.000022
1582.712036	-46.430000	0.000023
1582.728027	-46.410000	0.000023
1582.744019	-46.480000	0.000022
1582.760010	-46.619999	0.000022
1582.776001	-46.799999	0.000021
1582.791992	-47.000000	0.000020
1582.807983	-47.080002	0.000020
1582.823975	-47.049999	0.000020
1582.839966	-47.009998	0.000020
1582.855957	-46.990002	0.000020
1582.871948	-47.020000	0.000020
1582.887939	-47.110001	0.000019
1582.904053	-47.230000	0.000019
1582.920044	-47.439999	0.000018
1582.936035	-47.689999	0.000017
1582.952026	-47.889999	0.000016
1582.968018	-47.980000	0.000016
1582.984009	-47.930000	0.000016
1583.000000	-47.840000	0.000016
1583.015991	-47.810001	0.000017
1583.031982	-47.869999	0.000016
1583.047974	-48.000000	0.000016
1583.063965	-48.180000	0.000015
1583.079956	-48.430000	0.000014
1583.095947	-48.580002	0.000014
1583.112061	-48.529999	0.000014
1583.128052	-48.389999	0.000014
1583.144043	-48.279999	0.000015
1583.160034	-48.230000	0.000015
1583.176025	-48.230000	0.000015
1583.192017	-48.270000	0.000015
1583.208008	-48.340000	0.000015
1583.223999	-48.459999	0.000014
1583.239990	-48.570000	0.000014
1583.255981	-48.580002	0.000014
1583.271973	-48.430000	0.000014
1583.287964	-48.209999	0.000015
1583.303955	-48.090000	0.000016
1583.319946	-48.060001	0.000016
1583.336060	-48.090000	0.000016
1583.352051	-48.169998	0.000015
1583.368042	-48.310001	0.000015
1583.384033	-48.439999	0.000014
1583.400024	-48.459999	0.000014
1583.416016	-48.389999	0.000014
1583.432007	-48.250000	0.000015
1583.447998	-48.110001	0.000015
1583.463989	-48.009998	0.000016
1583.479980	-48.000000	0.000016
1583.495972	-48.049999	0.000016
1583.511963	-48.189999	0.000015
1583.527954	-48.349998	0.000015
1583.543945	-48.470001	0.000014
1583.560059	-48.430000	0.000014
1583.576050	-48.209999	0.000015
1583.592041	-48.029999	0.000016
1583.608032	-47.970001	0.000016
1583.624023	-47.990002	0.000016
1583.640015	-48.060001	0.000016
1583.656006	-48.189999	0.000015
1583.671997	-48.349998	0.000015
1583.687988	-48.430000	0.000014
1583.703979	-48.410000	0.000014
1583.719971	-48.290001	0.000015
1583.735962	-48.130001	0.000015
1583.751953	-47.990002	0.000016
1583.767944	-47.930000	0.000016
1583.784058	-47.950001	0.000016
1583.800049	-48.029999	0.000016
1583.816040	-48.160000	0.000015
1583.832031	-48.320000	0.000015
1583.848022	-48.380001	0.000015
1583.864014	-48.270000	0.000015
1583.880005	-48.040001	0.000016
1583.895996	-47.889999	0.000016
1583.911987	-47.849998	0.000016
1583.927979	-47.849998	0.000016
1583.943970	-47.919998	0.000016
1583.959961	-48.009998	0.000016
1583.975952	-48.180000	0.000015
1583.991943	-48.310001	0.000015
1584.008057	-48.320000	0.000015
1584.024048	-48.169998	0.000015
1584.040039	-47.990002	0.000016
1584.056030	-47.880001	0.000016
1584.072021	-47.889999	0.000016
1584.088013	-48.000000	0.000016
1584.104004	-48.119999	0.000015
1584.119995	-48.330002	0.000015
1584.135986	-48.509998	0.000014
1584.151978	-48.520000	0.000014
1584.167969	-48.410000	0.000014
1584.183960	-48.330002	0.000015
1584.199951	-48.290001	0.000015
1584.215942	-48.310001	0.000015
1584.232056	-48.360001	0.000015
1584.248047	-48.500000	0.000014
1584.264038	-48.730000	0.000013
1584.280029	-48.970001	0.000013
1584.296021	-49.180000	0.000012
1584.312012	-49.259998	0.000012
1584.328003	-49.189999	0.000012
1584.343994	-49.099998	0.000012
1584.359985	-49.099998	0.000012
1584.375977	-49.169998	0.000012
1584.391968	-49.290001	0.000012
1584.407959	-49.520000	0.000011
1584.423950	-49.770000	0.000011
1584.439941	-50.040001	0.000010
1584.456055	-50.130001	0.000010
1584.472046	-50.070000	0.000010
1584.488037	-50.009998	0.000010
1584.504028	-49.970001	0.000010
1584.520020	-49.990002	0.000010
1584.536011	-50.070000	0.000010
1584.552002	-50.270000	0.000009
1584.567993	-50.520000	0.000009
1584.583984	-50.779999	0.000008
1584.599976	-50.930000	0.000008
1584.615967	-50.860001	0.000008
1584.631958	-50.709999	0.000008
1584.647949	-50.650002	0.000009
1584.663940	-50.680000	0.000009
1584.680054	-50.750000	0.000008
1584.696045	-50.889999	0.000008
1584.712036	-51.060001	0.000008
1584.728027	-51.250000	0.000007
1584.744019	-51.369999	0.000007
1584.760010	-51.360001	0.000007
1584.776001	-51.279999	0.000007
1584.791992	-51.180000	0.000008
1584.807983	-51.139999	0.000008
1584.823975	-51.160000	0.000008
1584.839966	-51.290001	0.000007
1584.855957	-51.490002	0.000007
1584.871948	-51.740002	0.000007
1584.887939	-52.009998	0.000006
1584.904053	-52.110001	0.000006
1584.920044	-52.060001	0.000006
1584.936035	-52.000000	0.000006
1584.952026	-52.029999	0.000006
1584.968018	-52.099998	0.000006
1584.984009	-52.250000	0.000006
1585.000000	-52.439999	0.000006
1585.015991	-52.759998	0.000005
1585.031982	-53.080002	0.000005
1585.047974	-53.250000	0.000005
1585.063965	-53.220001	0.000005
1585.079956	-53.189999	0.000005
1585.095947	-53.209999	0.000005
1585.112061	-53.310001	0.000005
1585.128052	-53.450001	0.000005
1585.144043	-53.639999	0.000004
1585.160034	-53.880001	0.000004
1585.176025	-54.240002	0.000004
1585.192017	-54.509998	0.000004
1585.208008	-54.619999	0.000003
1585.223999	-54.599998	0.000003
1585.239990	-54.529999	0.000004
1585.255981	-54.509998	0.000004
1585.271973	-54.590000	0.000003
1585.287964	-54.740002	0.000003
1585.303955	-55.020000	0.000003
1585.319946	-55.320000	0.000003
1585.336060	-55.480000	0.000003
1585.352051	-55.540001	0.000003
1585.368042	-55.500000	0.000003
1585.384033	-55.430000	0.000003
1585.400024	-55.340000	0.000003
1585.416016	-55.380001	0.000003
1585.432007	-55.430000	0.000003
1585.447998	-55.540001	0.000003
1585.463989	-55.740002	0.000003
1585.479980	-55.959999	0.000003
1585.495972	-56.080002	0.000002
1585.511963	-56.029999	0.000002
1585.527954	-55.900002	0.000003
1585.543945	-55.810001	0.000003
1585.560059	-55.810001	0.000003
1585.576050	-55.880001	0.000003
1585.592041	-56.049999	0.000002
1585.608032	-56.230000	0.000002
1585.624023	-56.369999	0.000002
1585.640015	-56.439999	0.000002
1585.656006	-56.450001	0.000002
1585.671997	-56.389999	0.000002
1585.687988	-56.290001	0.000002
1585.703979	-56.259998	0.000002
1585.719971	-56.259998	0.000002
1585.735962	-56.330002	0.000002
1585.751953	-56.520000	0.000002
1585.767944	-56.770000	0.000002
1585.784058	-56.950001	0.000002
1585.800049	-57.110001	0.000002
1585.816040	-57.070000	0.000002
1585.832031	-56.990002	0.000002
1585.848022	-56.980000	0.000002
1585.864014	-57.029999	0.000002
1585.880005	-57.110001	0.000002
1585.895996	-57.279999	0.000002
1585.911987	-57.389999	0.000002
1585.927979	-57.529999	0.000002
1585.943970	-57.650002	0.000002
1585.959961	-57.669998	0.000002
1585.975952	-57.580002	0.000002
1585.991943	-57.570000	0.000002
1586.008057	-57.570000	0.000002
1586.024048	-57.619999	0.000002
1586.040039	-57.750000	0.000002
1586.056030	-57.950001	0.000002
1586.072021	-58.169998	0.000002
1586.088013	-58.279999	0.000001
1586.104004	-58.259998	0.000001
1586.119995	-58.270000	0.000001
1586.135986	-58.240002	0.000001
1586.151978	-58.240002	0.000001
1586.167969	-58.310001	0.000001
1586.183960	-58.439999	0.000001
1586.199951	-58.570000	0.000001
1586.215942	-58.720001	0.000001
1586.232056	-58.860001	0.000001
1586.248047	-58.990002	0.000001
1586.264038	-59.020000	0.000001
1586.280029	-59.060001	0.000001
1586.296021	-59.040001	0.000001
1586.312012	-59.080002	0.000001
1586.328003	-59.290001	0.000001
1586.343994	-59.549999	0.000001
1586.359985	-59.880001	0.000001
1586.375977	-60.169998	0.000001
1586.391968	-60.400002	0.000001
1586.407959	-60.470001	0.000001
1586.423950	-60.590000	0.000001
1586.439941	-60.740002	0.000001
1586.456055	-60.869999	0.000001
1586.472046	-61.160000	0.000001
1586.488037	-61.450001	0.000001
1586.504028	-61.810001	0.000001
1586.520020	-62.200001	0.000001
1586.536011	-62.619999	0.000001
1586.552002	-62.950001	0.000001
1586.567993	-63.000000	0.000001
1586.583984	-63.279999	0.000000
1586.599976	-63.360001	0.000000
1586.615967	-63.799999	0.000000
1586.631958	-64.419998	0.000000
1586.647949	-64.900002	0.000000
1586.663940	-65.839996	0.000000
1586.680054	-66.209999	0.000000
1586.696045	-66.580002	0.000000
1586.712036	-66.989998	0.000000
1586.728027	-67.449997	0.000000
1586.744019	-68.029999	0.000000
1586.760010	-68.449997	0.000000
1586.776001	-69.459999	0.000000
1586.791992	-69.839996	0.000000
1586.807983	-70.879997	0.000000
1586.823975	-71.000000	0.000000
1586.839966	-72.070000	0.000000
1586.855957	-73.339996	0.000000
1586.871948	-73.080002	0.000000
1586.887939	-72.940002	0.000000
1586.904053	-73.889999	0.000000
1586.920044	-76.300003	0.000000
1586.936035	-76.629997	0.000000
1586.952026	-78.199997	0.000000
1586.968018	-77.959999	0.000000
1586.984009	-81.290001	0.000000
1587.000000	-79.529999	0.000000
1587.015991	-82.430000	0.000000
1587.031982	-210.000000	0.000000
1587.047974	-80.820000	0.000000
1587.063965	-78.449997	0.000000
1587.079956	-77.519997	0.000000
1587.095947	-84.300003	0.000000
1587.112061	-210.000000	0.000000
1587.128052	-210.000000	0.000000
1587.144043	-210.000000	0.000000
1587.160034	-95.440002	0.000000
1587.176025	-210.000000	0.000000
1587.192017	-95.440002	0.000000
1587.208008	-80.250000	0.000000
1587.223999	-210.000000	0.000000
1587.239990	-81.290001	0.000000
1587.255981	-82.430000	0.000000
1587.271973	-79.639999	0.000000
1587.287964	-83.400002	0.000000
1587.303955	-84.650002	0.000000
1587.319946	-210.000000	0.000000
1587.336060	-80.000000	0.000000
1587.352051	-210.000000	0.000000
1587.368042	-210.000000	0.000000
1587.384033	-210.000000	0.000000
1587.400024	-82.220001	0.000000
1587.416016	-210.000000	0.000000
1587.432007	-210.000000	0.000000
1587.447998	-210.000000	0.000000
1587.463989	-82.650002	0.000000
1587.479980	-80.669998	0.000000
1587.495972	-88.449997	0.000000
1587.511963	-210.000000	0.000000
1587.527954	-81.129997	0.000000
1587.543945	-79.529999	0.000000
1587.560059	-89.419998	0.000000
1587.576050	-79.099998	0.000000
1587.592041	-79.879997	0.000000
1587.608032	-210.000000	0.000000
1587.624023	-92.430000	0.000000
1587.640015	-81.639999	0.000000
1587.656006	-210.000000	0.000000
1587.671997	-83.400002	0.000000
1587.687988	-210.000000	0.000000
1587.703979	-210.000000	0.000000
1587.719971	-210.000000	0.000000
1587.735962	-80.669998	0.000000
1587.751953	-85.900002	0.000000
1587.767944	-210.000000	0.000000
1587.784058	-210.000000	0.000000
1587.800049	-81.129997	0.000000
1587.816040	-83.980003	0.000000
1587.832031	-210.000000	0.000000
1587.848022	-85.440002	0.000000
1587.864014	-85.029999	0.000000
1587.880005	-79.879997	0.000000
1587.895996	-210.000000	0.000000
1587.911987	-87.660004	0.000000
1587.927979	-80.120003	0.000000
1587.943970	-210.000000	0.000000
1587.959961	-82.430000	0.000000
1587.975952	-210.000000	0.000000
1587.991943	-86.989998	0.000000
1588.008057	-89.410004	0.000000
1588.024048	-210.000000	0.000000
1588.040039	-82.010002	0.000000
1588.056030	-85.019997	0.000000
1588.072021	-83.120003	0.000000
1588.088013	-210.000000	0.000000
1588.104004	-89.410004	0.000000
1588.119995	-210.000000	0.000000
1588.135986	-80.110001	0.000000
1588.151978	-210.000000	0.000000
1588.167969	-210.000000	0.000000
1588.183960	-210.000000	0.000000
1588.199951	-210.000000	0.000000
1588.215942	-210.000000	0.000000
1588.232056	-88.440002	0.000000
1588.248047	-78.440002	0.000000
1588.264038	-210.000000	0.000000
1588.280029	-210.000000	0.000000
1588.296021	-95.430000	0.000000
1588.312012	-85.019997	0.000000
1588.328003	-89.410004	0.000000
1588.343994	-210.000000	0.000000
1588.359985	-210.000000	0.000000
1588.375977	-88.440002	0.000000
1588.391968	-82.639999	0.000000
1588.407959	-95.430000	0.000000
1588.423950	-77.300003	0.000000
1588.439941	-95.430000	0.000000
1588.456055	-83.970001	0.000000
1588.472046	-210.000000	0.000000
1588.488037	-210.000000	0.000000
1588.504028	-88.440002	0.000000
1588.520020	-210.000000	0.000000
1588.536011	-80.809998	0.000000
1588.552002	-210.000000	0.000000
1588.567993	-210.000000	0.000000
1588.583984	-210.000000	0.000000
1588.599976	-78.349998	0.000000
1588.615967	-82.879997	0.000000
1588.631958	-210.000000	0.000000
1588.647949	-210.000000	0.000000
1588.663940	-89.410004	0.000000
1588.680054	-81.279999	0.000000
1588.696045	-210.000000	0.000000
1588.712036	-210.000000	0.000000
1588.728027	-210.000000	0.000000
1588.744019	-210.000000	0.000000
1588.760010	-95.430000	0.000000
1588.776001	-83.389999	0.000000
1588.791992	-210.000000	0.000000
1588.807983	-81.120003	0.000000
1588.823975	-210.000000	0.000000
1588.839966	-89.410004	0.000000
1588.855957	-210.000000	0.000000
1588.871948	-85.889999	0.000000
1588.887939	-210.000000	0.000000
1588.904053	-80.519997	0.000000
1588.920044	-210.000000	0.000000
1588.936035	-210.000000	0.000000
1588.952026	-82.639999	0.000000
1588.968018	-83.970001	0.000000
1588.984009	-210.000000	0.000000
1589.000000	-87.650002	0.000000
1589.015991	-84.639999	0.000000
1589.031982	-210.000000	0.000000
1589.047974	-79.989998	0.000000
1589.063965	-82.879997	0.000000
1589.079956	-210.000000	0.000000
1589.095947	-210.000000	0.000000
1589.112061	-86.980003	0.000000
1589.128052	-210.000000	0.000000
1589.144043	-210.000000	0.000000
1589.160034	-210.000000	0.000000
1589.176025	-210.000000	0.000000
1589.192017	-88.440002	0.000000
1589.208008	-210.000000	0.000000
1589.223999	-210.000000	0.000000
1589.239990	-82.639999	0.000000
1589.255981	-88.440002	0.000000
1589.271973	-81.629997	0.000000
1589.287964	-210.000000	0.000000
1589.303955	-210.000000	0.000000
1589.319946	-210.000000	0.000000
1589.336060	-83.120003	0.000000
1589.352051	-210.000000	0.000000
1589.368042	-210.000000	0.000000
1589.384033	-84.639999	0.000000
1589.400024	-210.000000	0.000000
1589.416016	-210.000000	0.000000
1589.432007	-89.410004	0.000000
1589.447998	-210.000000	0.000000
1589.463989	-86.400002	0.000000
1589.479980	-210.000000	0.000000
1589.495972	-210.000000	0.000000
1589.511963	-210.000000	0.000000
1589.527954	-210.000000	0.000000
1589.543945	-86.980003	0.000000
1589.560059	-210.000000	0.000000
1589.576050	-210.000000	0.000000
1589.592041	-210.000000	0.000000
1589.608032	-210.000000	0.000000
1589.624023	-210.000000	0.000000
1589.640015	-210.000000	0.000000
1589.656006	-82.419998	0.000000
1589.671997	-210.000000	0.000000
1589.687988	-210.000000	0.000000
1589.703979	-210.000000	0.000000
1589.719971	-210.000000	0.000000
1589.735962	-210.000000	0.000000
1589.751953	-210.000000	0.000000
1589.767944	-210.000000	0.000000
1589.784058	-79.750000	0.000000
1589.800049	-210.000000	0.000000
1589.816040	-210.000000	0.000000
1589.832031	-89.410004	0.000000
1589.848022	-92.419998	0.000000
1589.864014	-210.000000	0.000000
1589.880005	-210.000000	0.000000
1589.895996	-210.000000	0.000000
1589.911987	-210.000000	0.000000
1589.927979	-82.010002	0.000000
1589.943970	-210.000000	0.000000
1589.959961	-210.000000	0.000000
1589.975952	-210.000000	0.000000
1589.991943	-210.000000	0.000000
1590.008057	-79.870003	0.000000
1590.024048	-86.400002	0.000000
1590.040039	-85.430000	0.000000
1590.056030	-81.809998	0.000000
1590.072021	-210.000000	0.000000
1590.088013	-83.669998	0.000000
1590.104004	-79.629997	0.000000
1590.119995	-84.290001	0.000000
1590.135986	-210.000000	0.000000
1590.151978	-80.110001	0.000000
1590.167969	-87.650002	0.000000
1590.183960	-210.000000	0.000000
1590.199951	-210.000000	0.000000
1590.215942	-210.000000	0.000000
1590.232056	-210.000000	0.000000
1590.248047	-79.750000	0.000000
1590.264038	-90.660004	0.000000
1590.280029	-210.000000	0.000000
1590.296021	-210.000000	0.000000
1590.312012	-84.290001	0.000000
1590.328003	-210.000000	0.000000
1590.343994	-87.650002	0.000000
1590.359985	-210.000000	0.000000
1590.375977	-210.000000	0.000000
1590.391968	-210.000000	0.000000
1590.407959	-85.889999	0.000000
1590.423950	-89.410004	0.000000
1590.439941	-87.650002	0.000000
1590.456055	-85.889999	0.000000
1590.472046	-88.440002	0.000000
1590.488037	-210.000000	0.000000
1590.504028	-210.000000	0.000000
1590.520020	-210.000000	0.000000
1590.536011	-89.400002	0.000000
1590.552002	-210.000000	0.000000
1590.567993	-89.400002	0.000000
1590.583984	-210.000000	0.000000
1590.599976	-81.269997	0.000000
1590.615967	-85.879997	0.000000
1590.631958	-85.879997	0.000000
1590.647949	-210.000000	0.000000
1590.663940	-85.879997	0.000000
1590.680054	-210.000000	0.000000
1590.696045	-210.000000	0.000000
1590.712036	-85.879997	0.000000
1590.728027	-90.650002	0.000000
1590.744019	-82.199997	0.000000
1590.760010	-210.000000	0.000000
1590.776001	-83.110001	0.000000
1590.791992	-210.000000	0.000000
1590.807983	-210.000000	0.000000
1590.823975	-86.389999	0.000000
1590.839966	-82.870003	0.000000
1590.855957	-85.419998	0.000000
1590.871948	-210.000000	0.000000
1590.887939	-78.430000	0.000000
1590.904053	-210.000000	0.000000
1590.920044	-83.959999	0.000000
1590.936035	-95.419998	0.000000
1590.952026	-86.970001	0.000000
1590.968018	-81.800003	0.000000
1590.984009	-210.000000	0.000000
1591.000000	-83.379997	0.000000
