Wavelength (nm)	Transmission (dBm)	Linear Transmission
1575.000000	-81.809998	0.000000
1575.015991	-210.000000	0.000000
1575.031982	-86.400002	0.000000
1575.047974	-85.889999	0.000000
1575.063965	-210.000000	0.000000
1575.079956	-210.000000	0.000000
1575.095947	-210.000000	0.000000
1575.112061	-210.000000	0.000000
1575.128052	-84.290001	0.000000
1575.144043	-210.000000	0.000000
1575.160034	-88.440002	0.000000
1575.176025	-210.000000	0.000000
1575.192017	-82.419998	0.000000
1575.208008	-210.000000	0.000000
1575.223999	-210.000000	0.000000
1575.239990	-210.000000	0.000000
1575.255981	-87.650002	0.000000
1575.271973	-81.809998	0.000000
1575.287964	-80.379997	0.000000
1575.303955	-210.000000	0.000000
1575.319946	-210.000000	0.000000
1575.336060	-81.629997	0.000000
1575.352051	-210.000000	0.000000
1575.368042	-80.660004	0.000000
1575.384033	-83.970001	0.000000
1575.400024	-210.000000	0.000000
1575.416016	-210.000000	0.000000
1575.432007	-210.000000	0.000000
1575.447998	-87.650002	0.000000
1575.463989	-210.000000	0.000000
1575.479980	-210.000000	0.000000
1575.495972	-82.430000	0.000000
1575.511963	-210.000000	0.000000
1575.527954	-210.000000	0.000000
1575.543945	-78.720001	0.000000
1575.560059	-210.000000	0.000000
1575.576050	-210.000000	0.000000
1575.592041	-210.000000	0.000000
1575.608032	-210.000000	0.000000
1575.624023	-86.989998	0.000000
1575.640015	-210.000000	0.000000
1575.656006	-92.430000	0.000000
1575.671997	-80.669998	0.000000
1575.687988	-84.650002	0.000000
1575.703979	-210.000000	0.000000
1575.719971	-210.000000	0.000000
1575.735962	-210.000000	0.000000
1575.751953	-210.000000	0.000000
1575.767944	-210.000000	0.000000
1575.784058	-81.290001	0.000000
1575.800049	-210.000000	0.000000
1575.816040	-210.000000	0.000000
1575.832031	-92.430000	0.000000
1575.848022	-210.000000	0.000000
1575.864014	-88.449997	0.000000
1575.880005	-210.000000	0.000000
1575.895996	-210.000000	0.000000
1575.911987	-210.000000	0.000000
1575.927979	-84.300003	0.000000
1575.943970	-79.879997	0.000000
1575.959961	-210.000000	0.000000
1575.975952	-85.440002	0.000000
1575.991943	-210.000000	0.000000
1576.008057	-85.900002	0.000000
1576.024048	-210.000000	0.000000
1576.040039	-84.650002	0.000000
1576.056030	-81.290001	0.000000
1576.072021	-210.000000	0.000000
1576.088013	-210.000000	0.000000
1576.104004	-85.440002	0.000000
1576.119995	-81.639999	0.000000
1576.135986	-210.000000	0.000000
1576.151978	-78.720001	0.000000
1576.167969	-210.000000	0.000000
1576.183960	-210.000000	0.000000
1576.199951	-83.980003	0.000000
1576.215942	-210.000000	0.000000
1576.232056	-80.970001	0.000000
1576.248047	-210.000000	0.000000
1576.264038	-210.000000	0.000000
1576.280029	-210.000000	0.000000
1576.296021	-210.000000	0.000000
1576.312012	-210.000000	0.000000
1576.328003	-210.000000	0.000000
1576.343994	-83.400002	0.000000
1576.359985	-210.000000	0.000000
1576.375977	-210.000000	0.000000
1576.391968	-210.000000	0.000000
1576.407959	-83.129997	0.000000
1576.423950	-80.250000	0.000000
1576.439941	-210.000000	0.000000
1576.456055	-210.000000	0.000000
1576.472046	-210.000000	0.000000
1576.488037	-210.000000	0.000000
1576.504028	-81.290001	0.000000
1576.520020	-210.000000	0.000000
1576.536011	-210.000000	0.000000
1576.552002	-210.000000	0.000000
1576.567993	-83.980003	0.000000
1576.583984	-82.889999	0.000000
1576.599976	-210.000000	0.000000
1576.615967	-210.000000	0.000000
1576.631958	-210.000000	0.000000
1576.647949	-210.000000	0.000000
1576.663940	-210.000000	0.000000
1576.680054	-79.419998	0.000000
1576.696045	-210.000000	0.000000
1576.712036	-210.000000	0.000000
1576.728027	-80.529999	0.000000
1576.744019	-79.419998	0.000000
1576.760010	-210.000000	0.000000
1576.776001	-81.459999	0.000000
1576.791992	-86.410004	0.000000
1576.807983	-81.290001	0.000000
1576.823975	-81.459999	0.000000
1576.839966	-86.989998	0.000000
1576.855957	-210.000000	0.000000
1576.871948	-82.430000	0.000000
1576.887939	-210.000000	0.000000
1576.904053	-79.419998	0.000000
1576.920044	-87.660004	0.000000
1576.936035	-210.000000	0.000000
1576.952026	-81.820000	0.000000
1576.968018	-210.000000	0.000000
1576.984009	-84.300003	0.000000
1577.000000	-210.000000	0.000000
1577.015991	-87.660004	0.000000
1577.031982	-210.000000	0.000000
1577.047974	-86.410004	0.000000
1577.063965	-85.900002	0.000000
1577.079956	-95.440002	0.000000
1577.095947	-81.290001	0.000000
1577.112061	-210.000000	0.000000
1577.128052	-84.300003	0.000000
1577.144043	-92.430000	0.000000
1577.160034	-210.000000	0.000000
1577.176025	-79.209999	0.000000
1577.192017	-81.459999	0.000000
1577.208008	-84.650002	0.000000
1577.223999	-210.000000	0.000000
1577.239990	-210.000000	0.000000
1577.255981	-85.440002	0.000000
1577.271973	-210.000000	0.000000
1577.287964	-210.000000	0.000000
1577.303955	-87.660004	0.000000
1577.319946	-210.000000	0.000000
1577.336060	-82.889999	0.000000
1577.352051	-80.120003	0.000000
1577.368042	-90.669998	0.000000
1577.384033	-81.639999	0.000000
1577.400024	-210.000000	0.000000
1577.416016	-210.000000	0.000000
1577.432007	-210.000000	0.000000
1577.447998	-210.000000	0.000000
1577.463989	-210.000000	0.000000
1577.479980	-78.910004	0.000000
1577.495972	-210.000000	0.000000
1577.511963	-210.000000	0.000000
1577.527954	-210.000000	0.000000
1577.543945	-210.000000	0.000000
1577.560059	-210.000000	0.000000
1577.576050	-81.459999	0.000000
1577.592041	-210.000000	0.000000
1577.608032	-210.000000	0.000000
1577.624023	-86.989998	0.000000
1577.640015	-210.000000	0.000000
1577.656006	-81.639999	0.000000
1577.671997	-210.000000	0.000000
1577.687988	-83.680000	0.000000
1577.703979	-92.430000	0.000000
1577.719971	-85.440002	0.000000
1577.735962	-210.000000	0.000000
1577.751953	-85.900002	0.000000
1577.767944	-82.019997	0.000000
1577.784058	-210.000000	0.000000
1577.800049	-210.000000	0.000000
1577.816040	-210.000000	0.000000
1577.832031	-82.889999	0.000000
1577.848022	-80.389999	0.000000
1577.864014	-210.000000	0.000000
1577.880005	-210.000000	0.000000
1577.895996	-210.000000	0.000000
1577.911987	-82.220001	0.000000
1577.927979	-210.000000	0.000000
1577.943970	-81.459999	0.000000
1577.959961	-83.980003	0.000000
1577.975952	-79.309998	0.000000
1577.991943	-210.000000	0.000000
1578.008057	-210.000000	0.000000
1578.024048	-83.139999	0.000000
1578.040039	-78.290001	0.000000
1578.056030	-92.440002	0.000000
1578.072021	-210.000000	0.000000
1578.088013	-210.000000	0.000000
1578.104004	-84.660004	0.000000
1578.119995	-210.000000	0.000000
1578.135986	-210.000000	0.000000
1578.151978	-210.000000	0.000000
1578.167969	-79.650002	0.000000
1578.183960	-210.000000	0.000000
1578.199951	-85.910004	0.000000
1578.215942	-82.660004	0.000000
1578.232056	-210.000000	0.000000
1578.248047	-85.040001	0.000000
1578.264038	-210.000000	0.000000
1578.280029	-84.660004	0.000000
1578.296021	-210.000000	0.000000
1578.312012	-210.000000	0.000000
1578.328003	-87.669998	0.000000
1578.343994	-82.660004	0.000000
1578.359985	-210.000000	0.000000
1578.375977	-210.000000	0.000000
1578.391968	-210.000000	0.000000
1578.407959	-210.000000	0.000000
1578.423950	-210.000000	0.000000
1578.439941	-85.910004	0.000000
1578.456055	-210.000000	0.000000
1578.472046	-210.000000	0.000000
1578.488037	-81.650002	0.000000
1578.504028	-210.000000	0.000000
1578.520020	-83.690002	0.000000
1578.536011	-80.400002	0.000000
1578.552002	-81.300003	0.000000
1578.567993	-83.989998	0.000000
1578.583984	-82.440002	0.000000
1578.599976	-210.000000	0.000000
1578.615967	-210.000000	0.000000
1578.631958	-210.000000	0.000000
1578.647949	-210.000000	0.000000
1578.663940	-210.000000	0.000000
1578.680054	-82.660004	0.000000
1578.696045	-210.000000	0.000000
1578.712036	-210.000000	0.000000
1578.728027	-210.000000	0.000000
1578.744019	-210.000000	0.000000
1578.760010	-84.309998	0.000000
1578.776001	-95.449997	0.000000
1578.791992	-210.000000	0.000000
1578.807983	-210.000000	0.000000
1578.823975	-82.900002	0.000000
1578.839966	-210.000000	0.000000
1578.855957	-87.000000	0.000000
1578.871948	-85.449997	0.000000
1578.887939	-83.690002	0.000000
1578.904053	-210.000000	0.000000
1578.920044	-80.830002	0.000000
1578.936035	-210.000000	0.000000
1578.952026	-210.000000	0.000000
1578.968018	-82.029999	0.000000
1578.984009	-210.000000	0.000000
1579.000000	-89.430000	0.000000
1579.015991	-210.000000	0.000000
1579.031982	-81.300003	0.000000
1579.047974	-210.000000	0.000000
1579.063965	-82.029999	0.000000
1579.079956	-84.309998	0.000000
1579.095947	-82.230003	0.000000
1579.112061	-81.139999	0.000000
1579.128052	-81.300003	0.000000
1579.144043	-210.000000	0.000000
1579.160034	-76.309998	0.000000
1579.176025	-81.300003	0.000000
1579.192017	-210.000000	0.000000
1579.208008	-82.900002	0.000000
1579.223999	-80.540001	0.000000
1579.239990	-210.000000	0.000000
1579.255981	-78.730003	0.000000
1579.271973	-79.110001	0.000000
1579.287964	-78.209999	0.000000
1579.303955	-85.910004	0.000000
1579.319946	-89.430000	0.000000
1579.336060	-210.000000	0.000000
1579.352051	-84.309998	0.000000
1579.368042	-78.730003	0.000000
1579.384033	-78.550003	0.000000
1579.400024	-76.820000	0.000000
1579.416016	-82.029999	0.000000
1579.432007	-80.010002	0.000000
1579.447998	-78.050003	0.000000
1579.463989	-77.529999	0.000000
1579.479980	-78.820000	0.000000
1579.495972	-74.839996	0.000000
1579.511963	-78.129997	0.000000
1579.527954	-75.580002	0.000000
1579.543945	-75.959999	0.000000
1579.560059	-77.059998	0.000000
1579.576050	-76.000000	0.000000
1579.592041	-75.239998	0.000000
1579.608032	-78.129997	0.000000
1579.624023	-74.690002	0.000000
1579.640015	-74.519997	0.000000
1579.656006	-75.279999	0.000000
1579.671997	-76.760002	0.000000
1579.687988	-76.879997	0.000000
1579.703979	-75.629997	0.000000
1579.719971	-74.410004	0.000000
1579.735962	-75.160004	0.000000
1579.751953	-73.900002	0.000000
1579.767944	-73.550003	0.000000
1579.784058	-76.099998	0.000000
1579.800049	-79.220001	0.000000
1579.816040	-74.550003	0.000000
1579.832031	-74.769997	0.000000
1579.848022	-74.879997	0.000000
1579.864014	-75.040001	0.000000
1579.880005	-73.750000	0.000000
1579.895996	-74.690002	0.000000
1579.911987	-74.110001	0.000000
1579.927979	-74.449997	0.000000
1579.943970	-74.919998	0.000000
1579.959961	-73.519997	0.000000
1579.975952	-74.690002	0.000000
1579.991943	-73.379997	0.000000
1580.008057	-72.330002	0.000000
1580.024048	-71.680000	0.000000
1580.040039	-69.610001	0.000000
1580.056030	-69.239998	0.000000
1580.072021	-68.339996	0.000000
1580.088013	-67.949997	0.000000
1580.104004	-67.129997	0.000000
1580.119995	-67.180000	0.000000
1580.135986	-66.849998	0.000000
1580.151978	-66.769997	0.000000
1580.167969	-66.419998	0.000000
1580.183960	-66.150002	0.000000
1580.199951	-65.760002	0.000000
1580.215942	-65.010002	0.000000
1580.232056	-64.349998	0.000000
1580.248047	-63.840000	0.000000
1580.264038	-63.360001	0.000000
1580.280029	-63.220001	0.000000
1580.296021	-63.040001	0.000000
1580.312012	-62.889999	0.000001
1580.328003	-62.869999	0.000001
1580.343994	-62.779999	0.000001
1580.359985	-62.660000	0.000001
1580.375977	-62.400002	0.000001
1580.391968	-61.939999	0.000001
1580.407959	-61.570000	0.000001
1580.423950	-61.250000	0.000001
1580.439941	-60.939999	0.000001
1580.456055	-60.740002	0.000001
1580.472046	-60.590000	0.000001
1580.488037	-60.439999	0.000001
1580.504028	-60.389999	0.000001
1580.520020	-60.430000	0.000001
1580.536011	-60.369999	0.000001
1580.552002	-60.340000	0.000001
1580.567993	-60.090000	0.000001
1580.583984	-59.720001	0.000001
1580.599976	-59.349998	0.000001
1580.615967	-59.060001	0.000001
1580.631958	-58.980000	0.000001
1580.647949	-59.020000	0.000001
1580.663940	-59.029999	0.000001
1580.680054	-59.020000	0.000001
1580.696045	-59.029999	0.000001
1580.712036	-58.869999	0.000001
1580.728027	-58.680000	0.000001
1580.744019	-58.349998	0.000001
1580.760010	-58.090000	0.000002
1580.776001	-57.880001	0.000002
1580.791992	-57.840000	0.000002
1580.807983	-57.799999	0.000002
1580.823975	-57.910000	0.000002
1580.839966	-57.930000	0.000002
1580.855957	-57.919998	0.000002
1580.871948	-57.660000	0.000002
1580.887939	-57.320000	0.000002
1580.904053	-57.090000	0.000002
1580.920044	-56.930000	0.000002
1580.936035	-56.860001	0.000002
1580.952026	-56.810001	0.000002
1580.968018	-56.830002	0.000002
1580.984009	-56.919998	0.000002
1581.000000	-56.939999	0.000002
1581.015991	-56.860001	0.000002
1581.031982	-56.680000	0.000002
1581.047974	-56.349998	0.000002
1581.063965	-56.020000	0.000003
1581.079956	-55.889999	0.000003
1581.095947	-55.860001	0.000003
1581.112061	-55.900002	0.000003
1581.128052	-55.970001	0.000003
1581.144043	-56.020000	0.000003
1581.160034	-56.000000	0.000003
1581.176025	-55.830002	0.000003
1581.192017	-55.619999	0.000003
1581.208008	-55.450001	0.000003
1581.223999	-55.369999	0.000003
1581.239990	-55.340000	0.000003
1581.255981	-55.349998	0.000003
1581.271973	-55.410000	0.000003
1581.287964	-55.529999	0.000003
1581.303955	-55.639999	0.000003
1581.319946	-55.610001	0.000003
1581.336060	-55.450001	0.000003
1581.352051	-55.250000	0.000003
1581.368042	-55.130001	0.000003
1581.384033	-55.070000	0.000003
1581.400024	-55.099998	0.000003
1581.416016	-55.119999	0.000003
1581.432007	-55.209999	0.000003
1581.447998	-55.340000	0.000003
1581.463989	-55.410000	0.000003
1581.479980	-55.299999	0.000003
1581.495972	-55.139999	0.000003
1581.511963	-55.049999	0.000003
1581.527954	-54.910000	0.000003
1581.543945	-54.810001	0.000003
1581.560059	-54.790001	0.000003
1581.576050	-54.880001	0.000003
1581.592041	-54.950001	0.000003
1581.608032	-54.950001	0.000003
1581.624023	-54.820000	0.000003
1581.640015	-54.509998	0.000004
1581.656006	-54.250000	0.000004
1581.671997	-54.060001	0.000004
1581.687988	-53.959999	0.000004
1581.703979	-53.860001	0.000004
1581.719971	-53.779999	0.000004
1581.735962	-53.700001	0.000004
1581.751953	-53.529999	0.000004
1581.767944	-53.240002	0.000005
1581.784058	-52.930000	0.000005
1581.800049	-52.720001	0.000005
1581.816040	-52.430000	0.000006
1581.832031	-52.240002	0.000006
1581.848022	-52.099998	0.000006
1581.864014	-51.990002	0.000006
1581.880005	-51.869999	0.000007
1581.895996	-51.759998	0.000007
1581.911987	-51.470001	0.000007
1581.927979	-51.040001	0.000008
1581.943970	-50.689999	0.000009
1581.959961	-50.380001	0.000009
1581.975952	-50.180000	0.000010
1581.991943	-50.080002	0.000010
1582.008057	-49.980000	0.000010
1582.024048	-49.900002	0.000010
1582.040039	-49.790001	0.000010
1582.056030	-49.549999	0.000011
1582.072021	-49.279999	0.000012
1582.088013	-49.060001	0.000012
1582.104004	-48.790001	0.000013
1582.119995	-48.619999	0.000014
1582.135986	-48.520000	0.000014
1582.151978	-48.430000	0.000014
1582.167969	-48.369999	0.000015
1582.183960	-48.349998	0.000015
1582.199951	-48.259998	0.000015
1582.215942	-48.040001	0.000016
1582.232056	-47.799999	0.000017
1582.248047	-47.560001	0.000018
1582.264038	-47.410000	0.000018
1582.280029	-47.340000	0.000018
1582.296021	-47.310001	0.000019
1582.312012	-47.320000	0.000019
1582.328003	-47.320000	0.000019
1582.343994	-47.270000	0.000019
1582.359985	-47.150002	0.000019
1582.375977	-47.000000	0.000020
1582.391968	-46.759998	0.000021
1582.407959	-46.570000	0.000022
1582.423950	-46.459999	0.000023
1582.439941	-46.380001	0.000023
1582.456055	-46.380001	0.000023
1582.472046	-46.439999	0.000023
1582.488037	-46.509998	0.000022
1582.504028	-46.509998	0.000022
1582.520020	-46.400002	0.000023
1582.536011	-46.180000	0.000024
1582.552002	-46.009998	0.000025
1582.567993	-45.950001	0.000025
1582.583984	-45.930000	0.000026
1582.599976	-45.970001	0.000025
1582.615967	-46.060001	0.000025
1582.631958	-46.189999	0.000024
1582.647949	-46.279999	0.000024
1582.663940	-46.310001	0.000023
1582.680054	-46.279999	0.000024
1582.696045	-46.209999	0.000024
1582.712036	-46.160000	0.000024
1582.728027	-46.169998	0.000024
1582.744019	-46.259998	0.000024
1582.760010	-46.410000	0.000023
1582.776001	-46.630001	0.000022
1582.791992	-46.880001	0.000021
1582.807983	-47.020000	0.000020
1582.823975	-47.020000	0.000020
1582.839966	-46.980000	0.000020
1582.855957	-46.970001	0.000020
1582.871948	-47.000000	0.000020
1582.887939	-47.090000	0.000020
1582.904053	-47.250000	0.000019
1582.920044	-47.450001	0.000018
1582.936035	-47.730000	0.000017
1582.952026	-47.959999	0.000016
1582.968018	-48.090000	0.000016
1582.984009	-48.080002	0.000016
1583.000000	-47.980000	0.000016
1583.015991	-47.950001	0.000016
1583.031982	-47.990002	0.000016
1583.047974	-48.090000	0.000016
1583.063965	-48.250000	0.000015
1583.079956	-48.470001	0.000014
1583.095947	-48.619999	0.000014
1583.112061	-48.590000	0.000014
1583.128052	-48.459999	0.000014
1583.144043	-48.340000	0.000015
1583.160034	-48.279999	0.000015
1583.176025	-48.290001	0.000015
1583.192017	-48.330002	0.000015
1583.208008	-48.410000	0.000014
1583.223999	-48.560001	0.000014
1583.239990	-48.689999	0.000014
1583.255981	-48.750000	0.000013
1583.271973	-48.660000	0.000014
1583.287964	-48.459999	0.000014
1583.303955	-48.340000	0.000015
1583.319946	-48.299999	0.000015
1583.336060	-48.349998	0.000015
1583.352051	-48.450001	0.000014
1583.368042	-48.619999	0.000014
1583.384033	-48.799999	0.000013
1583.400024	-48.869999	0.000013
1583.416016	-48.830002	0.000013
1583.432007	-48.689999	0.000014
1583.447998	-48.549999	0.000014
1583.463989	-48.470001	0.000014
1583.479980	-48.470001	0.000014
1583.495972	-48.540001	0.000014
1583.511963	-48.689999	0.000014
1583.527954	-48.869999	0.000013
1583.543945	-49.040001	0.000012
1583.560059	-49.080002	0.000012
1583.576050	-48.889999	0.000013
1583.592041	-48.720001	0.000013
1583.608032	-48.650002	0.000014
1583.624023	-48.669998	0.000014
1583.640015	-48.750000	0.000013
1583.656006	-48.919998	0.000013
1583.671997	-49.119999	0.000012
1583.687988	-49.259998	0.000012
1583.703979	-49.279999	0.000012
1583.719971	-49.169998	0.000012
1583.735962	-49.009998	0.000013
1583.751953	-48.869999	0.000013
1583.767944	-48.830002	0.000013
1583.784058	-48.849998	0.000013
1583.800049	-48.950001	0.000013
1583.816040	-49.080002	0.000012
1583.832031	-49.290001	0.000012
1583.848022	-49.430000	0.000011
1583.864014	-49.369999	0.000012
1583.880005	-49.160000	0.000012
1583.895996	-49.000000	0.000013
1583.911987	-48.939999	0.000013
1583.927979	-48.959999	0.000013
1583.943970	-49.070000	0.000012
1583.959961	-49.200001	0.000012
1583.975952	-49.410000	0.000011
1583.991943	-49.580002	0.000011
1584.008057	-49.639999	0.000011
1584.024048	-49.520000	0.000011
1584.040039	-49.340000	0.000012
1584.056030	-49.259998	0.000012
1584.072021	-49.279999	0.000012
1584.088013	-49.389999	0.000012
1584.104004	-49.549999	0.000011
1584.119995	-49.830002	0.000010
1584.135986	-50.090000	0.000010
1584.151978	-50.180000	0.000010
1584.167969	-50.110001	0.000010
1584.183960	-50.029999	0.000010
1584.199951	-50.009998	0.000010
1584.215942	-50.040001	0.000010
1584.232056	-50.130001	0.000010
1584.248047	-50.299999	0.000009
1584.264038	-50.580002	0.000009
1584.280029	-50.880001	0.000008
1584.296021	-51.160000	0.000008
1584.312012	-51.330002	0.000007
1584.328003	-51.330002	0.000007
1584.343994	-51.259998	0.000007
1584.359985	-51.270000	0.000007
1584.375977	-51.349998	0.000007
1584.391968	-51.500000	0.000007
1584.407959	-51.770000	0.000007
1584.423950	-52.099998	0.000006
1584.439941	-52.490002	0.000006
1584.456055	-52.650002	0.000005
1584.472046	-52.610001	0.000005
1584.488037	-52.529999	0.000006
1584.504028	-52.509998	0.000006
1584.520020	-52.540001	0.000006
1584.536011	-52.630001	0.000005
1584.552002	-52.860001	0.000005
1584.567993	-53.099998	0.000005
1584.583984	-53.439999	0.000005
1584.599976	-53.580002	0.000004
1584.615967	-53.509998	0.000004
1584.631958	-53.360001	0.000005
1584.647949	-53.310001	0.000005
1584.663940	-53.299999	0.000005
1584.680054	-53.330002	0.000005
1584.696045	-53.419998	0.000005
1584.712036	-53.590000	0.000004
1584.728027	-53.779999	0.000004
1584.744019	-53.830002	0.000004
1584.760010	-53.730000	0.000004
1584.776001	-53.560001	0.000004
1584.791992	-53.419998	0.000005
1584.807983	-53.400002	0.000005
1584.823975	-53.459999	0.000005
1584.839966	-53.619999	0.000004
1584.855957	-53.779999	0.000004
1584.871948	-54.000000	0.000004
1584.887939	-54.230000	0.000004
1584.904053	-54.310001	0.000004
1584.920044	-54.240002	0.000004
1584.936035	-54.169998	0.000004
1584.952026	-54.169998	0.000004
1584.968018	-54.189999	0.000004
1584.984009	-54.340000	0.000004
1585.000000	-54.590000	0.000003
1585.015991	-54.950001	0.000003
1585.031982	-55.259998	0.000003
1585.047974	-55.330002	0.000003
1585.063965	-55.290001	0.000003
1585.079956	-55.230000	0.000003
1585.095947	-55.270000	0.000003
1585.112061	-55.400002	0.000003
1585.128052	-55.590000	0.000003
1585.144043	-55.799999	0.000003
1585.160034	-56.070000	0.000002
1585.176025	-56.470001	0.000002
1585.192017	-56.700001	0.000002
1585.208008	-56.750000	0.000002
1585.223999	-56.730000	0.000002
1585.239990	-56.660000	0.000002
1585.255981	-56.610001	0.000002
1585.271973	-56.720001	0.000002
1585.287964	-56.930000	0.000002
1585.303955	-57.200001	0.000002
1585.319946	-57.540001	0.000002
1585.336060	-57.650002	0.000002
1585.352051	-57.650002	0.000002
1585.368042	-57.540001	0.000002
1585.384033	-57.410000	0.000002
1585.400024	-57.360001	0.000002
1585.416016	-57.419998	0.000002
1585.432007	-57.470001	0.000002
1585.447998	-57.650002	0.000002
1585.463989	-57.889999	0.000002
1585.479980	-58.080002	0.000002
1585.495972	-58.169998	0.000002
1585.511963	-58.060001	0.000002
1585.527954	-57.919998	0.000002
1585.543945	-57.830002	0.000002
1585.560059	-57.799999	0.000002
1585.576050	-57.889999	0.000002
1585.592041	-58.060001	0.000002
1585.608032	-58.310001	0.000001
1585.624023	-58.419998	0.000001
1585.640015	-58.419998	0.000001
1585.656006	-58.430000	0.000001
1585.671997	-58.299999	0.000001
1585.687988	-58.189999	0.000002
1585.703979	-58.200001	0.000002
1585.719971	-58.230000	0.000002
1585.735962	-58.259998	0.000001
1585.751953	-58.490002	0.000001
1585.767944	-58.720001	0.000001
1585.784058	-58.910000	0.000001
1585.800049	-59.029999	0.000001
1585.816040	-58.939999	0.000001
1585.832031	-58.849998	0.000001
1585.848022	-58.770000	0.000001
1585.864014	-58.799999	0.000001
1585.880005	-58.910000	0.000001
1585.895996	-59.029999	0.000001
1585.911987	-59.189999	0.000001
1585.927979	-59.230000	0.000001
1585.943970	-59.290001	0.000001
1585.959961	-59.230000	0.000001
1585.975952	-59.060001	0.000001
1585.991943	-59.040001	0.000001
1586.008057	-59.040001	0.000001
1586.024048	-59.020000	0.000001
1586.040039	-59.160000	0.000001
1586.056030	-59.360001	0.000001
1586.072021	-59.540001	0.000001
1586.088013	-59.630001	0.000001
1586.104004	-59.580002	0.000001
1586.119995	-59.450001	0.000001
1586.135986	-59.310001	0.000001
1586.151978	-59.360001	0.000001
1586.167969	-59.450001	0.000001
1586.183960	-59.650002	0.000001
1586.199951	-59.759998	0.000001
1586.215942	-59.820000	0.000001
1586.232056	-59.970001	0.000001
1586.248047	-60.049999	0.000001
1586.264038	-59.910000	0.000001
1586.280029	-59.830002	0.000001
1586.296021	-59.779999	0.000001
1586.312012	-59.880001	0.000001
1586.328003	-59.959999	0.000001
1586.343994	-60.220001	0.000001
1586.359985	-60.660000	0.000001
1586.375977	-60.970001	0.000001
1586.391968	-61.169998	0.000001
1586.407959	-61.240002	0.000001
1586.423950	-61.279999	0.000001
1586.439941	-61.330002	0.000001
1586.456055	-61.549999	0.000001
1586.472046	-61.820000	0.000001
1586.488037	-62.200001	0.000001
1586.504028	-62.369999	0.000001
1586.520020	-62.889999	0.000001
1586.536011	-63.360001	0.000000
1586.552002	-63.660000	0.000000
1586.567993	-63.700001	0.000000
1586.583984	-63.669998	0.000000
1586.599976	-63.490002	0.000000
1586.615967	-63.799999	0.000000
1586.631958	-64.370003	0.000000
1586.647949	-64.739998	0.000000
1586.663940	-65.589996	0.000000
1586.680054	-66.080002	0.000000
1586.696045	-66.400002	0.000000
1586.712036	-66.900002	0.000000
1586.728027	-67.199997	0.000000
1586.744019	-67.059998	0.000000
1586.760010	-67.290001	0.000000
1586.776001	-67.669998	0.000000
1586.791992	-67.900002	0.000000
1586.807983	-68.449997	0.000000
1586.823975	-68.629997	0.000000
1586.839966	-69.769997	0.000000
1586.855957	-70.349998	0.000000
1586.871948	-70.010002	0.000000
1586.887939	-70.059998	0.000000
1586.904053	-69.970001	0.000000
1586.920044	-70.529999	0.000000
1586.936035	-70.250000	0.000000
1586.952026	-70.459999	0.000000
1586.968018	-71.480003	0.000000
1586.984009	-72.339996	0.000000
1587.000000	-72.790001	0.000000
1587.015991	-73.370003	0.000000
1587.031982	-73.889999	0.000000
1587.047974	-74.540001	0.000000
1587.063965	-74.680000	0.000000
1587.079956	-74.610001	0.000000
1587.095947	-74.610001	0.000000
1587.112061	-73.860001	0.000000
1587.128052	-76.930000	0.000000
1587.144043	-74.370003	0.000000
1587.160034	-78.360001	0.000000
1587.176025	-75.269997	0.000000
1587.192017	-75.620003	0.000000
1587.208008	-75.269997	0.000000
1587.223999	-79.099998	0.000000
1587.239990	-79.419998	0.000000
1587.255981	-77.309998	0.000000
1587.271973	-76.300003	0.000000
1587.287964	-77.110001	0.000000
1587.303955	-80.120003	0.000000
1587.319946	-86.410004	0.000000
1587.336060	-80.669998	0.000000
1587.352051	-87.660004	0.000000
1587.368042	-210.000000	0.000000
1587.384033	-82.019997	0.000000
1587.400024	-80.529999	0.000000
1587.416016	-78.540001	0.000000
1587.432007	-82.220001	0.000000
1587.447998	-79.000000	0.000000
1587.463989	-88.449997	0.000000
1587.479980	-210.000000	0.000000
1587.495972	-210.000000	0.000000
1587.511963	-89.419998	0.000000
1587.527954	-81.459999	0.000000
1587.543945	-88.449997	0.000000
1587.560059	-80.250000	0.000000
1587.576050	-85.440002	0.000000
1587.592041	-80.669998	0.000000
1587.608032	-84.650002	0.000000
1587.624023	-86.410004	0.000000
1587.640015	-82.889999	0.000000
1587.656006	-210.000000	0.000000
1587.671997	-81.639999	0.000000
1587.687988	-210.000000	0.000000
1587.703979	-80.250000	0.000000
1587.719971	-210.000000	0.000000
1587.735962	-210.000000	0.000000
1587.751953	-85.900002	0.000000
1587.767944	-210.000000	0.000000
1587.784058	-82.889999	0.000000
1587.800049	-210.000000	0.000000
1587.816040	-85.900002	0.000000
1587.832031	-85.900002	0.000000
1587.848022	-80.970001	0.000000
1587.864014	-79.000000	0.000000
1587.880005	-78.809998	0.000000
1587.895996	-210.000000	0.000000
1587.911987	-210.000000	0.000000
1587.927979	-210.000000	0.000000
1587.943970	-210.000000	0.000000
1587.959961	-85.440002	0.000000
1587.975952	-85.029999	0.000000
1587.991943	-210.000000	0.000000
1588.008057	-210.000000	0.000000
1588.024048	-95.430000	0.000000
1588.040039	-85.430000	0.000000
1588.056030	-92.419998	0.000000
1588.072021	-90.660004	0.000000
1588.088013	-86.400002	0.000000
1588.104004	-210.000000	0.000000
1588.119995	-210.000000	0.000000
1588.135986	-210.000000	0.000000
1588.151978	-88.440002	0.000000
1588.167969	-210.000000	0.000000
1588.183960	-210.000000	0.000000
1588.199951	-210.000000	0.000000
1588.215942	-79.750000	0.000000
1588.232056	-210.000000	0.000000
1588.248047	-210.000000	0.000000
1588.264038	-210.000000	0.000000
1588.280029	-210.000000	0.000000
1588.296021	-210.000000	0.000000
1588.312012	-92.419998	0.000000
1588.328003	-210.000000	0.000000
1588.343994	-210.000000	0.000000
1588.359985	-210.000000	0.000000
1588.375977	-86.980003	0.000000
1588.391968	-83.389999	0.000000
1588.407959	-89.410004	0.000000
1588.423950	-210.000000	0.000000
1588.439941	-86.980003	0.000000
1588.456055	-210.000000	0.000000
1588.472046	-210.000000	0.000000
1588.488037	-210.000000	0.000000
1588.504028	-85.889999	0.000000
1588.520020	-89.410004	0.000000
1588.536011	-90.660004	0.000000
1588.552002	-210.000000	0.000000
1588.567993	-83.669998	0.000000
1588.583984	-210.000000	0.000000
1588.599976	-87.650002	0.000000
1588.615967	-83.970001	0.000000
1588.631958	-89.410004	0.000000
1588.647949	-210.000000	0.000000
1588.663940	-210.000000	0.000000
1588.680054	-210.000000	0.000000
1588.696045	-83.389999	0.000000
1588.712036	-210.000000	0.000000
1588.728027	-210.000000	0.000000
1588.744019	-210.000000	0.000000
1588.760010	-83.669998	0.000000
1588.776001	-80.239998	0.000000
1588.791992	-210.000000	0.000000
1588.807983	-83.120003	0.000000
1588.823975	-89.410004	0.000000
1588.839966	-210.000000	0.000000
1588.855957	-210.000000	0.000000
1588.871948	-210.000000	0.000000
1588.887939	-92.419998	0.000000
1588.904053	-85.889999	0.000000
1588.920044	-78.529999	0.000000
1588.936035	-92.419998	0.000000
1588.952026	-210.000000	0.000000
1588.968018	-210.000000	0.000000
1588.984009	-210.000000	0.000000
1589.000000	-210.000000	0.000000
1589.015991	-210.000000	0.000000
1589.031982	-210.000000	0.000000
1589.047974	-210.000000	0.000000
1589.063965	-210.000000	0.000000
1589.079956	-86.980003	0.000000
1589.095947	-85.019997	0.000000
1589.112061	-86.400002	0.000000
1589.128052	-210.000000	0.000000
1589.144043	-210.000000	0.000000
1589.160034	-82.419998	0.000000
1589.176025	-85.019997	0.000000
1589.192017	-89.410004	0.000000
1589.208008	-84.639999	0.000000
1589.223999	-210.000000	0.000000
1589.239990	-210.000000	0.000000
1589.255981	-210.000000	0.000000
1589.271973	-85.019997	0.000000
1589.287964	-80.809998	0.000000
1589.303955	-210.000000	0.000000
1589.319946	-210.000000	0.000000
1589.336060	-210.000000	0.000000
1589.352051	-95.430000	0.000000
1589.368042	-85.430000	0.000000
1589.384033	-210.000000	0.000000
1589.400024	-210.000000	0.000000
1589.416016	-83.389999	0.000000
1589.432007	-210.000000	0.000000
1589.447998	-210.000000	0.000000
1589.463989	-210.000000	0.000000
1589.479980	-83.970001	0.000000
1589.495972	-210.000000	0.000000
1589.511963	-210.000000	0.000000
1589.527954	-210.000000	0.000000
1589.543945	-86.980003	0.000000
1589.560059	-210.000000	0.000000
1589.576050	-210.000000	0.000000
1589.592041	-210.000000	0.000000
1589.608032	-210.000000	0.000000
1589.624023	-210.000000	0.000000
1589.640015	-84.639999	0.000000
1589.656006	-210.000000	0.000000
1589.671997	-210.000000	0.000000
1589.687988	-81.279999	0.000000
1589.703979	-210.000000	0.000000
1589.719971	-85.019997	0.000000
1589.735962	-210.000000	0.000000
1589.751953	-210.000000	0.000000
1589.767944	-92.419998	0.000000
1589.784058	-210.000000	0.000000
1589.800049	-80.239998	0.000000
1589.816040	-81.279999	0.000000
1589.832031	-83.669998	0.000000
1589.848022	-85.019997	0.000000
1589.864014	-82.419998	0.000000
1589.880005	-210.000000	0.000000
1589.895996	-95.430000	0.000000
1589.911987	-89.410004	0.000000
1589.927979	-85.019997	0.000000
1589.943970	-210.000000	0.000000
1589.959961	-92.419998	0.000000
1589.975952	-210.000000	0.000000
1589.991943	-210.000000	0.000000
1590.008057	-210.000000	0.000000
1590.024048	-84.290001	0.000000
1590.040039	-210.000000	0.000000
1590.056030	-79.989998	0.000000
1590.072021	-210.000000	0.000000
1590.088013	-210.000000	0.000000
1590.104004	-85.019997	0.000000
1590.119995	-83.669998	0.000000
1590.135986	-210.000000	0.000000
1590.151978	-83.389999	0.000000
1590.167969	-81.629997	0.000000
1590.183960	-210.000000	0.000000
1590.199951	-80.959999	0.000000
1590.215942	-210.000000	0.000000
1590.232056	-82.010002	0.000000
1590.248047	-210.000000	0.000000
1590.264038	-92.419998	0.000000
1590.280029	-210.000000	0.000000
1590.296021	-84.639999	0.000000
1590.312012	-210.000000	0.000000
1590.328003	-92.419998	0.000000
1590.343994	-210.000000	0.000000
1590.359985	-85.019997	0.000000
1590.375977	-210.000000	0.000000
1590.391968	-210.000000	0.000000
1590.407959	-88.440002	0.000000
1590.423950	-83.669998	0.000000
1590.439941	-210.000000	0.000000
1590.456055	-210.000000	0.000000
1590.472046	-210.000000	0.000000
1590.488037	-81.809998	0.000000
1590.504028	-210.000000	0.000000
1590.520020	-86.389999	0.000000
1590.536011	-210.000000	0.000000
1590.552002	-210.000000	0.000000
1590.567993	-210.000000	0.000000
1590.583984	-90.650002	0.000000
1590.599976	-210.000000	0.000000
1590.615967	-90.650002	0.000000
1590.631958	-210.000000	0.000000
1590.647949	-88.430000	0.000000
1590.663940	-210.000000	0.000000
1590.680054	-82.000000	0.000000
1590.696045	-210.000000	0.000000
1590.712036	-80.230003	0.000000
1590.728027	-82.629997	0.000000
1590.744019	-210.000000	0.000000
1590.760010	-87.639999	0.000000
1590.776001	-210.000000	0.000000
1590.791992	-95.419998	0.000000
1590.807983	-81.620003	0.000000
1590.823975	-83.110001	0.000000
1590.839966	-210.000000	0.000000
1590.855957	-92.410004	0.000000
1590.871948	-81.620003	0.000000
1590.887939	-210.000000	0.000000
1590.904053	-210.000000	0.000000
1590.920044	-82.199997	0.000000
1590.936035	-210.000000	0.000000
1590.952026	-210.000000	0.000000
1590.968018	-210.000000	0.000000
1590.984009	-210.000000	0.000000
1591.000000	-79.400002	0.000000
