Wavelength (nm)	Transmission (dBm)	Linear Transmission
1575.000000	-210.000000	0.000000
1575.015991	-210.000000	0.000000
1575.031982	-83.669998	0.000000
1575.047974	-79.870003	0.000000
1575.063965	-210.000000	0.000000
1575.079956	-79.519997	0.000000
1575.095947	-210.000000	0.000000
1575.112061	-83.120003	0.000000
1575.128052	-81.449997	0.000000
1575.144043	-84.290001	0.000000
1575.160034	-88.440002	0.000000
1575.176025	-92.419998	0.000000
1575.192017	-83.970001	0.000000
1575.208008	-210.000000	0.000000
1575.223999	-210.000000	0.000000
1575.239990	-83.669998	0.000000
1575.255981	-210.000000	0.000000
1575.271973	-210.000000	0.000000
1575.287964	-210.000000	0.000000
1575.303955	-84.290001	0.000000
1575.319946	-210.000000	0.000000
1575.336060	-210.000000	0.000000
1575.352051	-83.970001	0.000000
1575.368042	-210.000000	0.000000
1575.384033	-88.440002	0.000000
1575.400024	-84.639999	0.000000
1575.416016	-210.000000	0.000000
1575.432007	-210.000000	0.000000
1575.447998	-210.000000	0.000000
1575.463989	-82.879997	0.000000
1575.479980	-85.430000	0.000000
1575.495972	-81.290001	0.000000
1575.511963	-210.000000	0.000000
1575.527954	-79.099998	0.000000
1575.543945	-83.680000	0.000000
1575.560059	-210.000000	0.000000
1575.576050	-210.000000	0.000000
1575.592041	-82.430000	0.000000
1575.608032	-84.650002	0.000000
1575.624023	-210.000000	0.000000
1575.640015	-210.000000	0.000000
1575.656006	-92.430000	0.000000
1575.671997	-210.000000	0.000000
1575.687988	-81.290001	0.000000
1575.703979	-210.000000	0.000000
1575.719971	-210.000000	0.000000
1575.735962	-210.000000	0.000000
1575.751953	-86.410004	0.000000
1575.767944	-95.440002	0.000000
1575.784058	-86.989998	0.000000
1575.800049	-84.650002	0.000000
1575.816040	-210.000000	0.000000
1575.832031	-95.440002	0.000000
1575.848022	-81.129997	0.000000
1575.864014	-82.430000	0.000000
1575.880005	-87.660004	0.000000
1575.895996	-86.989998	0.000000
1575.911987	-92.430000	0.000000
1575.927979	-84.300003	0.000000
1575.943970	-83.400002	0.000000
1575.959961	-210.000000	0.000000
1575.975952	-83.980003	0.000000
1575.991943	-210.000000	0.000000
1576.008057	-210.000000	0.000000
1576.024048	-89.419998	0.000000
1576.040039	-210.000000	0.000000
1576.056030	-210.000000	0.000000
1576.072021	-210.000000	0.000000
1576.088013	-80.820000	0.000000
1576.104004	-84.300003	0.000000
1576.119995	-210.000000	0.000000
1576.135986	-210.000000	0.000000
1576.151978	-210.000000	0.000000
1576.167969	-78.910004	0.000000
1576.183960	-210.000000	0.000000
1576.199951	-210.000000	0.000000
1576.215942	-210.000000	0.000000
1576.232056	-84.300003	0.000000
1576.248047	-82.889999	0.000000
1576.264038	-88.449997	0.000000
1576.280029	-210.000000	0.000000
1576.296021	-210.000000	0.000000
1576.312012	-210.000000	0.000000
1576.328003	-86.410004	0.000000
1576.343994	-210.000000	0.000000
1576.359985	-210.000000	0.000000
1576.375977	-210.000000	0.000000
1576.391968	-82.430000	0.000000
1576.407959	-210.000000	0.000000
1576.423950	-210.000000	0.000000
1576.439941	-210.000000	0.000000
1576.456055	-86.989998	0.000000
1576.472046	-85.440002	0.000000
1576.488037	-210.000000	0.000000
1576.504028	-210.000000	0.000000
1576.520020	-210.000000	0.000000
1576.536011	-83.129997	0.000000
1576.552002	-79.309998	0.000000
1576.567993	-210.000000	0.000000
1576.583984	-210.000000	0.000000
1576.599976	-85.029999	0.000000
1576.615967	-210.000000	0.000000
1576.631958	-80.000000	0.000000
1576.647949	-210.000000	0.000000
1576.663940	-210.000000	0.000000
1576.680054	-210.000000	0.000000
1576.696045	-90.669998	0.000000
1576.712036	-210.000000	0.000000
1576.728027	-86.410004	0.000000
1576.744019	-210.000000	0.000000
1576.760010	-210.000000	0.000000
1576.776001	-210.000000	0.000000
1576.791992	-89.419998	0.000000
1576.807983	-210.000000	0.000000
1576.823975	-210.000000	0.000000
1576.839966	-79.309998	0.000000
1576.855957	-210.000000	0.000000
1576.871948	-210.000000	0.000000
1576.887939	-90.669998	0.000000
1576.904053	-82.019997	0.000000
1576.920044	-210.000000	0.000000
1576.936035	-210.000000	0.000000
1576.952026	-85.440002	0.000000
1576.968018	-210.000000	0.000000
1576.984009	-210.000000	0.000000
1577.000000	-210.000000	0.000000
1577.015991	-84.300003	0.000000
1577.031982	-210.000000	0.000000
1577.047974	-210.000000	0.000000
1577.063965	-210.000000	0.000000
1577.079956	-81.639999	0.000000
1577.095947	-210.000000	0.000000
1577.112061	-210.000000	0.000000
1577.128052	-95.440002	0.000000
1577.144043	-83.980003	0.000000
1577.160034	-210.000000	0.000000
1577.176025	-210.000000	0.000000
1577.192017	-210.000000	0.000000
1577.208008	-79.209999	0.000000
1577.223999	-210.000000	0.000000
1577.239990	-95.440002	0.000000
1577.255981	-95.440002	0.000000
1577.271973	-210.000000	0.000000
1577.287964	-81.290001	0.000000
1577.303955	-210.000000	0.000000
1577.319946	-89.419998	0.000000
1577.336060	-210.000000	0.000000
1577.352051	-81.639999	0.000000
1577.368042	-86.410004	0.000000
1577.384033	-210.000000	0.000000
1577.400024	-95.440002	0.000000
1577.416016	-83.129997	0.000000
1577.432007	-84.300003	0.000000
1577.447998	-210.000000	0.000000
1577.463989	-210.000000	0.000000
1577.479980	-210.000000	0.000000
1577.495972	-210.000000	0.000000
1577.511963	-210.000000	0.000000
1577.527954	-81.459999	0.000000
1577.543945	-210.000000	0.000000
1577.560059	-210.000000	0.000000
1577.576050	-82.220001	0.000000
1577.592041	-81.639999	0.000000
1577.608032	-210.000000	0.000000
1577.624023	-81.129997	0.000000
1577.640015	-210.000000	0.000000
1577.656006	-210.000000	0.000000
1577.671997	-210.000000	0.000000
1577.687988	-87.660004	0.000000
1577.703979	-83.980003	0.000000
1577.719971	-85.029999	0.000000
1577.735962	-210.000000	0.000000
1577.751953	-80.250000	0.000000
1577.767944	-210.000000	0.000000
1577.784058	-82.430000	0.000000
1577.800049	-77.589996	0.000000
1577.816040	-84.300003	0.000000
1577.832031	-210.000000	0.000000
1577.848022	-85.900002	0.000000
1577.864014	-210.000000	0.000000
1577.880005	-84.300003	0.000000
1577.895996	-210.000000	0.000000
1577.911987	-89.419998	0.000000
1577.927979	-210.000000	0.000000
1577.943970	-90.669998	0.000000
1577.959961	-80.669998	0.000000
1577.975952	-210.000000	0.000000
1577.991943	-210.000000	0.000000
1578.008057	-83.690002	0.000000
1578.024048	-88.459999	0.000000
1578.040039	-210.000000	0.000000
1578.056030	-210.000000	0.000000
1578.072021	-79.320000	0.000000
1578.088013	-80.400002	0.000000
1578.104004	-81.139999	0.000000
1578.119995	-210.000000	0.000000
1578.135986	-210.000000	0.000000
1578.151978	-210.000000	0.000000
1578.167969	-92.440002	0.000000
1578.183960	-210.000000	0.000000
1578.199951	-210.000000	0.000000
1578.215942	-210.000000	0.000000
1578.232056	-210.000000	0.000000
1578.248047	-82.900002	0.000000
1578.264038	-83.989998	0.000000
1578.280029	-210.000000	0.000000
1578.296021	-210.000000	0.000000
1578.312012	-210.000000	0.000000
1578.328003	-85.040001	0.000000
1578.343994	-210.000000	0.000000
1578.359985	-82.230003	0.000000
1578.375977	-210.000000	0.000000
1578.391968	-84.309998	0.000000
1578.407959	-210.000000	0.000000
1578.423950	-210.000000	0.000000
1578.439941	-210.000000	0.000000
1578.456055	-87.000000	0.000000
1578.472046	-92.440002	0.000000
1578.488037	-210.000000	0.000000
1578.504028	-210.000000	0.000000
1578.520020	-89.430000	0.000000
1578.536011	-89.430000	0.000000
1578.552002	-83.410004	0.000000
1578.567993	-83.410004	0.000000
1578.583984	-210.000000	0.000000
1578.599976	-81.650002	0.000000
1578.615967	-210.000000	0.000000
1578.631958	-210.000000	0.000000
1578.647949	-85.449997	0.000000
1578.663940	-210.000000	0.000000
1578.680054	-81.470001	0.000000
1578.696045	-210.000000	0.000000
1578.712036	-92.440002	0.000000
1578.728027	-210.000000	0.000000
1578.744019	-82.029999	0.000000
1578.760010	-210.000000	0.000000
1578.776001	-210.000000	0.000000
1578.791992	-210.000000	0.000000
1578.807983	-86.419998	0.000000
1578.823975	-85.449997	0.000000
1578.839966	-210.000000	0.000000
1578.855957	-210.000000	0.000000
1578.871948	-210.000000	0.000000
1578.887939	-210.000000	0.000000
1578.904053	-82.900002	0.000000
1578.920044	-210.000000	0.000000
1578.936035	-210.000000	0.000000
1578.952026	-92.440002	0.000000
1578.968018	-210.000000	0.000000
1578.984009	-88.459999	0.000000
1579.000000	-210.000000	0.000000
1579.015991	-210.000000	0.000000
1579.031982	-210.000000	0.000000
1579.047974	-82.440002	0.000000
1579.063965	-210.000000	0.000000
1579.079956	-85.040001	0.000000
1579.095947	-79.769997	0.000000
1579.112061	-210.000000	0.000000
1579.128052	-84.309998	0.000000
1579.144043	-210.000000	0.000000
1579.160034	-87.669998	0.000000
1579.176025	-84.309998	0.000000
1579.192017	-80.129997	0.000000
1579.208008	-210.000000	0.000000
1579.223999	-210.000000	0.000000
1579.239990	-81.300003	0.000000
1579.255981	-210.000000	0.000000
1579.271973	-210.000000	0.000000
1579.287964	-78.639999	0.000000
1579.303955	-88.459999	0.000000
1579.319946	-210.000000	0.000000
1579.336060	-79.769997	0.000000
1579.352051	-210.000000	0.000000
1579.368042	-210.000000	0.000000
1579.384033	-80.010002	0.000000
1579.400024	-210.000000	0.000000
1579.416016	-210.000000	0.000000
1579.432007	-82.029999	0.000000
1579.447998	-84.660004	0.000000
1579.463989	-210.000000	0.000000
1579.479980	-83.139999	0.000000
1579.495972	-78.639999	0.000000
1579.511963	-81.470001	0.000000
1579.527954	-210.000000	0.000000
1579.543945	-210.000000	0.000000
1579.560059	-210.000000	0.000000
1579.576050	-76.639999	0.000000
1579.592041	-85.449997	0.000000
1579.608032	-81.139999	0.000000
1579.624023	-87.000000	0.000000
1579.640015	-83.690002	0.000000
1579.656006	-210.000000	0.000000
1579.671997	-80.010002	0.000000
1579.687988	-210.000000	0.000000
1579.703979	-79.110001	0.000000
1579.719971	-81.650002	0.000000
1579.735962	-82.660004	0.000000
1579.751953	-80.980003	0.000000
1579.767944	-78.459999	0.000000
1579.784058	-83.989998	0.000000
1579.800049	-76.940002	0.000000
1579.816040	-210.000000	0.000000
1579.832031	-210.000000	0.000000
1579.848022	-78.639999	0.000000
1579.864014	-88.459999	0.000000
1579.880005	-79.010002	0.000000
1579.895996	-79.110001	0.000000
1579.911987	-79.110001	0.000000
1579.927979	-80.680000	0.000000
1579.943970	-78.209999	0.000000
1579.959961	-76.639999	0.000000
1579.975952	-75.860001	0.000000
1579.991943	-75.720001	0.000000
1580.008057	-73.459999	0.000000
1580.024048	-71.440002	0.000000
1580.040039	-70.160004	0.000000
1580.056030	-69.279999	0.000000
1580.072021	-67.870003	0.000000
1580.088013	-67.389999	0.000000
1580.104004	-67.220001	0.000000
1580.119995	-67.070000	0.000000
1580.135986	-66.889999	0.000000
1580.151978	-66.459999	0.000000
1580.167969	-66.110001	0.000000
1580.183960	-65.570000	0.000000
1580.199951	-65.330002	0.000000
1580.215942	-64.610001	0.000000
1580.232056	-63.799999	0.000000
1580.248047	-63.349998	0.000000
1580.264038	-62.930000	0.000001
1580.280029	-62.680000	0.000001
1580.296021	-62.639999	0.000001
1580.312012	-62.500000	0.000001
1580.328003	-62.430000	0.000001
1580.343994	-62.259998	0.000001
1580.359985	-62.060001	0.000001
1580.375977	-61.889999	0.000001
1580.391968	-61.480000	0.000001
1580.407959	-61.209999	0.000001
1580.423950	-60.790001	0.000001
1580.439941	-60.450001	0.000001
1580.456055	-60.270000	0.000001
1580.472046	-60.169998	0.000001
1580.488037	-60.040001	0.000001
1580.504028	-60.130001	0.000001
1580.520020	-60.040001	0.000001
1580.536011	-60.020000	0.000001
1580.552002	-59.900002	0.000001
1580.567993	-59.790001	0.000001
1580.583984	-59.520000	0.000001
1580.599976	-59.150002	0.000001
1580.615967	-58.950001	0.000001
1580.631958	-58.880001	0.000001
1580.647949	-58.880001	0.000001
1580.663940	-58.970001	0.000001
1580.680054	-59.099998	0.000001
1580.696045	-59.220001	0.000001
1580.712036	-59.189999	0.000001
1580.728027	-59.049999	0.000001
1580.744019	-58.880001	0.000001
1580.760010	-58.730000	0.000001
1580.776001	-58.680000	0.000001
1580.791992	-58.759998	0.000001
1580.807983	-58.830002	0.000001
1580.823975	-58.970001	0.000001
1580.839966	-59.160000	0.000001
1580.855957	-59.360001	0.000001
1580.871948	-59.419998	0.000001
1580.887939	-59.259998	0.000001
1580.904053	-59.070000	0.000001
1580.920044	-59.020000	0.000001
1580.936035	-59.029999	0.000001
1580.952026	-59.119999	0.000001
1580.968018	-59.380001	0.000001
1580.984009	-59.639999	0.000001
1581.000000	-59.860001	0.000001
1581.015991	-59.930000	0.000001
1581.031982	-59.889999	0.000001
1581.047974	-59.709999	0.000001
1581.063965	-59.630001	0.000001
1581.079956	-59.570000	0.000001
1581.095947	-59.549999	0.000001
1581.112061	-59.650002	0.000001
1581.128052	-59.810001	0.000001
1581.144043	-59.990002	0.000001
1581.160034	-60.060001	0.000001
1581.176025	-59.779999	0.000001
1581.192017	-59.450001	0.000001
1581.208008	-59.209999	0.000001
1581.223999	-59.139999	0.000001
1581.239990	-59.150002	0.000001
1581.255981	-59.099998	0.000001
1581.271973	-59.090000	0.000001
1581.287964	-58.959999	0.000001
1581.303955	-58.720001	0.000001
1581.319946	-58.439999	0.000001
1581.336060	-57.980000	0.000002
1581.352051	-57.580002	0.000002
1581.368042	-57.320000	0.000002
1581.384033	-57.130001	0.000002
1581.400024	-57.020000	0.000002
1581.416016	-56.980000	0.000002
1581.432007	-56.889999	0.000002
1581.447998	-56.669998	0.000002
1581.463989	-56.299999	0.000002
1581.479980	-55.770000	0.000003
1581.495972	-55.349998	0.000003
1581.511963	-55.110001	0.000003
1581.527954	-54.939999	0.000003
1581.543945	-54.830002	0.000003
1581.560059	-54.700001	0.000003
1581.576050	-54.549999	0.000004
1581.592041	-54.410000	0.000004
1581.608032	-54.250000	0.000004
1581.624023	-53.910000	0.000004
1581.640015	-53.520000	0.000004
1581.656006	-53.240002	0.000005
1581.671997	-53.080002	0.000005
1581.687988	-53.009998	0.000005
1581.703979	-53.040001	0.000005
1581.719971	-53.080002	0.000005
1581.735962	-53.070000	0.000005
1581.751953	-53.020000	0.000005
1581.767944	-52.750000	0.000005
1581.784058	-52.459999	0.000006
1581.800049	-52.330002	0.000006
1581.816040	-52.220001	0.000006
1581.832031	-52.189999	0.000006
1581.848022	-52.200001	0.000006
1581.864014	-52.250000	0.000006
1581.880005	-52.349998	0.000006
1581.895996	-52.419998	0.000006
1581.911987	-52.400002	0.000006
1581.927979	-52.220001	0.000006
1581.943970	-51.950001	0.000006
1581.959961	-51.660000	0.000007
1581.975952	-51.540001	0.000007
1581.991943	-51.540001	0.000007
1582.008057	-51.540001	0.000007
1582.024048	-51.580002	0.000007
1582.040039	-51.590000	0.000007
1582.056030	-51.439999	0.000007
1582.072021	-51.090000	0.000008
1582.088013	-50.730000	0.000008
1582.104004	-50.299999	0.000009
1582.119995	-50.049999	0.000010
1582.135986	-49.930000	0.000010
1582.151978	-49.869999	0.000010
1582.167969	-49.849998	0.000010
1582.183960	-49.810001	0.000010
1582.199951	-49.650002	0.000011
1582.215942	-49.330002	0.000012
1582.232056	-49.000000	0.000013
1582.248047	-48.650002	0.000014
1582.264038	-48.419998	0.000014
1582.280029	-48.270000	0.000015
1582.296021	-48.130001	0.000015
1582.312012	-48.060001	0.000016
1582.328003	-48.020000	0.000016
1582.343994	-47.930000	0.000016
1582.359985	-47.730000	0.000017
1582.375977	-47.480000	0.000018
1582.391968	-47.099998	0.000019
1582.407959	-46.790001	0.000021
1582.423950	-46.630001	0.000022
1582.439941	-46.509998	0.000022
1582.456055	-46.459999	0.000023
1582.472046	-46.419998	0.000023
1582.488037	-46.400002	0.000023
1582.504028	-46.330002	0.000023
1582.520020	-46.150002	0.000024
1582.536011	-45.869999	0.000026
1582.552002	-45.639999	0.000027
1582.567993	-45.500000	0.000028
1582.583984	-45.369999	0.000029
1582.599976	-45.349998	0.000029
1582.615967	-45.410000	0.000029
1582.631958	-45.490002	0.000028
1582.647949	-45.529999	0.000028
1582.663940	-45.470001	0.000028
1582.680054	-45.340000	0.000029
1582.696045	-45.189999	0.000030
1582.712036	-45.119999	0.000031
1582.728027	-45.110001	0.000031
1582.744019	-45.150002	0.000031
1582.760010	-45.220001	0.000030
1582.776001	-45.330002	0.000029
1582.791992	-45.509998	0.000028
1582.807983	-45.610001	0.000027
1582.823975	-45.599998	0.000028
1582.839966	-45.509998	0.000028
1582.855957	-45.419998	0.000029
1582.871948	-45.369999	0.000029
1582.887939	-45.430000	0.000029
1582.904053	-45.570000	0.000028
1582.920044	-45.759998	0.000027
1582.936035	-45.980000	0.000025
1582.952026	-46.139999	0.000024
1582.968018	-46.200001	0.000024
1582.984009	-46.150002	0.000024
1583.000000	-46.060001	0.000025
1583.015991	-46.040001	0.000025
1583.031982	-46.049999	0.000025
1583.047974	-46.099998	0.000025
1583.063965	-46.209999	0.000024
1583.079956	-46.430000	0.000023
1583.095947	-46.630001	0.000022
1583.112061	-46.660000	0.000022
1583.128052	-46.549999	0.000022
1583.144043	-46.400002	0.000023
1583.160034	-46.320000	0.000023
1583.176025	-46.320000	0.000023
1583.192017	-46.410000	0.000023
1583.208008	-46.540001	0.000022
1583.223999	-46.700001	0.000021
1583.239990	-46.830002	0.000021
1583.255981	-46.900002	0.000020
1583.271973	-46.869999	0.000021
1583.287964	-46.750000	0.000021
1583.303955	-46.680000	0.000021
1583.319946	-46.650002	0.000022
1583.336060	-46.660000	0.000022
1583.352051	-46.740002	0.000021
1583.368042	-46.930000	0.000020
1583.384033	-47.180000	0.000019
1583.400024	-47.349998	0.000018
1583.416016	-47.360001	0.000018
1583.432007	-47.240002	0.000019
1583.447998	-47.110001	0.000019
1583.463989	-47.060001	0.000020
1583.479980	-47.119999	0.000019
1583.495972	-47.220001	0.000019
1583.511963	-47.380001	0.000018
1583.527954	-47.549999	0.000018
1583.543945	-47.750000	0.000017
1583.560059	-47.869999	0.000016
1583.576050	-47.799999	0.000017
1583.592041	-47.700001	0.000017
1583.608032	-47.630001	0.000017
1583.624023	-47.619999	0.000017
1583.640015	-47.689999	0.000017
1583.656006	-47.900002	0.000016
1583.671997	-48.180000	0.000015
1583.687988	-48.400002	0.000014
1583.703979	-48.480000	0.000014
1583.719971	-48.389999	0.000014
1583.735962	-48.250000	0.000015
1583.751953	-48.150002	0.000015
1583.767944	-48.150002	0.000015
1583.784058	-48.220001	0.000015
1583.800049	-48.320000	0.000015
1583.816040	-48.419998	0.000014
1583.832031	-48.639999	0.000014
1583.848022	-48.849998	0.000013
1583.864014	-48.900002	0.000013
1583.880005	-48.750000	0.000013
1583.895996	-48.590000	0.000014
1583.911987	-48.500000	0.000014
1583.927979	-48.509998	0.000014
1583.943970	-48.619999	0.000014
1583.959961	-48.799999	0.000013
1583.975952	-49.049999	0.000012
1583.991943	-49.220001	0.000012
1584.008057	-49.259998	0.000012
1584.024048	-49.160000	0.000012
1584.040039	-49.000000	0.000013
1584.056030	-48.930000	0.000013
1584.072021	-48.970001	0.000013
1584.088013	-49.060001	0.000012
1584.104004	-49.169998	0.000012
1584.119995	-49.410000	0.000011
1584.135986	-49.689999	0.000011
1584.151978	-49.820000	0.000010
1584.167969	-49.779999	0.000011
1584.183960	-49.669998	0.000011
1584.199951	-49.590000	0.000011
1584.215942	-49.590000	0.000011
1584.232056	-49.680000	0.000011
1584.248047	-49.860001	0.000010
1584.264038	-50.139999	0.000010
1584.280029	-50.389999	0.000009
1584.296021	-50.630001	0.000009
1584.312012	-50.790001	0.000008
1584.328003	-50.810001	0.000008
1584.343994	-50.779999	0.000008
1584.359985	-50.799999	0.000008
1584.375977	-50.840000	0.000008
1584.391968	-50.930000	0.000008
1584.407959	-51.169998	0.000008
1584.423950	-51.500000	0.000007
1584.439941	-51.900002	0.000006
1584.456055	-52.110001	0.000006
1584.472046	-52.040001	0.000006
1584.488037	-51.910000	0.000006
1584.504028	-51.860001	0.000007
1584.520020	-51.889999	0.000006
1584.536011	-52.020000	0.000006
1584.552002	-52.250000	0.000006
1584.567993	-52.470001	0.000006
1584.583984	-52.709999	0.000005
1584.599976	-52.869999	0.000005
1584.615967	-52.830002	0.000005
1584.631958	-52.680000	0.000005
1584.647949	-52.599998	0.000005
1584.663940	-52.580002	0.000006
1584.680054	-52.590000	0.000006
1584.696045	-52.709999	0.000005
1584.712036	-52.880001	0.000005
1584.728027	-53.049999	0.000005
1584.744019	-53.099998	0.000005
1584.760010	-52.990002	0.000005
1584.776001	-52.820000	0.000005
1584.791992	-52.680000	0.000005
1584.807983	-52.660000	0.000005
1584.823975	-52.730000	0.000005
1584.839966	-52.869999	0.000005
1584.855957	-53.020000	0.000005
1584.871948	-53.299999	0.000005
1584.887939	-53.540001	0.000004
1584.904053	-53.570000	0.000004
1584.920044	-53.470001	0.000004
1584.936035	-53.380001	0.000005
1584.952026	-53.380001	0.000005
1584.968018	-53.459999	0.000005
1584.984009	-53.619999	0.000004
1585.000000	-53.830002	0.000004
1585.015991	-54.160000	0.000004
1585.031982	-54.459999	0.000004
1585.047974	-54.560001	0.000003
1585.063965	-54.549999	0.000004
1585.079956	-54.470001	0.000004
1585.095947	-54.430000	0.000004
1585.112061	-54.540001	0.000004
1585.128052	-54.740002	0.000003
1585.144043	-54.980000	0.000003
1585.160034	-55.330002	0.000003
1585.176025	-55.720001	0.000003
1585.192017	-55.919998	0.000003
1585.208008	-55.970001	0.000003
1585.223999	-55.900002	0.000003
1585.239990	-55.860001	0.000003
1585.255981	-55.860001	0.000003
1585.271973	-55.990002	0.000003
1585.287964	-56.090000	0.000002
1585.303955	-56.340000	0.000002
1585.319946	-56.639999	0.000002
1585.336060	-56.889999	0.000002
1585.352051	-56.939999	0.000002
1585.368042	-56.790001	0.000002
1585.384033	-56.560001	0.000002
1585.400024	-56.410000	0.000002
1585.416016	-56.430000	0.000002
1585.432007	-56.549999	0.000002
1585.447998	-56.700001	0.000002
1585.463989	-56.950001	0.000002
1585.479980	-57.049999	0.000002
1585.495972	-57.029999	0.000002
1585.511963	-56.900002	0.000002
1585.527954	-56.740002	0.000002
1585.543945	-56.599998	0.000002
1585.560059	-56.529999	0.000002
1585.576050	-56.549999	0.000002
1585.592041	-56.630001	0.000002
1585.608032	-56.779999	0.000002
1585.624023	-56.889999	0.000002
1585.640015	-56.880001	0.000002
1585.656006	-56.740002	0.000002
1585.671997	-56.500000	0.000002
1585.687988	-56.310001	0.000002
1585.703979	-56.220001	0.000002
1585.719971	-56.240002	0.000002
1585.735962	-56.310001	0.000002
1585.751953	-56.419998	0.000002
1585.767944	-56.520000	0.000002
1585.784058	-56.580002	0.000002
1585.800049	-56.549999	0.000002
1585.816040	-56.369999	0.000002
1585.832031	-56.250000	0.000002
1585.848022	-56.070000	0.000002
1585.864014	-56.009998	0.000003
1585.880005	-56.049999	0.000002
1585.895996	-56.169998	0.000002
1585.911987	-56.230000	0.000002
1585.927979	-56.240002	0.000002
1585.943970	-56.160000	0.000002
1585.959961	-55.910000	0.000003
1585.975952	-55.669998	0.000003
1585.991943	-55.520000	0.000003
1586.008057	-55.509998	0.000003
1586.024048	-55.560001	0.000003
1586.040039	-55.570000	0.000003
1586.056030	-55.610001	0.000003
1586.072021	-55.660000	0.000003
1586.088013	-55.650002	0.000003
1586.104004	-55.529999	0.000003
1586.119995	-55.389999	0.000003
1586.135986	-55.230000	0.000003
1586.151978	-55.130001	0.000003
1586.167969	-55.130001	0.000003
1586.183960	-55.240002	0.000003
1586.199951	-55.380001	0.000003
1586.215942	-55.459999	0.000003
1586.232056	-55.509998	0.000003
1586.248047	-55.459999	0.000003
1586.264038	-55.310001	0.000003
1586.280029	-55.169998	0.000003
1586.296021	-55.160000	0.000003
1586.312012	-55.189999	0.000003
1586.328003	-55.270000	0.000003
1586.343994	-55.430000	0.000003
1586.359985	-55.669998	0.000003
1586.375977	-55.919998	0.000003
1586.391968	-56.070000	0.000002
1586.407959	-56.180000	0.000002
1586.423950	-56.169998	0.000002
1586.439941	-56.150002	0.000002
1586.456055	-56.270000	0.000002
1586.472046	-56.520000	0.000002
1586.488037	-56.820000	0.000002
1586.504028	-57.099998	0.000002
1586.520020	-57.529999	0.000002
1586.536011	-57.900002	0.000002
1586.552002	-58.209999	0.000002
1586.567993	-58.389999	0.000001
1586.583984	-58.520000	0.000001
1586.599976	-58.700001	0.000001
1586.615967	-58.950001	0.000001
1586.631958	-59.360001	0.000001
1586.647949	-59.889999	0.000001
1586.663940	-60.639999	0.000001
1586.680054	-61.509998	0.000001
1586.696045	-62.160000	0.000001
1586.712036	-62.720001	0.000001
1586.728027	-63.080002	0.000000
1586.744019	-63.320000	0.000000
1586.760010	-63.720001	0.000000
1586.776001	-64.360001	0.000000
1586.791992	-65.010002	0.000000
1586.807983	-66.400002	0.000000
1586.823975	-67.559998	0.000000
1586.839966	-69.269997	0.000000
1586.855957	-70.400002	0.000000
1586.871948	-72.220001	0.000000
1586.887939	-72.839996	0.000000
1586.904053	-72.790001	0.000000
1586.920044	-73.510002	0.000000
1586.936035	-75.440002	0.000000
1586.952026	-76.629997	0.000000
1586.968018	-79.419998	0.000000
1586.984009	-80.669998	0.000000
1587.000000	-210.000000	0.000000
1587.015991	-80.669998	0.000000
1587.031982	-80.669998	0.000000
1587.047974	-210.000000	0.000000
1587.063965	-86.410004	0.000000
1587.079956	-210.000000	0.000000
1587.095947	-85.029999	0.000000
1587.112061	-210.000000	0.000000
1587.128052	-210.000000	0.000000
1587.144043	-81.820000	0.000000
1587.160034	-210.000000	0.000000
1587.176025	-210.000000	0.000000
1587.192017	-210.000000	0.000000
1587.208008	-210.000000	0.000000
1587.223999	-82.019997	0.000000
1587.239990	-82.220001	0.000000
1587.255981	-210.000000	0.000000
1587.271973	-81.820000	0.000000
1587.287964	-85.900002	0.000000
1587.303955	-81.459999	0.000000
1587.319946	-210.000000	0.000000
1587.336060	-87.660004	0.000000
1587.352051	-82.889999	0.000000
1587.368042	-80.389999	0.000000
1587.384033	-210.000000	0.000000
1587.400024	-210.000000	0.000000
1587.416016	-83.400002	0.000000
1587.432007	-210.000000	0.000000
1587.447998	-210.000000	0.000000
1587.463989	-210.000000	0.000000
1587.479980	-80.120003	0.000000
1587.495972	-210.000000	0.000000
1587.511963	-210.000000	0.000000
1587.527954	-210.000000	0.000000
1587.543945	-210.000000	0.000000
1587.560059	-210.000000	0.000000
1587.576050	-210.000000	0.000000
1587.592041	-210.000000	0.000000
1587.608032	-85.900002	0.000000
1587.624023	-210.000000	0.000000
1587.640015	-88.449997	0.000000
1587.656006	-81.459999	0.000000
1587.671997	-210.000000	0.000000
1587.687988	-81.459999	0.000000
1587.703979	-83.129997	0.000000
1587.719971	-210.000000	0.000000
1587.735962	-210.000000	0.000000
1587.751953	-210.000000	0.000000
1587.767944	-210.000000	0.000000
1587.784058	-210.000000	0.000000
1587.800049	-210.000000	0.000000
1587.816040	-81.639999	0.000000
1587.832031	-88.449997	0.000000
1587.848022	-86.410004	0.000000
1587.864014	-80.120003	0.000000
1587.880005	-92.430000	0.000000
1587.895996	-92.430000	0.000000
1587.911987	-89.419998	0.000000
1587.927979	-84.650002	0.000000
1587.943970	-210.000000	0.000000
1587.959961	-81.459999	0.000000
1587.975952	-76.750000	0.000000
1587.991943	-210.000000	0.000000
1588.008057	-78.620003	0.000000
1588.024048	-210.000000	0.000000
1588.040039	-210.000000	0.000000
1588.056030	-80.959999	0.000000
1588.072021	-82.879997	0.000000
1588.088013	-210.000000	0.000000
1588.104004	-210.000000	0.000000
1588.119995	-210.000000	0.000000
1588.135986	-210.000000	0.000000
1588.151978	-210.000000	0.000000
1588.167969	-83.120003	0.000000
1588.183960	-210.000000	0.000000
1588.199951	-81.279999	0.000000
1588.215942	-210.000000	0.000000
1588.232056	-92.419998	0.000000
1588.248047	-79.089996	0.000000
1588.264038	-87.650002	0.000000
1588.280029	-210.000000	0.000000
1588.296021	-81.629997	0.000000
1588.312012	-89.410004	0.000000
1588.328003	-90.660004	0.000000
1588.343994	-83.970001	0.000000
1588.359985	-85.430000	0.000000
1588.375977	-210.000000	0.000000
1588.391968	-210.000000	0.000000
1588.407959	-86.980003	0.000000
1588.423950	-210.000000	0.000000
1588.439941	-95.430000	0.000000
1588.456055	-210.000000	0.000000
1588.472046	-83.120003	0.000000
1588.488037	-210.000000	0.000000
1588.504028	-210.000000	0.000000
1588.520020	-210.000000	0.000000
1588.536011	-86.400002	0.000000
1588.552002	-85.430000	0.000000
1588.567993	-210.000000	0.000000
1588.583984	-78.989998	0.000000
1588.599976	-210.000000	0.000000
1588.615967	-85.019997	0.000000
1588.631958	-210.000000	0.000000
1588.647949	-210.000000	0.000000
1588.663940	-210.000000	0.000000
1588.680054	-85.430000	0.000000
1588.696045	-210.000000	0.000000
1588.712036	-210.000000	0.000000
1588.728027	-210.000000	0.000000
1588.744019	-210.000000	0.000000
1588.760010	-90.660004	0.000000
1588.776001	-210.000000	0.000000
1588.791992	-210.000000	0.000000
1588.807983	-83.669998	0.000000
1588.823975	-210.000000	0.000000
1588.839966	-82.879997	0.000000
1588.855957	-92.419998	0.000000
1588.871948	-81.629997	0.000000
1588.887939	-210.000000	0.000000
1588.904053	-210.000000	0.000000
1588.920044	-85.889999	0.000000
1588.936035	-81.629997	0.000000
1588.952026	-82.879997	0.000000
1588.968018	-210.000000	0.000000
1588.984009	-81.120003	0.000000
1589.000000	-210.000000	0.000000
1589.015991	-210.000000	0.000000
1589.031982	-210.000000	0.000000
1589.047974	-83.120003	0.000000
1589.063965	-210.000000	0.000000
1589.079956	-84.639999	0.000000
1589.095947	-81.120003	0.000000
1589.112061	-84.639999	0.000000
1589.128052	-83.669998	0.000000
1589.144043	-82.419998	0.000000
1589.160034	-86.400002	0.000000
1589.176025	-210.000000	0.000000
1589.192017	-210.000000	0.000000
1589.208008	-82.209999	0.000000
1589.223999	-210.000000	0.000000
1589.239990	-85.430000	0.000000
1589.255981	-210.000000	0.000000
1589.271973	-210.000000	0.000000
1589.287964	-86.980003	0.000000
1589.303955	-210.000000	0.000000
1589.319946	-82.879997	0.000000
1589.336060	-210.000000	0.000000
1589.352051	-210.000000	0.000000
1589.368042	-210.000000	0.000000
1589.384033	-84.290001	0.000000
1589.400024	-83.669998	0.000000
1589.416016	-88.440002	0.000000
1589.432007	-210.000000	0.000000
1589.447998	-210.000000	0.000000
1589.463989	-210.000000	0.000000
1589.479980	-210.000000	0.000000
1589.495972	-83.970001	0.000000
1589.511963	-86.980003	0.000000
1589.527954	-210.000000	0.000000
1589.543945	-85.889999	0.000000
1589.560059	-210.000000	0.000000
1589.576050	-210.000000	0.000000
1589.592041	-210.000000	0.000000
1589.608032	-210.000000	0.000000
1589.624023	-81.120003	0.000000
1589.640015	-210.000000	0.000000
1589.656006	-210.000000	0.000000
1589.671997	-82.010002	0.000000
1589.687988	-210.000000	0.000000
1589.703979	-210.000000	0.000000
1589.719971	-89.410004	0.000000
1589.735962	-210.000000	0.000000
1589.751953	-210.000000	0.000000
1589.767944	-86.400002	0.000000
1589.784058	-210.000000	0.000000
1589.800049	-210.000000	0.000000
1589.816040	-210.000000	0.000000
1589.832031	-82.879997	0.000000
1589.848022	-85.430000	0.000000
1589.864014	-83.120003	0.000000
1589.880005	-210.000000	0.000000
1589.895996	-210.000000	0.000000
1589.911987	-210.000000	0.000000
1589.927979	-86.980003	0.000000
1589.943970	-210.000000	0.000000
1589.959961	-210.000000	0.000000
1589.975952	-89.410004	0.000000
1589.991943	-210.000000	0.000000
1590.008057	-210.000000	0.000000
1590.024048	-210.000000	0.000000
1590.040039	-210.000000	0.000000
1590.056030	-210.000000	0.000000
1590.072021	-210.000000	0.000000
1590.088013	-210.000000	0.000000
1590.104004	-210.000000	0.000000
1590.119995	-210.000000	0.000000
1590.135986	-210.000000	0.000000
1590.151978	-90.660004	0.000000
1590.167969	-210.000000	0.000000
1590.183960	-82.879997	0.000000
1590.199951	-210.000000	0.000000
1590.215942	-92.419998	0.000000
1590.232056	-210.000000	0.000000
1590.248047	-210.000000	0.000000
1590.264038	-210.000000	0.000000
1590.280029	-210.000000	0.000000
1590.296021	-87.650002	0.000000
1590.312012	-210.000000	0.000000
1590.328003	-83.120003	0.000000
1590.343994	-80.959999	0.000000
1590.359985	-210.000000	0.000000
1590.375977	-210.000000	0.000000
1590.391968	-87.650002	0.000000
1590.407959	-210.000000	0.000000
1590.423950	-88.440002	0.000000
1590.439941	-90.660004	0.000000
1590.456055	-210.000000	0.000000
1590.472046	-90.660004	0.000000
1590.488037	-210.000000	0.000000
1590.504028	-210.000000	0.000000
1590.520020	-210.000000	0.000000
1590.536011	-210.000000	0.000000
1590.552002	-210.000000	0.000000
1590.567993	-210.000000	0.000000
1590.583984	-95.419998	0.000000
1590.599976	-210.000000	0.000000
1590.615967	-210.000000	0.000000
1590.631958	-210.000000	0.000000
1590.647949	-210.000000	0.000000
1590.663940	-87.639999	0.000000
1590.680054	-210.000000	0.000000
1590.696045	-210.000000	0.000000
1590.712036	-210.000000	0.000000
1590.728027	-210.000000	0.000000
1590.744019	-210.000000	0.000000
1590.760010	-210.000000	0.000000
1590.776001	-82.199997	0.000000
1590.791992	-210.000000	0.000000
1590.807983	-210.000000	0.000000
1590.823975	-95.419998	0.000000
1590.839966	-88.430000	0.000000
1590.855957	-88.430000	0.000000
1590.871948	-210.000000	0.000000
1590.887939	-210.000000	0.000000
1590.904053	-210.000000	0.000000
1590.920044	-92.410004	0.000000
1590.936035	-83.959999	0.000000
1590.952026	-210.000000	0.000000
1590.968018	-82.199997	0.000000
1590.984009	-210.000000	0.000000
1591.000000	-210.000000	0.000000
