Wavelength (nm)	Transmission (dBm)	Linear Transmission
1575.000000	-210.000000	0.000000
1575.015991	-210.000000	0.000000
1575.031982	-210.000000	0.000000
1575.047974	-86.400002	0.000000
1575.063965	-81.449997	0.000000
1575.079956	-210.000000	0.000000
1575.095947	-210.000000	0.000000
1575.112061	-210.000000	0.000000
1575.128052	-210.000000	0.000000
1575.144043	-210.000000	0.000000
1575.160034	-88.440002	0.000000
1575.176025	-82.639999	0.000000
1575.192017	-210.000000	0.000000
1575.208008	-84.290001	0.000000
1575.223999	-210.000000	0.000000
1575.239990	-83.120003	0.000000
1575.255981	-210.000000	0.000000
1575.271973	-210.000000	0.000000
1575.287964	-210.000000	0.000000
1575.303955	-210.000000	0.000000
1575.319946	-84.290001	0.000000
1575.336060	-210.000000	0.000000
1575.352051	-79.199997	0.000000
1575.368042	-83.389999	0.000000
1575.384033	-90.660004	0.000000
1575.400024	-210.000000	0.000000
1575.416016	-210.000000	0.000000
1575.432007	-92.419998	0.000000
1575.447998	-210.000000	0.000000
1575.463989	-210.000000	0.000000
1575.479980	-210.000000	0.000000
1575.495972	-82.019997	0.000000
1575.511963	-210.000000	0.000000
1575.527954	-78.540001	0.000000
1575.543945	-210.000000	0.000000
1575.560059	-82.430000	0.000000
1575.576050	-210.000000	0.000000
1575.592041	-79.209999	0.000000
1575.608032	-210.000000	0.000000
1575.624023	-79.879997	0.000000
1575.640015	-83.980003	0.000000
1575.656006	-89.419998	0.000000
1575.671997	-210.000000	0.000000
1575.687988	-210.000000	0.000000
1575.703979	-210.000000	0.000000
1575.719971	-80.120003	0.000000
1575.735962	-210.000000	0.000000
1575.751953	-92.430000	0.000000
1575.767944	-210.000000	0.000000
1575.784058	-210.000000	0.000000
1575.800049	-210.000000	0.000000
1575.816040	-210.000000	0.000000
1575.832031	-80.669998	0.000000
1575.848022	-83.980003	0.000000
1575.864014	-210.000000	0.000000
1575.880005	-80.820000	0.000000
1575.895996	-210.000000	0.000000
1575.911987	-210.000000	0.000000
1575.927979	-210.000000	0.000000
1575.943970	-210.000000	0.000000
1575.959961	-84.650002	0.000000
1575.975952	-210.000000	0.000000
1575.991943	-210.000000	0.000000
1576.008057	-84.650002	0.000000
1576.024048	-88.449997	0.000000
1576.040039	-210.000000	0.000000
1576.056030	-89.419998	0.000000
1576.072021	-210.000000	0.000000
1576.088013	-210.000000	0.000000
1576.104004	-81.290001	0.000000
1576.119995	-78.279999	0.000000
1576.135986	-210.000000	0.000000
1576.151978	-210.000000	0.000000
1576.167969	-210.000000	0.000000
1576.183960	-88.449997	0.000000
1576.199951	-210.000000	0.000000
1576.215942	-210.000000	0.000000
1576.232056	-85.440002	0.000000
1576.248047	-89.419998	0.000000
1576.264038	-210.000000	0.000000
1576.280029	-210.000000	0.000000
1576.296021	-210.000000	0.000000
1576.312012	-210.000000	0.000000
1576.328003	-210.000000	0.000000
1576.343994	-81.129997	0.000000
1576.359985	-210.000000	0.000000
1576.375977	-210.000000	0.000000
1576.391968	-83.980003	0.000000
1576.407959	-83.129997	0.000000
1576.423950	-210.000000	0.000000
1576.439941	-210.000000	0.000000
1576.456055	-95.440002	0.000000
1576.472046	-82.220001	0.000000
1576.488037	-82.430000	0.000000
1576.504028	-210.000000	0.000000
1576.520020	-210.000000	0.000000
1576.536011	-210.000000	0.000000
1576.552002	-80.389999	0.000000
1576.567993	-210.000000	0.000000
1576.583984	-95.440002	0.000000
1576.599976	-210.000000	0.000000
1576.615967	-210.000000	0.000000
1576.631958	-87.660004	0.000000
1576.647949	-84.300003	0.000000
1576.663940	-85.440002	0.000000
1576.680054	-210.000000	0.000000
1576.696045	-78.809998	0.000000
1576.712036	-210.000000	0.000000
1576.728027	-79.000000	0.000000
1576.744019	-210.000000	0.000000
1576.760010	-90.669998	0.000000
1576.776001	-80.970001	0.000000
1576.791992	-210.000000	0.000000
1576.807983	-82.650002	0.000000
1576.823975	-210.000000	0.000000
1576.839966	-210.000000	0.000000
1576.855957	-83.680000	0.000000
1576.871948	-210.000000	0.000000
1576.887939	-210.000000	0.000000
1576.904053	-210.000000	0.000000
1576.920044	-86.410004	0.000000
1576.936035	-210.000000	0.000000
1576.952026	-86.989998	0.000000
1576.968018	-210.000000	0.000000
1576.984009	-210.000000	0.000000
1577.000000	-210.000000	0.000000
1577.015991	-210.000000	0.000000
1577.031982	-210.000000	0.000000
1577.047974	-210.000000	0.000000
1577.063965	-210.000000	0.000000
1577.079956	-210.000000	0.000000
1577.095947	-89.419998	0.000000
1577.112061	-210.000000	0.000000
1577.128052	-210.000000	0.000000
1577.144043	-81.639999	0.000000
1577.160034	-210.000000	0.000000
1577.176025	-81.459999	0.000000
1577.192017	-210.000000	0.000000
1577.208008	-210.000000	0.000000
1577.223999	-87.660004	0.000000
1577.239990	-210.000000	0.000000
1577.255981	-210.000000	0.000000
1577.271973	-210.000000	0.000000
1577.287964	-210.000000	0.000000
1577.303955	-87.660004	0.000000
1577.319946	-210.000000	0.000000
1577.336060	-84.300003	0.000000
1577.352051	-82.889999	0.000000
1577.368042	-87.660004	0.000000
1577.384033	-210.000000	0.000000
1577.400024	-95.440002	0.000000
1577.416016	-210.000000	0.000000
1577.432007	-210.000000	0.000000
1577.447998	-83.129997	0.000000
1577.463989	-82.430000	0.000000
1577.479980	-80.000000	0.000000
1577.495972	-82.650002	0.000000
1577.511963	-85.900002	0.000000
1577.527954	-210.000000	0.000000
1577.543945	-82.019997	0.000000
1577.560059	-210.000000	0.000000
1577.576050	-90.669998	0.000000
1577.592041	-89.419998	0.000000
1577.608032	-210.000000	0.000000
1577.624023	-210.000000	0.000000
1577.640015	-210.000000	0.000000
1577.656006	-210.000000	0.000000
1577.671997	-210.000000	0.000000
1577.687988	-210.000000	0.000000
1577.703979	-88.449997	0.000000
1577.719971	-210.000000	0.000000
1577.735962	-83.980003	0.000000
1577.751953	-210.000000	0.000000
1577.767944	-210.000000	0.000000
1577.784058	-210.000000	0.000000
1577.800049	-210.000000	0.000000
1577.816040	-85.029999	0.000000
1577.832031	-80.820000	0.000000
1577.848022	-88.449997	0.000000
1577.864014	-210.000000	0.000000
1577.880005	-83.400002	0.000000
1577.895996	-210.000000	0.000000
1577.911987	-210.000000	0.000000
1577.927979	-81.129997	0.000000
1577.943970	-210.000000	0.000000
1577.959961	-87.660004	0.000000
1577.975952	-210.000000	0.000000
1577.991943	-210.000000	0.000000
1578.008057	-92.440002	0.000000
1578.024048	-210.000000	0.000000
1578.040039	-210.000000	0.000000
1578.056030	-80.680000	0.000000
1578.072021	-210.000000	0.000000
1578.088013	-210.000000	0.000000
1578.104004	-95.449997	0.000000
1578.119995	-95.449997	0.000000
1578.135986	-82.660004	0.000000
1578.151978	-88.459999	0.000000
1578.167969	-210.000000	0.000000
1578.183960	-84.660004	0.000000
1578.199951	-84.660004	0.000000
1578.215942	-210.000000	0.000000
1578.232056	-81.470001	0.000000
1578.248047	-85.449997	0.000000
1578.264038	-210.000000	0.000000
1578.280029	-87.000000	0.000000
1578.296021	-210.000000	0.000000
1578.312012	-81.830002	0.000000
1578.328003	-210.000000	0.000000
1578.343994	-83.989998	0.000000
1578.359985	-210.000000	0.000000
1578.375977	-210.000000	0.000000
1578.391968	-210.000000	0.000000
1578.407959	-210.000000	0.000000
1578.423950	-84.660004	0.000000
1578.439941	-77.190002	0.000000
1578.456055	-210.000000	0.000000
1578.472046	-85.910004	0.000000
1578.488037	-83.410004	0.000000
1578.504028	-87.000000	0.000000
1578.520020	-210.000000	0.000000
1578.536011	-90.680000	0.000000
1578.552002	-210.000000	0.000000
1578.567993	-78.820000	0.000000
1578.583984	-82.230003	0.000000
1578.599976	-210.000000	0.000000
1578.615967	-84.660004	0.000000
1578.631958	-88.459999	0.000000
1578.647949	-84.309998	0.000000
1578.663940	-83.989998	0.000000
1578.680054	-210.000000	0.000000
1578.696045	-210.000000	0.000000
1578.712036	-81.830002	0.000000
1578.728027	-210.000000	0.000000
1578.744019	-84.309998	0.000000
1578.760010	-210.000000	0.000000
1578.776001	-210.000000	0.000000
1578.791992	-210.000000	0.000000
1578.807983	-82.900002	0.000000
1578.823975	-83.139999	0.000000
1578.839966	-79.430000	0.000000
1578.855957	-210.000000	0.000000
1578.871948	-89.430000	0.000000
1578.887939	-210.000000	0.000000
1578.904053	-210.000000	0.000000
1578.920044	-84.309998	0.000000
1578.936035	-79.430000	0.000000
1578.952026	-210.000000	0.000000
1578.968018	-210.000000	0.000000
1578.984009	-210.000000	0.000000
1579.000000	-81.830002	0.000000
1579.015991	-87.000000	0.000000
1579.031982	-210.000000	0.000000
1579.047974	-85.040001	0.000000
1579.063965	-210.000000	0.000000
1579.079956	-210.000000	0.000000
1579.095947	-84.660004	0.000000
1579.112061	-210.000000	0.000000
1579.128052	-83.139999	0.000000
1579.144043	-210.000000	0.000000
1579.160034	-210.000000	0.000000
1579.176025	-87.669998	0.000000
1579.192017	-78.730003	0.000000
1579.208008	-80.260002	0.000000
1579.223999	-95.449997	0.000000
1579.239990	-210.000000	0.000000
1579.255981	-81.139999	0.000000
1579.271973	-79.769997	0.000000
1579.287964	-82.660004	0.000000
1579.303955	-80.830002	0.000000
1579.319946	-87.669998	0.000000
1579.336060	-210.000000	0.000000
1579.352051	-76.209999	0.000000
1579.368042	-82.660004	0.000000
1579.384033	-80.400002	0.000000
1579.400024	-210.000000	0.000000
1579.416016	-210.000000	0.000000
1579.432007	-210.000000	0.000000
1579.447998	-78.919998	0.000000
1579.463989	-87.669998	0.000000
1579.479980	-80.129997	0.000000
1579.495972	-79.220001	0.000000
1579.511963	-79.540001	0.000000
1579.527954	-78.209999	0.000000
1579.543945	-83.989998	0.000000
1579.560059	-78.370003	0.000000
1579.576050	-80.980003	0.000000
1579.592041	-78.550003	0.000000
1579.608032	-81.650002	0.000000
1579.624023	-77.000000	0.000000
1579.640015	-77.389999	0.000000
1579.656006	-77.529999	0.000000
1579.671997	-78.639999	0.000000
1579.687988	-78.370003	0.000000
1579.703979	-80.129997	0.000000
1579.719971	-76.639999	0.000000
1579.735962	-82.230003	0.000000
1579.751953	-80.129997	0.000000
1579.767944	-75.239998	0.000000
1579.784058	-79.889999	0.000000
1579.800049	-77.669998	0.000000
1579.816040	-75.320000	0.000000
1579.832031	-77.000000	0.000000
1579.848022	-77.820000	0.000000
1579.864014	-75.160004	0.000000
1579.880005	-74.050003	0.000000
1579.895996	-74.660004	0.000000
1579.911987	-73.269997	0.000000
1579.927979	-73.199997	0.000000
1579.943970	-72.660004	0.000000
1579.959961	-72.440002	0.000000
1579.975952	-72.550003	0.000000
1579.991943	-72.779999	0.000000
1580.008057	-71.059998	0.000000
1580.024048	-70.080002	0.000000
1580.040039	-69.449997	0.000000
1580.056030	-68.680000	0.000000
1580.072021	-68.089996	0.000000
1580.088013	-67.290001	0.000000
1580.104004	-66.820000	0.000000
1580.119995	-66.910004	0.000000
1580.135986	-66.480003	0.000000
1580.151978	-66.470001	0.000000
1580.167969	-66.290001	0.000000
1580.183960	-66.000000	0.000000
1580.199951	-65.599998	0.000000
1580.215942	-65.089996	0.000000
1580.232056	-64.669998	0.000000
1580.248047	-64.250000	0.000000
1580.264038	-63.869999	0.000000
1580.280029	-63.820000	0.000000
1580.296021	-63.500000	0.000000
1580.312012	-63.590000	0.000000
1580.328003	-63.459999	0.000000
1580.343994	-63.430000	0.000000
1580.359985	-63.240002	0.000000
1580.375977	-63.209999	0.000000
1580.391968	-62.790001	0.000001
1580.407959	-62.570000	0.000001
1580.423950	-62.279999	0.000001
1580.439941	-62.009998	0.000001
1580.456055	-61.889999	0.000001
1580.472046	-61.779999	0.000001
1580.488037	-61.740002	0.000001
1580.504028	-61.689999	0.000001
1580.520020	-61.680000	0.000001
1580.536011	-61.740002	0.000001
1580.552002	-61.709999	0.000001
1580.567993	-61.500000	0.000001
1580.583984	-61.060001	0.000001
1580.599976	-60.740002	0.000001
1580.615967	-60.490002	0.000001
1580.631958	-60.459999	0.000001
1580.647949	-60.430000	0.000001
1580.663940	-60.419998	0.000001
1580.680054	-60.330002	0.000001
1580.696045	-60.270000	0.000001
1580.712036	-60.020000	0.000001
1580.728027	-59.740002	0.000001
1580.744019	-59.369999	0.000001
1580.760010	-59.090000	0.000001
1580.776001	-58.799999	0.000001
1580.791992	-58.709999	0.000001
1580.807983	-58.669998	0.000001
1580.823975	-58.650002	0.000001
1580.839966	-58.590000	0.000001
1580.855957	-58.400002	0.000001
1580.871948	-57.990002	0.000002
1580.887939	-57.439999	0.000002
1580.904053	-57.169998	0.000002
1580.920044	-56.910000	0.000002
1580.936035	-56.799999	0.000002
1580.952026	-56.720001	0.000002
1580.968018	-56.639999	0.000002
1580.984009	-56.580002	0.000002
1581.000000	-56.480000	0.000002
1581.015991	-56.240002	0.000002
1581.031982	-55.900002	0.000003
1581.047974	-55.500000	0.000003
1581.063965	-55.130001	0.000003
1581.079956	-54.900002	0.000003
1581.095947	-54.830002	0.000003
1581.112061	-54.830002	0.000003
1581.128052	-54.820000	0.000003
1581.144043	-54.779999	0.000003
1581.160034	-54.580002	0.000003
1581.176025	-54.240002	0.000004
1581.192017	-53.959999	0.000004
1581.208008	-53.750000	0.000004
1581.223999	-53.639999	0.000004
1581.239990	-53.580002	0.000004
1581.255981	-53.540001	0.000004
1581.271973	-53.590000	0.000004
1581.287964	-53.619999	0.000004
1581.303955	-53.619999	0.000004
1581.319946	-53.509998	0.000004
1581.336060	-53.279999	0.000005
1581.352051	-53.020000	0.000005
1581.368042	-52.900002	0.000005
1581.384033	-52.840000	0.000005
1581.400024	-52.869999	0.000005
1581.416016	-52.930000	0.000005
1581.432007	-53.000000	0.000005
1581.447998	-53.070000	0.000005
1581.463989	-53.090000	0.000005
1581.479980	-52.930000	0.000005
1581.495972	-52.720001	0.000005
1581.511963	-52.570000	0.000006
1581.527954	-52.439999	0.000006
1581.543945	-52.380001	0.000006
1581.560059	-52.419998	0.000006
1581.576050	-52.540001	0.000006
1581.592041	-52.669998	0.000005
1581.608032	-52.709999	0.000005
1581.624023	-52.610001	0.000005
1581.640015	-52.360001	0.000006
1581.656006	-52.130001	0.000006
1581.671997	-51.970001	0.000006
1581.687988	-51.919998	0.000006
1581.703979	-51.910000	0.000006
1581.719971	-51.910000	0.000006
1581.735962	-51.959999	0.000006
1581.751953	-51.950001	0.000006
1581.767944	-51.779999	0.000007
1581.784058	-51.520000	0.000007
1581.800049	-51.310001	0.000007
1581.816040	-51.020000	0.000008
1581.832031	-50.869999	0.000008
1581.848022	-50.779999	0.000008
1581.864014	-50.709999	0.000008
1581.880005	-50.669998	0.000009
1581.895996	-50.639999	0.000009
1581.911987	-50.549999	0.000009
1581.927979	-50.310001	0.000009
1581.943970	-50.040001	0.000010
1581.959961	-49.740002	0.000011
1581.975952	-49.540001	0.000011
1581.991943	-49.450001	0.000011
1582.008057	-49.369999	0.000012
1582.024048	-49.330002	0.000012
1582.040039	-49.290001	0.000012
1582.056030	-49.160000	0.000012
1582.072021	-48.939999	0.000013
1582.088013	-48.709999	0.000013
1582.104004	-48.419998	0.000014
1582.119995	-48.200001	0.000015
1582.135986	-48.060001	0.000016
1582.151978	-47.959999	0.000016
1582.167969	-47.900002	0.000016
1582.183960	-47.869999	0.000016
1582.199951	-47.799999	0.000017
1582.215942	-47.590000	0.000017
1582.232056	-47.310001	0.000019
1582.248047	-47.020000	0.000020
1582.264038	-46.820000	0.000021
1582.280029	-46.730000	0.000021
1582.296021	-46.680000	0.000021
1582.312012	-46.660000	0.000022
1582.328003	-46.650002	0.000022
1582.343994	-46.610001	0.000022
1582.359985	-46.490002	0.000022
1582.375977	-46.360001	0.000023
1582.391968	-46.150002	0.000024
1582.407959	-45.959999	0.000025
1582.423950	-45.849998	0.000026
1582.439941	-45.770000	0.000026
1582.456055	-45.759998	0.000027
1582.472046	-45.820000	0.000026
1582.488037	-45.910000	0.000026
1582.504028	-45.959999	0.000025
1582.520020	-45.919998	0.000026
1582.536011	-45.770000	0.000026
1582.552002	-45.630001	0.000027
1582.567993	-45.580002	0.000028
1582.583984	-45.560001	0.000028
1582.599976	-45.619999	0.000027
1582.615967	-45.730000	0.000027
1582.631958	-45.889999	0.000026
1582.647949	-46.009998	0.000025
1582.663940	-46.070000	0.000025
1582.680054	-46.040001	0.000025
1582.696045	-45.959999	0.000025
1582.712036	-45.889999	0.000026
1582.728027	-45.880001	0.000026
1582.744019	-45.959999	0.000025
1582.760010	-46.099998	0.000025
1582.776001	-46.299999	0.000023
1582.791992	-46.549999	0.000022
1582.807983	-46.689999	0.000021
1582.823975	-46.669998	0.000022
1582.839966	-46.590000	0.000022
1582.855957	-46.540001	0.000022
1582.871948	-46.529999	0.000022
1582.887939	-46.580002	0.000022
1582.904053	-46.680000	0.000021
1582.920044	-46.799999	0.000021
1582.936035	-46.980000	0.000020
1582.952026	-47.160000	0.000019
1582.968018	-47.250000	0.000019
1582.984009	-47.200001	0.000019
1583.000000	-47.060001	0.000020
1583.015991	-46.990002	0.000020
1583.031982	-46.990002	0.000020
1583.047974	-47.070000	0.000020
1583.063965	-47.209999	0.000019
1583.079956	-47.439999	0.000018
1583.095947	-47.630001	0.000017
1583.112061	-47.639999	0.000017
1583.128052	-47.529999	0.000018
1583.144043	-47.410000	0.000018
1583.160034	-47.349998	0.000018
1583.176025	-47.360001	0.000018
1583.192017	-47.419998	0.000018
1583.208008	-47.509998	0.000018
1583.223999	-47.669998	0.000017
1583.239990	-47.840000	0.000016
1583.255981	-47.939999	0.000016
1583.271973	-47.889999	0.000016
1583.287964	-47.709999	0.000017
1583.303955	-47.590000	0.000017
1583.319946	-47.549999	0.000018
1583.336060	-47.599998	0.000017
1583.352051	-47.709999	0.000017
1583.368042	-47.889999	0.000016
1583.384033	-48.099998	0.000015
1583.400024	-48.209999	0.000015
1583.416016	-48.209999	0.000015
1583.432007	-48.110001	0.000015
1583.447998	-47.980000	0.000016
1583.463989	-47.910000	0.000016
1583.479980	-47.919998	0.000016
1583.495972	-47.990002	0.000016
1583.511963	-48.139999	0.000015
1583.527954	-48.340000	0.000015
1583.543945	-48.540001	0.000014
1583.560059	-48.630001	0.000014
1583.576050	-48.500000	0.000014
1583.592041	-48.330002	0.000015
1583.608032	-48.259998	0.000015
1583.624023	-48.279999	0.000015
1583.640015	-48.360001	0.000015
1583.656006	-48.529999	0.000014
1583.671997	-48.759998	0.000013
1583.687988	-48.910000	0.000013
1583.703979	-48.970001	0.000013
1583.719971	-48.900002	0.000013
1583.735962	-48.750000	0.000013
1583.751953	-48.610001	0.000014
1583.767944	-48.560001	0.000014
1583.784058	-48.590000	0.000014
1583.800049	-48.689999	0.000014
1583.816040	-48.820000	0.000013
1583.832031	-49.029999	0.000013
1583.848022	-49.200001	0.000012
1583.864014	-49.180000	0.000012
1583.880005	-48.990002	0.000013
1583.895996	-48.810001	0.000013
1583.911987	-48.750000	0.000013
1583.927979	-48.759998	0.000013
1583.943970	-48.840000	0.000013
1583.959961	-48.970001	0.000013
1583.975952	-49.160000	0.000012
1583.991943	-49.340000	0.000012
1584.008057	-49.400002	0.000011
1584.024048	-49.299999	0.000012
1584.040039	-49.110001	0.000012
1584.056030	-49.009998	0.000013
1584.072021	-49.009998	0.000013
1584.088013	-49.110001	0.000012
1584.104004	-49.250000	0.000012
1584.119995	-49.500000	0.000011
1584.135986	-49.750000	0.000011
1584.151978	-49.830002	0.000010
1584.167969	-49.759998	0.000011
1584.183960	-49.669998	0.000011
1584.199951	-49.610001	0.000011
1584.215942	-49.639999	0.000011
1584.232056	-49.700001	0.000011
1584.248047	-49.849998	0.000010
1584.264038	-50.090000	0.000010
1584.280029	-50.360001	0.000009
1584.296021	-50.630001	0.000009
1584.312012	-50.790001	0.000008
1584.328003	-50.770000	0.000008
1584.343994	-50.709999	0.000008
1584.359985	-50.689999	0.000009
1584.375977	-50.750000	0.000008
1584.391968	-50.880001	0.000008
1584.407959	-51.130001	0.000008
1584.423950	-51.430000	0.000007
1584.439941	-51.770000	0.000007
1584.456055	-51.900002	0.000006
1584.472046	-51.849998	0.000007
1584.488037	-51.759998	0.000007
1584.504028	-51.720001	0.000007
1584.520020	-51.730000	0.000007
1584.536011	-51.820000	0.000007
1584.552002	-52.009998	0.000006
1584.567993	-52.240002	0.000006
1584.583984	-52.509998	0.000006
1584.599976	-52.660000	0.000005
1584.615967	-52.580002	0.000006
1584.631958	-52.400002	0.000006
1584.647949	-52.290001	0.000006
1584.663940	-52.290001	0.000006
1584.680054	-52.360001	0.000006
1584.696045	-52.459999	0.000006
1584.712036	-52.610001	0.000005
1584.728027	-52.750000	0.000005
1584.744019	-52.770000	0.000005
1584.760010	-52.709999	0.000005
1584.776001	-52.590000	0.000006
1584.791992	-52.470001	0.000006
1584.807983	-52.430000	0.000006
1584.823975	-52.439999	0.000006
1584.839966	-52.549999	0.000006
1584.855957	-52.750000	0.000005
1584.871948	-52.990002	0.000005
1584.887939	-53.240002	0.000005
1584.904053	-53.340000	0.000005
1584.920044	-53.279999	0.000005
1584.936035	-53.240002	0.000005
1584.952026	-53.230000	0.000005
1584.968018	-53.259998	0.000005
1584.984009	-53.400002	0.000005
1585.000000	-53.660000	0.000004
1585.015991	-54.040001	0.000004
1585.031982	-54.340000	0.000004
1585.047974	-54.430000	0.000004
1585.063965	-54.389999	0.000004
1585.079956	-54.340000	0.000004
1585.095947	-54.369999	0.000004
1585.112061	-54.500000	0.000004
1585.128052	-54.740002	0.000003
1585.144043	-54.970001	0.000003
1585.160034	-55.240002	0.000003
1585.176025	-55.639999	0.000003
1585.192017	-55.869999	0.000003
1585.208008	-56.000000	0.000003
1585.223999	-55.939999	0.000003
1585.239990	-55.900002	0.000003
1585.255981	-55.869999	0.000003
1585.271973	-55.950001	0.000003
1585.287964	-56.119999	0.000002
1585.303955	-56.430000	0.000002
1585.319946	-56.709999	0.000002
1585.336060	-56.910000	0.000002
1585.352051	-56.919998	0.000002
1585.368042	-56.779999	0.000002
1585.384033	-56.650002	0.000002
1585.400024	-56.500000	0.000002
1585.416016	-56.560001	0.000002
1585.432007	-56.639999	0.000002
1585.447998	-56.740002	0.000002
1585.463989	-56.939999	0.000002
1585.479980	-57.119999	0.000002
1585.495972	-57.169998	0.000002
1585.511963	-57.040001	0.000002
1585.527954	-56.869999	0.000002
1585.543945	-56.720001	0.000002
1585.560059	-56.669998	0.000002
1585.576050	-56.750000	0.000002
1585.592041	-56.900002	0.000002
1585.608032	-57.000000	0.000002
1585.624023	-57.099998	0.000002
1585.640015	-57.080002	0.000002
1585.656006	-56.939999	0.000002
1585.671997	-56.810001	0.000002
1585.687988	-56.669998	0.000002
1585.703979	-56.639999	0.000002
1585.719971	-56.650002	0.000002
1585.735962	-56.680000	0.000002
1585.751953	-56.820000	0.000002
1585.767944	-56.990002	0.000002
1585.784058	-57.080002	0.000002
1585.800049	-57.080002	0.000002
1585.816040	-56.970001	0.000002
1585.832031	-56.810001	0.000002
1585.848022	-56.709999	0.000002
1585.864014	-56.709999	0.000002
1585.880005	-56.779999	0.000002
1585.895996	-56.880001	0.000002
1585.911987	-56.959999	0.000002
1585.927979	-56.970001	0.000002
1585.943970	-56.910000	0.000002
1585.959961	-56.730000	0.000002
1585.975952	-56.549999	0.000002
1585.991943	-56.450001	0.000002
1586.008057	-56.400002	0.000002
1586.024048	-56.430000	0.000002
1586.040039	-56.490002	0.000002
1586.056030	-56.619999	0.000002
1586.072021	-56.700001	0.000002
1586.088013	-56.709999	0.000002
1586.104004	-56.599998	0.000002
1586.119995	-56.480000	0.000002
1586.135986	-56.349998	0.000002
1586.151978	-56.360001	0.000002
1586.167969	-56.380001	0.000002
1586.183960	-56.549999	0.000002
1586.199951	-56.650002	0.000002
1586.215942	-56.730000	0.000002
1586.232056	-56.830002	0.000002
1586.248047	-56.830002	0.000002
1586.264038	-56.730000	0.000002
1586.280029	-56.590000	0.000002
1586.296021	-56.520000	0.000002
1586.312012	-56.540001	0.000002
1586.328003	-56.650002	0.000002
1586.343994	-56.910000	0.000002
1586.359985	-57.200001	0.000002
1586.375977	-57.490002	0.000002
1586.391968	-57.610001	0.000002
1586.407959	-57.669998	0.000002
1586.423950	-57.730000	0.000002
1586.439941	-57.740002	0.000002
1586.456055	-57.869999	0.000002
1586.472046	-58.180000	0.000002
1586.488037	-58.410000	0.000001
1586.504028	-58.669998	0.000001
1586.520020	-59.090000	0.000001
1586.536011	-59.610001	0.000001
1586.552002	-59.860001	0.000001
1586.567993	-59.970001	0.000001
1586.583984	-60.110001	0.000001
1586.599976	-60.139999	0.000001
1586.615967	-60.400002	0.000001
1586.631958	-60.880001	0.000001
1586.647949	-61.470001	0.000001
1586.663940	-62.220001	0.000001
1586.680054	-62.970001	0.000001
1586.696045	-63.500000	0.000000
1586.712036	-64.040001	0.000000
1586.728027	-64.290001	0.000000
1586.744019	-64.580002	0.000000
1586.760010	-65.070000	0.000000
1586.776001	-65.370003	0.000000
1586.791992	-66.150002	0.000000
1586.807983	-66.959999	0.000000
1586.823975	-68.139999	0.000000
1586.839966	-69.290001	0.000000
1586.855957	-70.000000	0.000000
1586.871948	-70.470001	0.000000
1586.887939	-70.699997	0.000000
1586.904053	-70.949997	0.000000
1586.920044	-71.169998	0.000000
1586.936035	-72.470001	0.000000
1586.952026	-73.510002	0.000000
1586.968018	-74.099998	0.000000
1586.984009	-74.269997	0.000000
1587.000000	-74.400002	0.000000
1587.015991	-76.089996	0.000000
1587.031982	-77.589996	0.000000
1587.047974	-75.660004	0.000000
1587.063965	-78.360001	0.000000
1587.079956	-83.400002	0.000000
1587.095947	-78.360001	0.000000
1587.112061	-81.129997	0.000000
1587.128052	-79.099998	0.000000
1587.144043	-79.529999	0.000000
1587.160034	-77.379997	0.000000
1587.176025	-75.900002	0.000000
1587.192017	-81.290001	0.000000
1587.208008	-79.419998	0.000000
1587.223999	-79.099998	0.000000
1587.239990	-79.209999	0.000000
1587.255981	-78.809998	0.000000
1587.271973	-78.449997	0.000000
1587.287964	-79.209999	0.000000
1587.303955	-78.629997	0.000000
1587.319946	-210.000000	0.000000
1587.336060	-85.900002	0.000000
1587.352051	-210.000000	0.000000
1587.368042	-210.000000	0.000000
1587.384033	-92.430000	0.000000
1587.400024	-82.889999	0.000000
1587.416016	-86.410004	0.000000
1587.432007	-90.669998	0.000000
1587.447998	-81.639999	0.000000
1587.463989	-84.300003	0.000000
1587.479980	-82.220001	0.000000
1587.495972	-81.290001	0.000000
1587.511963	-82.019997	0.000000
1587.527954	-210.000000	0.000000
1587.543945	-81.129997	0.000000
1587.560059	-78.540001	0.000000
1587.576050	-210.000000	0.000000
1587.592041	-210.000000	0.000000
1587.608032	-210.000000	0.000000
1587.624023	-210.000000	0.000000
1587.640015	-82.889999	0.000000
1587.656006	-210.000000	0.000000
1587.671997	-84.300003	0.000000
1587.687988	-81.639999	0.000000
1587.703979	-210.000000	0.000000
1587.719971	-210.000000	0.000000
1587.735962	-83.680000	0.000000
1587.751953	-210.000000	0.000000
1587.767944	-81.820000	0.000000
1587.784058	-87.660004	0.000000
1587.800049	-210.000000	0.000000
1587.816040	-89.419998	0.000000
1587.832031	-210.000000	0.000000
1587.848022	-79.209999	0.000000
1587.864014	-82.019997	0.000000
1587.880005	-79.639999	0.000000
1587.895996	-210.000000	0.000000
1587.911987	-210.000000	0.000000
1587.927979	-210.000000	0.000000
1587.943970	-81.639999	0.000000
1587.959961	-79.879997	0.000000
1587.975952	-85.440002	0.000000
1587.991943	-210.000000	0.000000
1588.008057	-210.000000	0.000000
1588.024048	-81.449997	0.000000
1588.040039	-210.000000	0.000000
1588.056030	-210.000000	0.000000
1588.072021	-85.889999	0.000000
1588.088013	-86.400002	0.000000
1588.104004	-210.000000	0.000000
1588.119995	-210.000000	0.000000
1588.135986	-80.110001	0.000000
1588.151978	-210.000000	0.000000
1588.167969	-210.000000	0.000000
1588.183960	-79.629997	0.000000
1588.199951	-210.000000	0.000000
1588.215942	-92.419998	0.000000
1588.232056	-210.000000	0.000000
1588.248047	-210.000000	0.000000
1588.264038	-210.000000	0.000000
1588.280029	-210.000000	0.000000
1588.296021	-83.669998	0.000000
1588.312012	-210.000000	0.000000
1588.328003	-78.269997	0.000000
1588.343994	-80.959999	0.000000
1588.359985	-210.000000	0.000000
1588.375977	-210.000000	0.000000
1588.391968	-92.419998	0.000000
1588.407959	-88.440002	0.000000
1588.423950	-210.000000	0.000000
1588.439941	-92.419998	0.000000
1588.456055	-83.120003	0.000000
1588.472046	-210.000000	0.000000
1588.488037	-210.000000	0.000000
1588.504028	-86.980003	0.000000
1588.520020	-210.000000	0.000000
1588.536011	-210.000000	0.000000
1588.552002	-83.970001	0.000000
1588.567993	-210.000000	0.000000
1588.583984	-86.400002	0.000000
1588.599976	-210.000000	0.000000
1588.615967	-86.980003	0.000000
1588.631958	-210.000000	0.000000
1588.647949	-210.000000	0.000000
1588.663940	-210.000000	0.000000
1588.680054	-210.000000	0.000000
1588.696045	-210.000000	0.000000
1588.712036	-210.000000	0.000000
1588.728027	-210.000000	0.000000
1588.744019	-210.000000	0.000000
1588.760010	-82.419998	0.000000
1588.776001	-210.000000	0.000000
1588.791992	-210.000000	0.000000
1588.807983	-83.120003	0.000000
1588.823975	-210.000000	0.000000
1588.839966	-210.000000	0.000000
1588.855957	-89.410004	0.000000
1588.871948	-85.889999	0.000000
1588.887939	-210.000000	0.000000
1588.904053	-81.279999	0.000000
1588.920044	-210.000000	0.000000
1588.936035	-210.000000	0.000000
1588.952026	-210.000000	0.000000
1588.968018	-82.209999	0.000000
1588.984009	-90.660004	0.000000
1589.000000	-86.980003	0.000000
1589.015991	-92.419998	0.000000
1589.031982	-210.000000	0.000000
1589.047974	-210.000000	0.000000
1589.063965	-81.449997	0.000000
1589.079956	-210.000000	0.000000
1589.095947	-95.430000	0.000000
1589.112061	-210.000000	0.000000
1589.128052	-89.410004	0.000000
1589.144043	-210.000000	0.000000
1589.160034	-210.000000	0.000000
1589.176025	-79.989998	0.000000
1589.192017	-80.959999	0.000000
1589.208008	-210.000000	0.000000
1589.223999	-82.639999	0.000000
1589.239990	-210.000000	0.000000
1589.255981	-210.000000	0.000000
1589.271973	-86.400002	0.000000
1589.287964	-210.000000	0.000000
1589.303955	-210.000000	0.000000
1589.319946	-210.000000	0.000000
1589.336060	-210.000000	0.000000
1589.352051	-210.000000	0.000000
1589.368042	-210.000000	0.000000
1589.384033	-79.519997	0.000000
1589.400024	-95.430000	0.000000
1589.416016	-82.879997	0.000000
1589.432007	-210.000000	0.000000
1589.447998	-210.000000	0.000000
1589.463989	-82.010002	0.000000
1589.479980	-210.000000	0.000000
1589.495972	-210.000000	0.000000
1589.511963	-210.000000	0.000000
1589.527954	-210.000000	0.000000
1589.543945	-210.000000	0.000000
1589.560059	-210.000000	0.000000
1589.576050	-210.000000	0.000000
1589.592041	-90.660004	0.000000
1589.608032	-83.120003	0.000000
1589.624023	-210.000000	0.000000
1589.640015	-82.209999	0.000000
1589.656006	-89.410004	0.000000
1589.671997	-92.419998	0.000000
1589.687988	-87.650002	0.000000
1589.703979	-210.000000	0.000000
1589.719971	-210.000000	0.000000
1589.735962	-82.010002	0.000000
1589.751953	-210.000000	0.000000
1589.767944	-84.290001	0.000000
1589.784058	-83.389999	0.000000
1589.800049	-210.000000	0.000000
1589.816040	-210.000000	0.000000
1589.832031	-86.400002	0.000000
1589.848022	-78.620003	0.000000
1589.864014	-81.120003	0.000000
1589.880005	-210.000000	0.000000
1589.895996	-86.400002	0.000000
1589.911987	-82.209999	0.000000
1589.927979	-88.440002	0.000000
1589.943970	-80.959999	0.000000
1589.959961	-79.989998	0.000000
1589.975952	-210.000000	0.000000
1589.991943	-210.000000	0.000000
1590.008057	-81.449997	0.000000
1590.024048	-82.879997	0.000000
1590.040039	-210.000000	0.000000
1590.056030	-80.660004	0.000000
1590.072021	-82.879997	0.000000
1590.088013	-210.000000	0.000000
1590.104004	-210.000000	0.000000
1590.119995	-80.519997	0.000000
1590.135986	-82.879997	0.000000
1590.151978	-84.290001	0.000000
1590.167969	-210.000000	0.000000
1590.183960	-86.400002	0.000000
1590.199951	-210.000000	0.000000
1590.215942	-83.120003	0.000000
1590.232056	-210.000000	0.000000
1590.248047	-82.879997	0.000000
1590.264038	-210.000000	0.000000
1590.280029	-83.970001	0.000000
1590.296021	-86.400002	0.000000
1590.312012	-79.089996	0.000000
1590.328003	-210.000000	0.000000
1590.343994	-92.419998	0.000000
1590.359985	-210.000000	0.000000
1590.375977	-210.000000	0.000000
1590.391968	-210.000000	0.000000
1590.407959	-81.809998	0.000000
1590.423950	-210.000000	0.000000
1590.439941	-95.430000	0.000000
1590.456055	-210.000000	0.000000
1590.472046	-210.000000	0.000000
1590.488037	-85.430000	0.000000
1590.504028	-92.410004	0.000000
1590.520020	-78.889999	0.000000
1590.536011	-210.000000	0.000000
1590.552002	-210.000000	0.000000
1590.567993	-210.000000	0.000000
1590.583984	-210.000000	0.000000
1590.599976	-80.650002	0.000000
1590.615967	-83.110001	0.000000
1590.631958	-210.000000	0.000000
1590.647949	-82.629997	0.000000
1590.663940	-210.000000	0.000000
1590.680054	-210.000000	0.000000
1590.696045	-83.959999	0.000000
1590.712036	-89.400002	0.000000
1590.728027	-210.000000	0.000000
1590.744019	-210.000000	0.000000
1590.760010	-85.879997	0.000000
1590.776001	-85.879997	0.000000
1590.791992	-80.370003	0.000000
1590.807983	-210.000000	0.000000
1590.823975	-210.000000	0.000000
1590.839966	-210.000000	0.000000
1590.855957	-85.010002	0.000000
1590.871948	-210.000000	0.000000
1590.887939	-210.000000	0.000000
1590.904053	-210.000000	0.000000
1590.920044	-92.410004	0.000000
1590.936035	-210.000000	0.000000
1590.952026	-210.000000	0.000000
1590.968018	-210.000000	0.000000
1590.984009	-88.430000	0.000000
1591.000000	-210.000000	0.000000
