Wavelength (nm)	Transmission (dBm)	Linear Transmission
1575.000000	-210.000000	0.000000
1575.015991	-210.000000	0.000000
1575.031982	-92.419998	0.000000
1575.047974	-210.000000	0.000000
1575.063965	-210.000000	0.000000
1575.079956	-210.000000	0.000000
1575.095947	-210.000000	0.000000
1575.112061	-82.209999	0.000000
1575.128052	-210.000000	0.000000
1575.144043	-210.000000	0.000000
1575.160034	-210.000000	0.000000
1575.176025	-210.000000	0.000000
1575.192017	-210.000000	0.000000
1575.208008	-90.660004	0.000000
1575.223999	-210.000000	0.000000
1575.239990	-210.000000	0.000000
1575.255981	-85.889999	0.000000
1575.271973	-210.000000	0.000000
1575.287964	-210.000000	0.000000
1575.303955	-210.000000	0.000000
1575.319946	-210.000000	0.000000
1575.336060	-210.000000	0.000000
1575.352051	-210.000000	0.000000
1575.368042	-210.000000	0.000000
1575.384033	-210.000000	0.000000
1575.400024	-80.519997	0.000000
1575.416016	-90.660004	0.000000
1575.432007	-95.430000	0.000000
1575.447998	-79.199997	0.000000
1575.463989	-210.000000	0.000000
1575.479980	-81.449997	0.000000
1575.495972	-210.000000	0.000000
1575.511963	-210.000000	0.000000
1575.527954	-210.000000	0.000000
1575.543945	-87.660004	0.000000
1575.560059	-95.440002	0.000000
1575.576050	-210.000000	0.000000
1575.592041	-210.000000	0.000000
1575.608032	-210.000000	0.000000
1575.624023	-86.410004	0.000000
1575.640015	-84.300003	0.000000
1575.656006	-210.000000	0.000000
1575.671997	-210.000000	0.000000
1575.687988	-82.220001	0.000000
1575.703979	-210.000000	0.000000
1575.719971	-210.000000	0.000000
1575.735962	-84.650002	0.000000
1575.751953	-210.000000	0.000000
1575.767944	-210.000000	0.000000
1575.784058	-79.760002	0.000000
1575.800049	-210.000000	0.000000
1575.816040	-87.660004	0.000000
1575.832031	-210.000000	0.000000
1575.848022	-81.459999	0.000000
1575.864014	-210.000000	0.000000
1575.880005	-210.000000	0.000000
1575.895996	-210.000000	0.000000
1575.911987	-85.440002	0.000000
1575.927979	-85.440002	0.000000
1575.943970	-210.000000	0.000000
1575.959961	-210.000000	0.000000
1575.975952	-82.019997	0.000000
1575.991943	-86.410004	0.000000
1576.008057	-85.440002	0.000000
1576.024048	-80.250000	0.000000
1576.040039	-210.000000	0.000000
1576.056030	-210.000000	0.000000
1576.072021	-84.650002	0.000000
1576.088013	-210.000000	0.000000
1576.104004	-88.449997	0.000000
1576.119995	-210.000000	0.000000
1576.135986	-210.000000	0.000000
1576.151978	-210.000000	0.000000
1576.167969	-85.440002	0.000000
1576.183960	-210.000000	0.000000
1576.199951	-92.430000	0.000000
1576.215942	-79.760002	0.000000
1576.232056	-84.650002	0.000000
1576.248047	-210.000000	0.000000
1576.264038	-83.980003	0.000000
1576.280029	-210.000000	0.000000
1576.296021	-80.120003	0.000000
1576.312012	-82.889999	0.000000
1576.328003	-85.440002	0.000000
1576.343994	-210.000000	0.000000
1576.359985	-89.419998	0.000000
1576.375977	-80.120003	0.000000
1576.391968	-210.000000	0.000000
1576.407959	-82.220001	0.000000
1576.423950	-210.000000	0.000000
1576.439941	-210.000000	0.000000
1576.456055	-210.000000	0.000000
1576.472046	-82.430000	0.000000
1576.488037	-210.000000	0.000000
1576.504028	-80.970001	0.000000
1576.520020	-210.000000	0.000000
1576.536011	-88.449997	0.000000
1576.552002	-210.000000	0.000000
1576.567993	-210.000000	0.000000
1576.583984	-210.000000	0.000000
1576.599976	-92.430000	0.000000
1576.615967	-210.000000	0.000000
1576.631958	-85.900002	0.000000
1576.647949	-90.669998	0.000000
1576.663940	-210.000000	0.000000
1576.680054	-83.400002	0.000000
1576.696045	-83.129997	0.000000
1576.712036	-82.430000	0.000000
1576.728027	-90.669998	0.000000
1576.744019	-82.019997	0.000000
1576.760010	-210.000000	0.000000
1576.776001	-80.820000	0.000000
1576.791992	-210.000000	0.000000
1576.807983	-210.000000	0.000000
1576.823975	-83.680000	0.000000
1576.839966	-78.279999	0.000000
1576.855957	-89.419998	0.000000
1576.871948	-87.660004	0.000000
1576.887939	-210.000000	0.000000
1576.904053	-210.000000	0.000000
1576.920044	-86.989998	0.000000
1576.936035	-85.900002	0.000000
1576.952026	-210.000000	0.000000
1576.968018	-81.639999	0.000000
1576.984009	-210.000000	0.000000
1577.000000	-89.419998	0.000000
1577.015991	-87.660004	0.000000
1577.031982	-210.000000	0.000000
1577.047974	-210.000000	0.000000
1577.063965	-87.660004	0.000000
1577.079956	-210.000000	0.000000
1577.095947	-210.000000	0.000000
1577.112061	-85.440002	0.000000
1577.128052	-210.000000	0.000000
1577.144043	-79.209999	0.000000
1577.160034	-210.000000	0.000000
1577.176025	-210.000000	0.000000
1577.192017	-85.440002	0.000000
1577.208008	-210.000000	0.000000
1577.223999	-210.000000	0.000000
1577.239990	-210.000000	0.000000
1577.255981	-83.129997	0.000000
1577.271973	-81.290001	0.000000
1577.287964	-210.000000	0.000000
1577.303955	-87.660004	0.000000
1577.319946	-92.430000	0.000000
1577.336060	-95.440002	0.000000
1577.352051	-210.000000	0.000000
1577.368042	-87.660004	0.000000
1577.384033	-210.000000	0.000000
1577.400024	-210.000000	0.000000
1577.416016	-86.410004	0.000000
1577.432007	-210.000000	0.000000
1577.447998	-82.650002	0.000000
1577.463989	-210.000000	0.000000
1577.479980	-83.980003	0.000000
1577.495972	-210.000000	0.000000
1577.511963	-82.430000	0.000000
1577.527954	-79.529999	0.000000
1577.543945	-210.000000	0.000000
1577.560059	-210.000000	0.000000
1577.576050	-210.000000	0.000000
1577.592041	-210.000000	0.000000
1577.608032	-82.889999	0.000000
1577.624023	-81.129997	0.000000
1577.640015	-85.900002	0.000000
1577.656006	-210.000000	0.000000
1577.671997	-210.000000	0.000000
1577.687988	-92.430000	0.000000
1577.703979	-82.889999	0.000000
1577.719971	-210.000000	0.000000
1577.735962	-85.029999	0.000000
1577.751953	-210.000000	0.000000
1577.767944	-210.000000	0.000000
1577.784058	-210.000000	0.000000
1577.800049	-81.129997	0.000000
1577.816040	-82.019997	0.000000
1577.832031	-210.000000	0.000000
1577.848022	-210.000000	0.000000
1577.864014	-84.650002	0.000000
1577.880005	-83.980003	0.000000
1577.895996	-85.900002	0.000000
1577.911987	-83.400002	0.000000
1577.927979	-210.000000	0.000000
1577.943970	-210.000000	0.000000
1577.959961	-210.000000	0.000000
1577.975952	-84.650002	0.000000
1577.991943	-79.220001	0.000000
1578.008057	-210.000000	0.000000
1578.024048	-210.000000	0.000000
1578.040039	-210.000000	0.000000
1578.056030	-210.000000	0.000000
1578.072021	-210.000000	0.000000
1578.088013	-81.650002	0.000000
1578.104004	-210.000000	0.000000
1578.119995	-210.000000	0.000000
1578.135986	-210.000000	0.000000
1578.151978	-210.000000	0.000000
1578.167969	-79.110001	0.000000
1578.183960	-210.000000	0.000000
1578.199951	-80.540001	0.000000
1578.215942	-83.410004	0.000000
1578.232056	-210.000000	0.000000
1578.248047	-210.000000	0.000000
1578.264038	-88.459999	0.000000
1578.280029	-210.000000	0.000000
1578.296021	-210.000000	0.000000
1578.312012	-80.830002	0.000000
1578.328003	-210.000000	0.000000
1578.343994	-90.680000	0.000000
1578.359985	-210.000000	0.000000
1578.375977	-210.000000	0.000000
1578.391968	-89.430000	0.000000
1578.407959	-80.540001	0.000000
1578.423950	-85.910004	0.000000
1578.439941	-210.000000	0.000000
1578.456055	-77.459999	0.000000
1578.472046	-210.000000	0.000000
1578.488037	-85.449997	0.000000
1578.504028	-87.669998	0.000000
1578.520020	-83.690002	0.000000
1578.536011	-77.059998	0.000000
1578.552002	-80.540001	0.000000
1578.567993	-78.919998	0.000000
1578.583984	-210.000000	0.000000
1578.599976	-80.980003	0.000000
1578.615967	-86.419998	0.000000
1578.631958	-86.419998	0.000000
1578.647949	-77.970001	0.000000
1578.663940	-80.680000	0.000000
1578.680054	-78.919998	0.000000
1578.696045	-78.550003	0.000000
1578.712036	-78.919998	0.000000
1578.728027	-79.430000	0.000000
1578.744019	-77.120003	0.000000
1578.760010	-80.129997	0.000000
1578.776001	-77.250000	0.000000
1578.791992	-77.669998	0.000000
1578.807983	-78.639999	0.000000
1578.823975	-74.550003	0.000000
1578.839966	-77.669998	0.000000
1578.855957	-75.580002	0.000000
1578.871948	-73.459999	0.000000
1578.887939	-73.870003	0.000000
1578.904053	-76.470001	0.000000
1578.920044	-74.239998	0.000000
1578.936035	-74.660004	0.000000
1578.952026	-74.150002	0.000000
1578.968018	-74.110001	0.000000
1578.984009	-72.010002	0.000000
1579.000000	-72.589996	0.000000
1579.015991	-72.500000	0.000000
1579.031982	-71.489998	0.000000
1579.047974	-72.190002	0.000000
1579.063965	-71.790001	0.000000
1579.079956	-71.059998	0.000000
1579.095947	-71.010002	0.000000
1579.112061	-70.470001	0.000000
1579.128052	-70.320000	0.000000
1579.144043	-69.669998	0.000000
1579.160034	-69.550003	0.000000
1579.176025	-69.099998	0.000000
1579.192017	-69.150002	0.000000
1579.208008	-68.709999	0.000000
1579.223999	-68.059998	0.000000
1579.239990	-68.160004	0.000000
1579.255981	-67.389999	0.000000
1579.271973	-67.190002	0.000000
1579.287964	-66.919998	0.000000
1579.303955	-66.660004	0.000000
1579.319946	-66.730003	0.000000
1579.336060	-66.519997	0.000000
1579.352051	-66.169998	0.000000
1579.368042	-65.540001	0.000000
1579.384033	-65.169998	0.000000
1579.400024	-64.720001	0.000000
1579.416016	-64.629997	0.000000
1579.432007	-64.570000	0.000000
1579.447998	-64.250000	0.000000
1579.463989	-64.099998	0.000000
1579.479980	-63.720001	0.000000
1579.495972	-63.389999	0.000000
1579.511963	-62.939999	0.000001
1579.527954	-62.720001	0.000001
1579.543945	-62.389999	0.000001
1579.560059	-62.230000	0.000001
1579.576050	-62.040001	0.000001
1579.592041	-61.840000	0.000001
1579.608032	-61.830002	0.000001
1579.624023	-61.799999	0.000001
1579.640015	-61.610001	0.000001
1579.656006	-61.470001	0.000001
1579.671997	-61.160000	0.000001
1579.687988	-60.680000	0.000001
1579.703979	-60.389999	0.000001
1579.719971	-60.220001	0.000001
1579.735962	-60.080002	0.000001
1579.751953	-59.919998	0.000001
1579.767944	-59.740002	0.000001
1579.784058	-59.630001	0.000001
1579.800049	-59.540001	0.000001
1579.816040	-59.439999	0.000001
1579.832031	-59.250000	0.000001
1579.848022	-59.130001	0.000001
1579.864014	-58.779999	0.000001
1579.880005	-58.310001	0.000001
1579.895996	-58.009998	0.000002
1579.911987	-57.720001	0.000002
1579.927979	-57.509998	0.000002
1579.943970	-57.380001	0.000002
1579.959961	-57.279999	0.000002
1579.975952	-57.169998	0.000002
1579.991943	-57.040001	0.000002
1580.008057	-56.939999	0.000002
1580.024048	-56.700001	0.000002
1580.040039	-56.410000	0.000002
1580.056030	-56.049999	0.000002
1580.072021	-55.570000	0.000003
1580.088013	-55.259998	0.000003
1580.104004	-55.000000	0.000003
1580.119995	-54.810001	0.000003
1580.135986	-54.680000	0.000003
1580.151978	-54.540001	0.000004
1580.167969	-54.389999	0.000004
1580.183960	-54.279999	0.000004
1580.199951	-54.160000	0.000004
1580.215942	-53.880001	0.000004
1580.232056	-53.560001	0.000004
1580.248047	-53.160000	0.000005
1580.264038	-52.730000	0.000005
1580.280029	-52.490002	0.000006
1580.296021	-52.360001	0.000006
1580.312012	-52.259998	0.000006
1580.328003	-52.209999	0.000006
1580.343994	-52.090000	0.000006
1580.359985	-51.990002	0.000006
1580.375977	-51.869999	0.000007
1580.391968	-51.689999	0.000007
1580.407959	-51.470001	0.000007
1580.423950	-51.080002	0.000008
1580.439941	-50.820000	0.000008
1580.456055	-50.590000	0.000009
1580.472046	-50.400002	0.000009
1580.488037	-50.209999	0.000010
1580.504028	-50.119999	0.000010
1580.520020	-50.060001	0.000010
1580.536011	-50.049999	0.000010
1580.552002	-50.020000	0.000010
1580.567993	-49.900002	0.000010
1580.583984	-49.669998	0.000011
1580.599976	-49.310001	0.000012
1580.615967	-49.049999	0.000012
1580.631958	-48.950001	0.000013
1580.647949	-48.889999	0.000013
1580.663940	-48.849998	0.000013
1580.680054	-48.830002	0.000013
1580.696045	-48.820000	0.000013
1580.712036	-48.770000	0.000013
1580.728027	-48.660000	0.000014
1580.744019	-48.459999	0.000014
1580.760010	-48.259998	0.000015
1580.776001	-48.070000	0.000016
1580.791992	-47.990002	0.000016
1580.807983	-47.990002	0.000016
1580.823975	-48.049999	0.000016
1580.839966	-48.099998	0.000015
1580.855957	-48.119999	0.000015
1580.871948	-48.020000	0.000016
1580.887939	-47.799999	0.000017
1580.904053	-47.630001	0.000017
1580.920044	-47.509998	0.000018
1580.936035	-47.439999	0.000018
1580.952026	-47.419998	0.000018
1580.968018	-47.410000	0.000018
1580.984009	-47.459999	0.000018
1581.000000	-47.520000	0.000018
1581.015991	-47.540001	0.000018
1581.031982	-47.450001	0.000018
1581.047974	-47.259998	0.000019
1581.063965	-47.040001	0.000020
1581.079956	-46.910000	0.000020
1581.095947	-46.889999	0.000020
1581.112061	-46.919998	0.000020
1581.128052	-46.990002	0.000020
1581.144043	-47.060001	0.000020
1581.160034	-47.090000	0.000020
1581.176025	-46.990002	0.000020
1581.192017	-46.860001	0.000021
1581.208008	-46.740002	0.000021
1581.223999	-46.689999	0.000021
1581.239990	-46.669998	0.000022
1581.255981	-46.689999	0.000021
1581.271973	-46.759998	0.000021
1581.287964	-46.900002	0.000020
1581.303955	-47.009998	0.000020
1581.319946	-47.029999	0.000020
1581.336060	-46.959999	0.000020
1581.352051	-46.840000	0.000021
1581.368042	-46.770000	0.000021
1581.384033	-46.779999	0.000021
1581.400024	-46.849998	0.000021
1581.416016	-46.930000	0.000020
1581.432007	-47.070000	0.000020
1581.447998	-47.250000	0.000019
1581.463989	-47.380001	0.000018
1581.479980	-47.439999	0.000018
1581.495972	-47.430000	0.000018
1581.511963	-47.419998	0.000018
1581.527954	-47.400002	0.000018
1581.543945	-47.439999	0.000018
1581.560059	-47.540001	0.000018
1581.576050	-47.759998	0.000017
1581.592041	-48.009998	0.000016
1581.608032	-48.180000	0.000015
1581.624023	-48.320000	0.000015
1581.640015	-48.310001	0.000015
1581.656006	-48.270000	0.000015
1581.671997	-48.290001	0.000015
1581.687988	-48.349998	0.000015
1581.703979	-48.430000	0.000014
1581.719971	-48.599998	0.000014
1581.735962	-48.830002	0.000013
1581.751953	-49.040001	0.000012
1581.767944	-49.180000	0.000012
1581.784058	-49.169998	0.000012
1581.800049	-49.139999	0.000012
1581.816040	-49.070000	0.000012
1581.832031	-49.029999	0.000013
1581.848022	-49.049999	0.000012
1581.864014	-49.160000	0.000012
1581.880005	-49.310001	0.000012
1581.895996	-49.419998	0.000011
1581.911987	-49.509998	0.000011
1581.927979	-49.450001	0.000011
1581.943970	-49.320000	0.000012
1581.959961	-49.169998	0.000012
1581.975952	-49.080002	0.000012
1581.991943	-49.060001	0.000012
1582.008057	-49.040001	0.000012
1582.024048	-49.080002	0.000012
1582.040039	-49.160000	0.000012
1582.056030	-49.240002	0.000012
1582.072021	-49.200001	0.000012
1582.088013	-49.090000	0.000012
1582.104004	-48.880001	0.000013
1582.119995	-48.700001	0.000013
1582.135986	-48.619999	0.000014
1582.151978	-48.639999	0.000014
1582.167969	-48.720001	0.000013
1582.183960	-48.770000	0.000013
1582.199951	-48.810001	0.000013
1582.215942	-48.720001	0.000013
1582.232056	-48.560001	0.000014
1582.248047	-48.349998	0.000015
1582.264038	-48.230000	0.000015
1582.280029	-48.180000	0.000015
1582.296021	-48.130001	0.000015
1582.312012	-48.150002	0.000015
1582.328003	-48.230000	0.000015
1582.343994	-48.330002	0.000015
1582.359985	-48.349998	0.000015
1582.375977	-48.279999	0.000015
1582.391968	-48.070000	0.000016
1582.407959	-47.820000	0.000017
1582.423950	-47.680000	0.000017
1582.439941	-47.639999	0.000017
1582.456055	-47.660000	0.000017
1582.472046	-47.720001	0.000017
1582.488037	-47.790001	0.000017
1582.504028	-47.840000	0.000016
1582.520020	-47.799999	0.000017
1582.536011	-47.630001	0.000017
1582.552002	-47.430000	0.000018
1582.567993	-47.310001	0.000019
1582.583984	-47.209999	0.000019
1582.599976	-47.189999	0.000019
1582.615967	-47.270000	0.000019
1582.631958	-47.430000	0.000018
1582.647949	-47.540001	0.000018
1582.663940	-47.570000	0.000017
1582.680054	-47.459999	0.000018
1582.696045	-47.259998	0.000019
1582.712036	-47.130001	0.000019
1582.728027	-47.110001	0.000019
1582.744019	-47.160000	0.000019
1582.760010	-47.240002	0.000019
1582.776001	-47.349998	0.000018
1582.791992	-47.520000	0.000018
1582.807983	-47.660000	0.000017
1582.823975	-47.660000	0.000017
1582.839966	-47.580002	0.000017
1582.855957	-47.480000	0.000018
1582.871948	-47.400002	0.000018
1582.887939	-47.389999	0.000018
1582.904053	-47.490002	0.000018
1582.920044	-47.630001	0.000017
1582.936035	-47.840000	0.000016
1582.952026	-48.009998	0.000016
1582.968018	-48.090000	0.000016
1582.984009	-48.009998	0.000016
1583.000000	-47.860001	0.000016
1583.015991	-47.820000	0.000017
1583.031982	-47.830002	0.000016
1583.047974	-47.880001	0.000016
1583.063965	-47.970001	0.000016
1583.079956	-48.150002	0.000015
1583.095947	-48.360001	0.000015
1583.112061	-48.430000	0.000014
1583.128052	-48.310001	0.000015
1583.144043	-48.150002	0.000015
1583.160034	-48.009998	0.000016
1583.176025	-47.959999	0.000016
1583.192017	-48.000000	0.000016
1583.208008	-48.110001	0.000015
1583.223999	-48.250000	0.000015
1583.239990	-48.380001	0.000015
1583.255981	-48.419998	0.000014
1583.271973	-48.310001	0.000015
1583.287964	-48.110001	0.000015
1583.303955	-48.000000	0.000016
1583.319946	-47.950001	0.000016
1583.336060	-47.939999	0.000016
1583.352051	-47.970001	0.000016
1583.368042	-48.080002	0.000016
1583.384033	-48.270000	0.000015
1583.400024	-48.380001	0.000015
1583.416016	-48.369999	0.000015
1583.432007	-48.209999	0.000015
1583.447998	-48.009998	0.000016
1583.463989	-47.869999	0.000016
1583.479980	-47.860001	0.000016
1583.495972	-47.950001	0.000016
1583.511963	-48.080002	0.000016
1583.527954	-48.220001	0.000015
1583.543945	-48.340000	0.000015
1583.560059	-48.369999	0.000015
1583.576050	-48.220001	0.000015
1583.592041	-48.070000	0.000016
1583.608032	-47.970001	0.000016
1583.624023	-47.930000	0.000016
1583.640015	-47.939999	0.000016
1583.656006	-48.040001	0.000016
1583.671997	-48.230000	0.000015
1583.687988	-48.380001	0.000015
1583.703979	-48.419998	0.000014
1583.719971	-48.299999	0.000015
1583.735962	-48.099998	0.000015
1583.751953	-47.910000	0.000016
1583.767944	-47.849998	0.000016
1583.784058	-47.869999	0.000016
1583.800049	-47.939999	0.000016
1583.816040	-48.000000	0.000016
1583.832031	-48.110001	0.000015
1583.848022	-48.209999	0.000015
1583.864014	-48.189999	0.000015
1583.880005	-48.009998	0.000016
1583.895996	-47.820000	0.000017
1583.911987	-47.709999	0.000017
1583.927979	-47.639999	0.000017
1583.943970	-47.660000	0.000017
1583.959961	-47.770000	0.000017
1583.975952	-47.950001	0.000016
1583.991943	-48.080002	0.000016
1584.008057	-48.090000	0.000016
1584.024048	-47.959999	0.000016
1584.040039	-47.740002	0.000017
1584.056030	-47.630001	0.000017
1584.072021	-47.619999	0.000017
1584.088013	-47.680000	0.000017
1584.104004	-47.759998	0.000017
1584.119995	-47.900002	0.000016
1584.135986	-48.090000	0.000016
1584.151978	-48.200001	0.000015
1584.167969	-48.150002	0.000015
1584.183960	-48.049999	0.000016
1584.199951	-47.950001	0.000016
1584.215942	-47.900002	0.000016
1584.232056	-47.930000	0.000016
1584.248047	-48.060001	0.000016
1584.264038	-48.279999	0.000015
1584.280029	-48.490002	0.000014
1584.296021	-48.689999	0.000014
1584.312012	-48.790001	0.000013
1584.328003	-48.759998	0.000013
1584.343994	-48.689999	0.000014
1584.359985	-48.680000	0.000014
1584.375977	-48.709999	0.000013
1584.391968	-48.779999	0.000013
1584.407959	-48.930000	0.000013
1584.423950	-49.160000	0.000012
1584.439941	-49.470001	0.000011
1584.456055	-49.650002	0.000011
1584.472046	-49.610001	0.000011
1584.488037	-49.490002	0.000011
1584.504028	-49.369999	0.000012
1584.520020	-49.349998	0.000012
1584.536011	-49.430000	0.000011
1584.552002	-49.610001	0.000011
1584.567993	-49.810001	0.000010
1584.583984	-50.009998	0.000010
1584.599976	-50.150002	0.000010
1584.615967	-50.130001	0.000010
1584.631958	-50.009998	0.000010
1584.647949	-49.910000	0.000010
1584.663940	-49.910000	0.000010
1584.680054	-49.919998	0.000010
1584.696045	-49.980000	0.000010
1584.712036	-50.119999	0.000010
1584.728027	-50.340000	0.000009
1584.744019	-50.480000	0.000009
1584.760010	-50.470001	0.000009
1584.776001	-50.369999	0.000009
1584.791992	-50.230000	0.000009
1584.807983	-50.180000	0.000010
1584.823975	-50.209999	0.000010
1584.839966	-50.320000	0.000009
1584.855957	-50.459999	0.000009
1584.871948	-50.660000	0.000009
1584.887939	-50.910000	0.000008
1584.904053	-51.080002	0.000008
1584.920044	-51.119999	0.000008
1584.936035	-51.070000	0.000008
1584.952026	-51.040001	0.000008
1584.968018	-51.049999	0.000008
1584.984009	-51.139999	0.000008
1585.000000	-51.340000	0.000007
1585.015991	-51.680000	0.000007
1585.031982	-52.040001	0.000006
1585.047974	-52.209999	0.000006
1585.063965	-52.209999	0.000006
1585.079956	-52.160000	0.000006
1585.095947	-52.130001	0.000006
1585.112061	-52.169998	0.000006
1585.128052	-52.320000	0.000006
1585.144043	-52.500000	0.000006
1585.160034	-52.709999	0.000005
1585.176025	-53.009998	0.000005
1585.192017	-53.349998	0.000005
1585.208008	-53.459999	0.000005
1585.223999	-53.430000	0.000005
1585.239990	-53.380001	0.000005
1585.255981	-53.360001	0.000005
1585.271973	-53.389999	0.000005
1585.287964	-53.480000	0.000004
1585.303955	-53.639999	0.000004
1585.319946	-53.849998	0.000004
1585.336060	-54.020000	0.000004
1585.352051	-54.130001	0.000004
1585.368042	-54.099998	0.000004
1585.384033	-53.959999	0.000004
1585.400024	-53.779999	0.000004
1585.416016	-53.730000	0.000004
1585.432007	-53.759998	0.000004
1585.447998	-53.869999	0.000004
1585.463989	-54.049999	0.000004
1585.479980	-54.189999	0.000004
1585.495972	-54.259998	0.000004
1585.511963	-54.200001	0.000004
1585.527954	-54.090000	0.000004
1585.543945	-54.000000	0.000004
1585.560059	-53.950001	0.000004
1585.576050	-53.970001	0.000004
1585.592041	-54.020000	0.000004
1585.608032	-54.150002	0.000004
1585.624023	-54.279999	0.000004
1585.640015	-54.360001	0.000004
1585.656006	-54.380001	0.000004
1585.671997	-54.310001	0.000004
1585.687988	-54.139999	0.000004
1585.703979	-54.070000	0.000004
1585.719971	-54.099998	0.000004
1585.735962	-54.189999	0.000004
1585.751953	-54.320000	0.000004
1585.767944	-54.480000	0.000004
1585.784058	-54.610001	0.000003
1585.800049	-54.720001	0.000003
1585.816040	-54.740002	0.000003
1585.832031	-54.720001	0.000003
1585.848022	-54.650002	0.000003
1585.864014	-54.639999	0.000003
1585.880005	-54.660000	0.000003
1585.895996	-54.740002	0.000003
1585.911987	-54.869999	0.000003
1585.927979	-55.000000	0.000003
1585.943970	-55.130001	0.000003
1585.959961	-55.110001	0.000003
1585.975952	-55.000000	0.000003
1585.991943	-54.900002	0.000003
1586.008057	-54.910000	0.000003
1586.024048	-54.970001	0.000003
1586.040039	-55.060001	0.000003
1586.056030	-55.169998	0.000003
1586.072021	-55.279999	0.000003
1586.088013	-55.400002	0.000003
1586.104004	-55.459999	0.000003
1586.119995	-55.450001	0.000003
1586.135986	-55.419998	0.000003
1586.151978	-55.389999	0.000003
1586.167969	-55.380001	0.000003
1586.183960	-55.490002	0.000003
1586.199951	-55.660000	0.000003
1586.215942	-55.790001	0.000003
1586.232056	-55.990002	0.000003
1586.248047	-56.080002	0.000002
1586.264038	-56.099998	0.000002
1586.280029	-56.070000	0.000002
1586.296021	-56.110001	0.000002
1586.312012	-56.189999	0.000002
1586.328003	-56.330002	0.000002
1586.343994	-56.540001	0.000002
1586.359985	-56.770000	0.000002
1586.375977	-57.090000	0.000002
1586.391968	-57.310001	0.000002
1586.407959	-57.490002	0.000002
1586.423950	-57.599998	0.000002
1586.439941	-57.700001	0.000002
1586.456055	-57.820000	0.000002
1586.472046	-58.099998	0.000002
1586.488037	-58.400002	0.000001
1586.504028	-58.680000	0.000001
1586.520020	-59.119999	0.000001
1586.536011	-59.500000	0.000001
1586.552002	-59.770000	0.000001
1586.567993	-60.029999	0.000001
1586.583984	-60.189999	0.000001
1586.599976	-60.419998	0.000001
1586.615967	-60.770000	0.000001
1586.631958	-61.220001	0.000001
1586.647949	-61.740002	0.000001
1586.663940	-62.419998	0.000001
1586.680054	-63.020000	0.000000
1586.696045	-63.340000	0.000000
1586.712036	-63.900002	0.000000
1586.728027	-64.379997	0.000000
1586.744019	-64.500000	0.000000
1586.760010	-65.269997	0.000000
1586.776001	-65.660004	0.000000
1586.791992	-66.580002	0.000000
1586.807983	-67.739998	0.000000
1586.823975	-68.120003	0.000000
1586.839966	-69.440002	0.000000
1586.855957	-70.529999	0.000000
1586.871948	-71.220001	0.000000
1586.887939	-71.730003	0.000000
1586.904053	-74.470001	0.000000
1586.920044	-75.110001	0.000000
1586.936035	-74.330002	0.000000
1586.952026	-78.279999	0.000000
1586.968018	-75.309998	0.000000
1586.984009	-82.650002	0.000000
1587.000000	-81.290001	0.000000
1587.015991	-77.519997	0.000000
1587.031982	-75.849998	0.000000
1587.047974	-78.910004	0.000000
1587.063965	-77.379997	0.000000
1587.079956	-78.629997	0.000000
1587.095947	-79.419998	0.000000
1587.112061	-79.639999	0.000000
1587.128052	-82.650002	0.000000
1587.144043	-83.680000	0.000000
1587.160034	-79.099998	0.000000
1587.176025	-80.120003	0.000000
1587.192017	-86.989998	0.000000
1587.208008	-210.000000	0.000000
1587.223999	-79.529999	0.000000
1587.239990	-210.000000	0.000000
1587.255981	-81.129997	0.000000
1587.271973	-82.019997	0.000000
1587.287964	-210.000000	0.000000
1587.303955	-210.000000	0.000000
1587.319946	-210.000000	0.000000
1587.336060	-85.440002	0.000000
1587.352051	-82.650002	0.000000
1587.368042	-210.000000	0.000000
1587.384033	-82.220001	0.000000
1587.400024	-95.440002	0.000000
1587.416016	-210.000000	0.000000
1587.432007	-82.430000	0.000000
1587.447998	-83.400002	0.000000
1587.463989	-85.900002	0.000000
1587.479980	-86.410004	0.000000
1587.495972	-210.000000	0.000000
1587.511963	-210.000000	0.000000
1587.527954	-210.000000	0.000000
1587.543945	-79.419998	0.000000
1587.560059	-85.900002	0.000000
1587.576050	-210.000000	0.000000
1587.592041	-210.000000	0.000000
1587.608032	-210.000000	0.000000
1587.624023	-81.290001	0.000000
1587.640015	-210.000000	0.000000
1587.656006	-210.000000	0.000000
1587.671997	-210.000000	0.000000
1587.687988	-80.669998	0.000000
1587.703979	-84.650002	0.000000
1587.719971	-210.000000	0.000000
1587.735962	-210.000000	0.000000
1587.751953	-210.000000	0.000000
1587.767944	-210.000000	0.000000
1587.784058	-210.000000	0.000000
1587.800049	-210.000000	0.000000
1587.816040	-86.410004	0.000000
1587.832031	-78.809998	0.000000
1587.848022	-79.529999	0.000000
1587.864014	-78.629997	0.000000
1587.880005	-210.000000	0.000000
1587.895996	-210.000000	0.000000
1587.911987	-82.430000	0.000000
1587.927979	-210.000000	0.000000
1587.943970	-85.900002	0.000000
1587.959961	-210.000000	0.000000
1587.975952	-86.410004	0.000000
1587.991943	-210.000000	0.000000
1588.008057	-86.980003	0.000000
1588.024048	-210.000000	0.000000
1588.040039	-210.000000	0.000000
1588.056030	-80.809998	0.000000
1588.072021	-90.660004	0.000000
1588.088013	-90.660004	0.000000
1588.104004	-82.419998	0.000000
1588.119995	-210.000000	0.000000
1588.135986	-210.000000	0.000000
1588.151978	-210.000000	0.000000
1588.167969	-76.510002	0.000000
1588.183960	-85.430000	0.000000
1588.199951	-210.000000	0.000000
1588.215942	-210.000000	0.000000
1588.232056	-210.000000	0.000000
1588.248047	-210.000000	0.000000
1588.264038	-82.879997	0.000000
1588.280029	-210.000000	0.000000
1588.296021	-86.980003	0.000000
1588.312012	-78.989998	0.000000
1588.328003	-210.000000	0.000000
1588.343994	-85.430000	0.000000
1588.359985	-80.959999	0.000000
1588.375977	-82.639999	0.000000
1588.391968	-210.000000	0.000000
1588.407959	-83.120003	0.000000
1588.423950	-210.000000	0.000000
1588.439941	-210.000000	0.000000
1588.456055	-82.010002	0.000000
1588.472046	-95.430000	0.000000
1588.488037	-85.430000	0.000000
1588.504028	-210.000000	0.000000
1588.520020	-210.000000	0.000000
1588.536011	-210.000000	0.000000
1588.552002	-81.449997	0.000000
1588.567993	-85.430000	0.000000
1588.583984	-83.120003	0.000000
1588.599976	-210.000000	0.000000
1588.615967	-88.440002	0.000000
1588.631958	-210.000000	0.000000
1588.647949	-210.000000	0.000000
1588.663940	-82.010002	0.000000
1588.680054	-78.110001	0.000000
1588.696045	-210.000000	0.000000
1588.712036	-210.000000	0.000000
1588.728027	-210.000000	0.000000
1588.744019	-210.000000	0.000000
1588.760010	-210.000000	0.000000
1588.776001	-80.660004	0.000000
1588.791992	-76.680000	0.000000
1588.807983	-88.440002	0.000000
1588.823975	-88.440002	0.000000
1588.839966	-81.120003	0.000000
1588.855957	-210.000000	0.000000
1588.871948	-84.290001	0.000000
1588.887939	-82.010002	0.000000
1588.904053	-210.000000	0.000000
1588.920044	-89.410004	0.000000
1588.936035	-210.000000	0.000000
1588.952026	-210.000000	0.000000
1588.968018	-81.120003	0.000000
1588.984009	-80.660004	0.000000
1589.000000	-210.000000	0.000000
1589.015991	-210.000000	0.000000
1589.031982	-95.430000	0.000000
1589.047974	-89.410004	0.000000
1589.063965	-210.000000	0.000000
1589.079956	-210.000000	0.000000
1589.095947	-80.660004	0.000000
1589.112061	-210.000000	0.000000
1589.128052	-85.430000	0.000000
1589.144043	-81.809998	0.000000
1589.160034	-84.639999	0.000000
1589.176025	-89.410004	0.000000
1589.192017	-92.419998	0.000000
1589.208008	-86.980003	0.000000
1589.223999	-81.449997	0.000000
1589.239990	-86.980003	0.000000
1589.255981	-210.000000	0.000000
1589.271973	-210.000000	0.000000
1589.287964	-83.120003	0.000000
1589.303955	-82.209999	0.000000
1589.319946	-210.000000	0.000000
1589.336060	-210.000000	0.000000
1589.352051	-210.000000	0.000000
1589.368042	-210.000000	0.000000
1589.384033	-83.669998	0.000000
1589.400024	-210.000000	0.000000
1589.416016	-80.379997	0.000000
1589.432007	-210.000000	0.000000
1589.447998	-92.419998	0.000000
1589.463989	-210.000000	0.000000
1589.479980	-210.000000	0.000000
1589.495972	-210.000000	0.000000
1589.511963	-210.000000	0.000000
1589.527954	-210.000000	0.000000
1589.543945	-210.000000	0.000000
1589.560059	-210.000000	0.000000
1589.576050	-210.000000	0.000000
1589.592041	-82.209999	0.000000
1589.608032	-84.639999	0.000000
1589.624023	-80.959999	0.000000
1589.640015	-210.000000	0.000000
1589.656006	-210.000000	0.000000
1589.671997	-210.000000	0.000000
1589.687988	-79.519997	0.000000
1589.703979	-79.870003	0.000000
1589.719971	-210.000000	0.000000
1589.735962	-210.000000	0.000000
1589.751953	-95.430000	0.000000
1589.767944	-84.290001	0.000000
1589.784058	-210.000000	0.000000
1589.800049	-83.120003	0.000000
1589.816040	-210.000000	0.000000
1589.832031	-83.389999	0.000000
1589.848022	-210.000000	0.000000
1589.864014	-83.970001	0.000000
1589.880005	-85.430000	0.000000
1589.895996	-210.000000	0.000000
1589.911987	-210.000000	0.000000
1589.927979	-210.000000	0.000000
1589.943970	-210.000000	0.000000
1589.959961	-79.199997	0.000000
1589.975952	-210.000000	0.000000
1589.991943	-210.000000	0.000000
1590.008057	-88.440002	0.000000
1590.024048	-210.000000	0.000000
1590.040039	-90.660004	0.000000
1590.056030	-210.000000	0.000000
1590.072021	-90.660004	0.000000
1590.088013	-80.239998	0.000000
1590.104004	-210.000000	0.000000
1590.119995	-79.089996	0.000000
1590.135986	-80.519997	0.000000
1590.151978	-210.000000	0.000000
1590.167969	-95.430000	0.000000
1590.183960	-80.809998	0.000000
1590.199951	-210.000000	0.000000
1590.215942	-82.010002	0.000000
1590.232056	-210.000000	0.000000
1590.248047	-210.000000	0.000000
1590.264038	-80.959999	0.000000
1590.280029	-210.000000	0.000000
1590.296021	-210.000000	0.000000
1590.312012	-86.980003	0.000000
1590.328003	-210.000000	0.000000
1590.343994	-210.000000	0.000000
1590.359985	-82.419998	0.000000
1590.375977	-85.430000	0.000000
1590.391968	-85.019997	0.000000
1590.407959	-210.000000	0.000000
1590.423950	-210.000000	0.000000
1590.439941	-210.000000	0.000000
1590.456055	-87.650002	0.000000
1590.472046	-210.000000	0.000000
1590.488037	-90.660004	0.000000
1590.504028	-210.000000	0.000000
1590.520020	-210.000000	0.000000
1590.536011	-210.000000	0.000000
1590.552002	-210.000000	0.000000
1590.567993	-210.000000	0.000000
1590.583984	-210.000000	0.000000
1590.599976	-90.650002	0.000000
1590.615967	-82.199997	0.000000
1590.631958	-210.000000	0.000000
1590.647949	-85.010002	0.000000
1590.663940	-210.000000	0.000000
1590.680054	-80.510002	0.000000
1590.696045	-210.000000	0.000000
1590.712036	-210.000000	0.000000
1590.728027	-210.000000	0.000000
1590.744019	-95.419998	0.000000
1590.760010	-210.000000	0.000000
1590.776001	-210.000000	0.000000
1590.791992	-79.980003	0.000000
1590.807983	-87.639999	0.000000
1590.823975	-210.000000	0.000000
1590.839966	-81.110001	0.000000
1590.855957	-83.660004	0.000000
1590.871948	-210.000000	0.000000
1590.887939	-210.000000	0.000000
1590.904053	-90.650002	0.000000
1590.920044	-210.000000	0.000000
1590.936035	-210.000000	0.000000
1590.952026	-84.279999	0.000000
1590.968018	-210.000000	0.000000
1590.984009	-210.000000	0.000000
1591.000000	-80.230003	0.000000
