Wavelength (nm)	Transmission (dBm)	Linear Transmission
1575.000000	-210.000000	0.000000
1575.015991	-210.000000	0.000000
1575.031982	-210.000000	0.000000
1575.047974	-80.239998	0.000000
1575.063965	-78.709999	0.000000
1575.079956	-89.410004	0.000000
1575.095947	-210.000000	0.000000
1575.112061	-210.000000	0.000000
1575.128052	-90.660004	0.000000
1575.144043	-210.000000	0.000000
1575.160034	-85.889999	0.000000
1575.176025	-210.000000	0.000000
1575.192017	-210.000000	0.000000
1575.208008	-210.000000	0.000000
1575.223999	-210.000000	0.000000
1575.239990	-82.209999	0.000000
1575.255981	-95.430000	0.000000
1575.271973	-210.000000	0.000000
1575.287964	-80.110001	0.000000
1575.303955	-210.000000	0.000000
1575.319946	-210.000000	0.000000
1575.336060	-210.000000	0.000000
1575.352051	-82.879997	0.000000
1575.368042	-210.000000	0.000000
1575.384033	-87.650002	0.000000
1575.400024	-210.000000	0.000000
1575.416016	-210.000000	0.000000
1575.432007	-82.879997	0.000000
1575.447998	-210.000000	0.000000
1575.463989	-80.959999	0.000000
1575.479980	-80.519997	0.000000
1575.495972	-82.650002	0.000000
1575.511963	-210.000000	0.000000
1575.527954	-210.000000	0.000000
1575.543945	-83.680000	0.000000
1575.560059	-85.900002	0.000000
1575.576050	-210.000000	0.000000
1575.592041	-85.029999	0.000000
1575.608032	-81.820000	0.000000
1575.624023	-83.129997	0.000000
1575.640015	-210.000000	0.000000
1575.656006	-87.660004	0.000000
1575.671997	-210.000000	0.000000
1575.687988	-210.000000	0.000000
1575.703979	-210.000000	0.000000
1575.719971	-83.680000	0.000000
1575.735962	-210.000000	0.000000
1575.751953	-84.650002	0.000000
1575.767944	-92.430000	0.000000
1575.784058	-210.000000	0.000000
1575.800049	-79.099998	0.000000
1575.816040	-82.019997	0.000000
1575.832031	-210.000000	0.000000
1575.848022	-78.199997	0.000000
1575.864014	-83.400002	0.000000
1575.880005	-210.000000	0.000000
1575.895996	-84.650002	0.000000
1575.911987	-80.820000	0.000000
1575.927979	-83.400002	0.000000
1575.943970	-210.000000	0.000000
1575.959961	-85.440002	0.000000
1575.975952	-87.660004	0.000000
1575.991943	-210.000000	0.000000
1576.008057	-210.000000	0.000000
1576.024048	-210.000000	0.000000
1576.040039	-85.029999	0.000000
1576.056030	-79.099998	0.000000
1576.072021	-83.980003	0.000000
1576.088013	-210.000000	0.000000
1576.104004	-79.879997	0.000000
1576.119995	-86.410004	0.000000
1576.135986	-86.410004	0.000000
1576.151978	-83.680000	0.000000
1576.167969	-210.000000	0.000000
1576.183960	-210.000000	0.000000
1576.199951	-210.000000	0.000000
1576.215942	-210.000000	0.000000
1576.232056	-210.000000	0.000000
1576.248047	-81.639999	0.000000
1576.264038	-210.000000	0.000000
1576.280029	-82.019997	0.000000
1576.296021	-85.029999	0.000000
1576.312012	-80.970001	0.000000
1576.328003	-80.529999	0.000000
1576.343994	-80.000000	0.000000
1576.359985	-210.000000	0.000000
1576.375977	-210.000000	0.000000
1576.391968	-89.419998	0.000000
1576.407959	-210.000000	0.000000
1576.423950	-77.809998	0.000000
1576.439941	-82.220001	0.000000
1576.456055	-210.000000	0.000000
1576.472046	-85.900002	0.000000
1576.488037	-90.669998	0.000000
1576.504028	-77.660004	0.000000
1576.520020	-78.720001	0.000000
1576.536011	-78.809998	0.000000
1576.552002	-210.000000	0.000000
1576.567993	-78.449997	0.000000
1576.583984	-83.980003	0.000000
1576.599976	-77.589996	0.000000
1576.615967	-78.279999	0.000000
1576.631958	-82.430000	0.000000
1576.647949	-82.650002	0.000000
1576.663940	-86.410004	0.000000
1576.680054	-81.290001	0.000000
1576.696045	-80.529999	0.000000
1576.712036	-92.430000	0.000000
1576.728027	-83.129997	0.000000
1576.744019	-210.000000	0.000000
1576.760010	-88.449997	0.000000
1576.776001	-82.220001	0.000000
1576.791992	-92.430000	0.000000
1576.807983	-76.809998	0.000000
1576.823975	-85.029999	0.000000
1576.839966	-80.820000	0.000000
1576.855957	-82.430000	0.000000
1576.871948	-210.000000	0.000000
1576.887939	-81.639999	0.000000
1576.904053	-210.000000	0.000000
1576.920044	-210.000000	0.000000
1576.936035	-78.809998	0.000000
1576.952026	-83.400002	0.000000
1576.968018	-88.449997	0.000000
1576.984009	-79.639999	0.000000
1577.000000	-81.129997	0.000000
1577.015991	-80.669998	0.000000
1577.031982	-82.019997	0.000000
1577.047974	-88.449997	0.000000
1577.063965	-82.430000	0.000000
1577.079956	-77.879997	0.000000
1577.095947	-82.650002	0.000000
1577.112061	-210.000000	0.000000
1577.128052	-210.000000	0.000000
1577.144043	-79.000000	0.000000
1577.160034	-83.980003	0.000000
1577.176025	-82.889999	0.000000
1577.192017	-84.300003	0.000000
1577.208008	-89.419998	0.000000
1577.223999	-210.000000	0.000000
1577.239990	-210.000000	0.000000
1577.255981	-77.309998	0.000000
1577.271973	-80.000000	0.000000
1577.287964	-79.639999	0.000000
1577.303955	-87.660004	0.000000
1577.319946	-82.889999	0.000000
1577.336060	-80.250000	0.000000
1577.352051	-90.669998	0.000000
1577.368042	-78.720001	0.000000
1577.384033	-79.309998	0.000000
1577.400024	-82.889999	0.000000
1577.416016	-79.209999	0.000000
1577.432007	-80.250000	0.000000
1577.447998	-83.129997	0.000000
1577.463989	-78.910004	0.000000
1577.479980	-77.809998	0.000000
1577.495972	-79.639999	0.000000
1577.511963	-80.669998	0.000000
1577.527954	-76.809998	0.000000
1577.543945	-80.000000	0.000000
1577.560059	-83.980003	0.000000
1577.576050	-80.389999	0.000000
1577.592041	-78.910004	0.000000
1577.608032	-83.680000	0.000000
1577.624023	-81.290001	0.000000
1577.640015	-76.930000	0.000000
1577.656006	-78.449997	0.000000
1577.671997	-77.379997	0.000000
1577.687988	-76.750000	0.000000
1577.703979	-78.449997	0.000000
1577.719971	-77.050003	0.000000
1577.735962	-75.029999	0.000000
1577.751953	-76.750000	0.000000
1577.767944	-210.000000	0.000000
1577.784058	-78.629997	0.000000
1577.800049	-77.959999	0.000000
1577.816040	-76.410004	0.000000
1577.832031	-75.440002	0.000000
1577.848022	-75.989998	0.000000
1577.864014	-74.989998	0.000000
1577.880005	-78.040001	0.000000
1577.895996	-77.110001	0.000000
1577.911987	-78.629997	0.000000
1577.927979	-77.239998	0.000000
1577.943970	-75.989998	0.000000
1577.959961	-77.239998	0.000000
1577.975952	-76.199997	0.000000
1577.991943	-78.639999	0.000000
1578.008057	-74.690002	0.000000
1578.024048	-77.669998	0.000000
1578.040039	-79.110001	0.000000
1578.056030	-76.099998	0.000000
1578.072021	-75.489998	0.000000
1578.088013	-77.000000	0.000000
1578.104004	-76.099998	0.000000
1578.119995	-77.889999	0.000000
1578.135986	-76.360001	0.000000
1578.151978	-75.860001	0.000000
1578.167969	-77.529999	0.000000
1578.183960	-75.040001	0.000000
1578.199951	-75.320000	0.000000
1578.215942	-75.320000	0.000000
1578.232056	-74.959999	0.000000
1578.248047	-76.309998	0.000000
1578.264038	-76.309998	0.000000
1578.280029	-76.209999	0.000000
1578.296021	-76.360001	0.000000
1578.312012	-75.000000	0.000000
1578.328003	-74.919998	0.000000
1578.343994	-75.720001	0.000000
1578.359985	-75.320000	0.000000
1578.375977	-74.050003	0.000000
1578.391968	-74.879997	0.000000
1578.407959	-76.529999	0.000000
1578.423950	-74.550003	0.000000
1578.439941	-74.769997	0.000000
1578.456055	-74.480003	0.000000
1578.472046	-75.239998	0.000000
1578.488037	-74.110001	0.000000
1578.504028	-74.589996	0.000000
1578.520020	-75.669998	0.000000
1578.536011	-75.860001	0.000000
1578.552002	-75.120003	0.000000
1578.567993	-74.410004	0.000000
1578.583984	-75.120003	0.000000
1578.599976	-73.839996	0.000000
1578.615967	-73.199997	0.000000
1578.631958	-75.279999	0.000000
1578.647949	-74.550003	0.000000
1578.663940	-73.459999	0.000000
1578.680054	-74.150002	0.000000
1578.696045	-73.989998	0.000000
1578.712036	-73.690002	0.000000
1578.728027	-73.169998	0.000000
1578.744019	-72.949997	0.000000
1578.760010	-73.220001	0.000000
1578.776001	-72.680000	0.000000
1578.791992	-72.150002	0.000000
1578.807983	-71.559998	0.000000
1578.823975	-71.739998	0.000000
1578.839966	-71.889999	0.000000
1578.855957	-71.669998	0.000000
1578.871948	-70.110001	0.000000
1578.887939	-70.239998	0.000000
1578.904053	-70.480003	0.000000
1578.920044	-70.620003	0.000000
1578.936035	-69.919998	0.000000
1578.952026	-70.260002	0.000000
1578.968018	-69.860001	0.000000
1578.984009	-69.000000	0.000000
1579.000000	-68.820000	0.000000
1579.015991	-68.279999	0.000000
1579.031982	-68.720001	0.000000
1579.047974	-68.389999	0.000000
1579.063965	-68.400002	0.000000
1579.079956	-68.209999	0.000000
1579.095947	-67.940002	0.000000
1579.112061	-67.550003	0.000000
1579.128052	-67.110001	0.000000
1579.144043	-67.250000	0.000000
1579.160034	-67.199997	0.000000
1579.176025	-66.860001	0.000000
1579.192017	-66.919998	0.000000
1579.208008	-67.050003	0.000000
1579.223999	-67.040001	0.000000
1579.239990	-66.779999	0.000000
1579.255981	-66.389999	0.000000
1579.271973	-66.059998	0.000000
1579.287964	-66.040001	0.000000
1579.303955	-66.099998	0.000000
1579.319946	-66.120003	0.000000
1579.336060	-66.089996	0.000000
1579.352051	-66.150002	0.000000
1579.368042	-65.889999	0.000000
1579.384033	-65.860001	0.000000
1579.400024	-65.500000	0.000000
1579.416016	-65.510002	0.000000
1579.432007	-65.470001	0.000000
1579.447998	-65.349998	0.000000
1579.463989	-65.599998	0.000000
1579.479980	-65.769997	0.000000
1579.495972	-65.610001	0.000000
1579.511963	-65.430000	0.000000
1579.527954	-65.150002	0.000000
1579.543945	-65.040001	0.000000
1579.560059	-64.760002	0.000000
1579.576050	-64.989998	0.000000
1579.592041	-65.000000	0.000000
1579.608032	-65.040001	0.000000
1579.624023	-65.260002	0.000000
1579.640015	-65.070000	0.000000
1579.656006	-65.220001	0.000000
1579.671997	-65.089996	0.000000
1579.687988	-64.849998	0.000000
1579.703979	-64.739998	0.000000
1579.719971	-64.410004	0.000000
1579.735962	-64.360001	0.000000
1579.751953	-64.300003	0.000000
1579.767944	-64.260002	0.000000
1579.784058	-64.290001	0.000000
1579.800049	-64.160004	0.000000
1579.816040	-64.150002	0.000000
1579.832031	-63.980000	0.000000
1579.848022	-63.779999	0.000000
1579.864014	-63.419998	0.000000
1579.880005	-62.910000	0.000001
1579.895996	-62.419998	0.000001
1579.911987	-62.119999	0.000001
1579.927979	-61.830002	0.000001
1579.943970	-61.689999	0.000001
1579.959961	-61.590000	0.000001
1579.975952	-61.480000	0.000001
1579.991943	-61.220001	0.000001
1580.008057	-60.799999	0.000001
1580.024048	-60.189999	0.000001
1580.040039	-59.730000	0.000001
1580.056030	-59.130001	0.000001
1580.072021	-58.560001	0.000001
1580.088013	-58.230000	0.000002
1580.104004	-57.950001	0.000002
1580.119995	-57.770000	0.000002
1580.135986	-57.680000	0.000002
1580.151978	-57.560001	0.000002
1580.167969	-57.410000	0.000002
1580.183960	-57.169998	0.000002
1580.199951	-56.919998	0.000002
1580.215942	-56.549999	0.000002
1580.232056	-56.200001	0.000002
1580.248047	-55.900002	0.000003
1580.264038	-55.570000	0.000003
1580.280029	-55.369999	0.000003
1580.296021	-55.240002	0.000003
1580.312012	-55.130001	0.000003
1580.328003	-55.090000	0.000003
1580.343994	-55.060001	0.000003
1580.359985	-55.009998	0.000003
1580.375977	-54.900002	0.000003
1580.391968	-54.709999	0.000003
1580.407959	-54.500000	0.000004
1580.423950	-54.320000	0.000004
1580.439941	-54.139999	0.000004
1580.456055	-53.980000	0.000004
1580.472046	-53.830002	0.000004
1580.488037	-53.740002	0.000004
1580.504028	-53.709999	0.000004
1580.520020	-53.759998	0.000004
1580.536011	-53.810001	0.000004
1580.552002	-53.830002	0.000004
1580.567993	-53.740002	0.000004
1580.583984	-53.549999	0.000004
1580.599976	-53.250000	0.000005
1580.615967	-53.060001	0.000005
1580.631958	-53.020000	0.000005
1580.647949	-53.009998	0.000005
1580.663940	-53.009998	0.000005
1580.680054	-53.040001	0.000005
1580.696045	-53.080002	0.000005
1580.712036	-53.040001	0.000005
1580.728027	-52.919998	0.000005
1580.744019	-52.709999	0.000005
1580.760010	-52.470001	0.000006
1580.776001	-52.299999	0.000006
1580.791992	-52.250000	0.000006
1580.807983	-52.259998	0.000006
1580.823975	-52.320000	0.000006
1580.839966	-52.369999	0.000006
1580.855957	-52.299999	0.000006
1580.871948	-52.130001	0.000006
1580.887939	-51.830002	0.000007
1580.904053	-51.599998	0.000007
1580.920044	-51.419998	0.000007
1580.936035	-51.320000	0.000007
1580.952026	-51.200001	0.000008
1580.968018	-51.220001	0.000008
1580.984009	-51.250000	0.000007
1581.000000	-51.250000	0.000007
1581.015991	-51.160000	0.000008
1581.031982	-51.009998	0.000008
1581.047974	-50.799999	0.000008
1581.063965	-50.580002	0.000009
1581.079956	-50.470001	0.000009
1581.095947	-50.410000	0.000009
1581.112061	-50.430000	0.000009
1581.128052	-50.490002	0.000009
1581.144043	-50.560001	0.000009
1581.160034	-50.590000	0.000009
1581.176025	-50.450001	0.000009
1581.192017	-50.230000	0.000009
1581.208008	-50.020000	0.000010
1581.223999	-49.959999	0.000010
1581.239990	-49.930000	0.000010
1581.255981	-49.959999	0.000010
1581.271973	-50.020000	0.000010
1581.287964	-50.080002	0.000010
1581.303955	-50.110001	0.000010
1581.319946	-50.090000	0.000010
1581.336060	-50.000000	0.000010
1581.352051	-49.840000	0.000010
1581.368042	-49.750000	0.000011
1581.384033	-49.700001	0.000011
1581.400024	-49.709999	0.000011
1581.416016	-49.759998	0.000011
1581.432007	-49.889999	0.000010
1581.447998	-50.029999	0.000010
1581.463989	-50.090000	0.000010
1581.479980	-50.020000	0.000010
1581.495972	-49.889999	0.000010
1581.511963	-49.799999	0.000010
1581.527954	-49.759998	0.000011
1581.543945	-49.779999	0.000011
1581.560059	-49.830002	0.000010
1581.576050	-49.930000	0.000010
1581.592041	-50.049999	0.000010
1581.608032	-50.139999	0.000010
1581.624023	-50.180000	0.000010
1581.640015	-50.080002	0.000010
1581.656006	-49.950001	0.000010
1581.671997	-49.849998	0.000010
1581.687988	-49.820000	0.000010
1581.703979	-49.860001	0.000010
1581.719971	-49.959999	0.000010
1581.735962	-50.099998	0.000010
1581.751953	-50.180000	0.000010
1581.767944	-50.110001	0.000010
1581.784058	-49.959999	0.000010
1581.800049	-49.849998	0.000010
1581.816040	-49.740002	0.000011
1581.832031	-49.680000	0.000011
1581.848022	-49.660000	0.000011
1581.864014	-49.680000	0.000011
1581.880005	-49.730000	0.000011
1581.895996	-49.799999	0.000010
1581.911987	-49.830002	0.000010
1581.927979	-49.730000	0.000011
1581.943970	-49.540001	0.000011
1581.959961	-49.320000	0.000012
1581.975952	-49.209999	0.000012
1581.991943	-49.169998	0.000012
1582.008057	-49.180000	0.000012
1582.024048	-49.240002	0.000012
1582.040039	-49.290001	0.000012
1582.056030	-49.279999	0.000012
1582.072021	-49.169998	0.000012
1582.088013	-49.020000	0.000013
1582.104004	-48.830002	0.000013
1582.119995	-48.669998	0.000014
1582.135986	-48.590000	0.000014
1582.151978	-48.549999	0.000014
1582.167969	-48.560001	0.000014
1582.183960	-48.599998	0.000014
1582.199951	-48.619999	0.000014
1582.215942	-48.509998	0.000014
1582.232056	-48.310001	0.000015
1582.248047	-48.049999	0.000016
1582.264038	-47.900002	0.000016
1582.280029	-47.840000	0.000016
1582.296021	-47.820000	0.000017
1582.312012	-47.840000	0.000016
1582.328003	-47.869999	0.000016
1582.343994	-47.869999	0.000016
1582.359985	-47.810001	0.000017
1582.375977	-47.720001	0.000017
1582.391968	-47.520000	0.000018
1582.407959	-47.310001	0.000019
1582.423950	-47.169998	0.000019
1582.439941	-47.070000	0.000020
1582.456055	-47.060001	0.000020
1582.472046	-47.099998	0.000019
1582.488037	-47.160000	0.000019
1582.504028	-47.200001	0.000019
1582.520020	-47.110001	0.000019
1582.536011	-46.889999	0.000020
1582.552002	-46.700001	0.000021
1582.567993	-46.610001	0.000022
1582.583984	-46.549999	0.000022
1582.599976	-46.549999	0.000022
1582.615967	-46.599998	0.000022
1582.631958	-46.680000	0.000021
1582.647949	-46.770000	0.000021
1582.663940	-46.820000	0.000021
1582.680054	-46.790001	0.000021
1582.696045	-46.680000	0.000021
1582.712036	-46.580002	0.000022
1582.728027	-46.540001	0.000022
1582.744019	-46.580002	0.000022
1582.760010	-46.689999	0.000021
1582.776001	-46.849998	0.000021
1582.791992	-47.080002	0.000020
1582.807983	-47.259998	0.000019
1582.823975	-47.310001	0.000019
1582.839966	-47.320000	0.000019
1582.855957	-47.320000	0.000019
1582.871948	-47.340000	0.000018
1582.887939	-47.410000	0.000018
1582.904053	-47.540001	0.000018
1582.920044	-47.720001	0.000017
1582.936035	-47.990002	0.000016
1582.952026	-48.290001	0.000015
1582.968018	-48.540001	0.000014
1582.984009	-48.660000	0.000014
1583.000000	-48.660000	0.000014
1583.015991	-48.660000	0.000014
1583.031982	-48.720001	0.000013
1583.047974	-48.860001	0.000013
1583.063965	-49.060001	0.000012
1583.079956	-49.389999	0.000012
1583.095947	-49.730000	0.000011
1583.112061	-49.910000	0.000010
1583.128052	-49.950001	0.000010
1583.144043	-49.919998	0.000010
1583.160034	-49.889999	0.000010
1583.176025	-49.900002	0.000010
1583.192017	-49.959999	0.000010
1583.208008	-50.040001	0.000010
1583.223999	-50.200001	0.000010
1583.239990	-50.400002	0.000009
1583.255981	-50.560001	0.000009
1583.271973	-50.610001	0.000009
1583.287964	-50.500000	0.000009
1583.303955	-50.380001	0.000009
1583.319946	-50.340000	0.000009
1583.336060	-50.389999	0.000009
1583.352051	-50.490002	0.000009
1583.368042	-50.639999	0.000009
1583.384033	-50.869999	0.000008
1583.400024	-51.040001	0.000008
1583.416016	-51.110001	0.000008
1583.432007	-51.049999	0.000008
1583.447998	-50.939999	0.000008
1583.463989	-50.830002	0.000008
1583.479980	-50.790001	0.000008
1583.495972	-50.830002	0.000008
1583.511963	-50.959999	0.000008
1583.527954	-51.139999	0.000008
1583.543945	-51.369999	0.000007
1583.560059	-51.520000	0.000007
1583.576050	-51.389999	0.000007
1583.592041	-51.200001	0.000008
1583.608032	-51.080002	0.000008
1583.624023	-51.049999	0.000008
1583.640015	-51.099998	0.000008
1583.656006	-51.200001	0.000008
1583.671997	-51.349998	0.000007
1583.687988	-51.470001	0.000007
1583.703979	-51.509998	0.000007
1583.719971	-51.419998	0.000007
1583.735962	-51.220001	0.000008
1583.751953	-51.000000	0.000008
1583.767944	-50.880001	0.000008
1583.784058	-50.840000	0.000008
1583.800049	-50.889999	0.000008
1583.816040	-50.970001	0.000008
1583.832031	-51.099998	0.000008
1583.848022	-51.189999	0.000008
1583.864014	-51.110001	0.000008
1583.880005	-50.880001	0.000008
1583.895996	-50.650002	0.000009
1583.911987	-50.540001	0.000009
1583.927979	-50.470001	0.000009
1583.943970	-50.480000	0.000009
1583.959961	-50.540001	0.000009
1583.975952	-50.650002	0.000009
1583.991943	-50.770000	0.000008
1584.008057	-50.810001	0.000008
1584.024048	-50.689999	0.000009
1584.040039	-50.450001	0.000009
1584.056030	-50.279999	0.000009
1584.072021	-50.220001	0.000010
1584.088013	-50.290001	0.000009
1584.104004	-50.389999	0.000009
1584.119995	-50.570000	0.000009
1584.135986	-50.740002	0.000008
1584.151978	-50.820000	0.000008
1584.167969	-50.740002	0.000008
1584.183960	-50.650002	0.000009
1584.199951	-50.580002	0.000009
1584.215942	-50.560001	0.000009
1584.232056	-50.599998	0.000009
1584.248047	-50.680000	0.000009
1584.264038	-50.869999	0.000008
1584.280029	-51.080002	0.000008
1584.296021	-51.299999	0.000007
1584.312012	-51.470001	0.000007
1584.328003	-51.470001	0.000007
1584.343994	-51.360001	0.000007
1584.359985	-51.320000	0.000007
1584.375977	-51.349998	0.000007
1584.391968	-51.459999	0.000007
1584.407959	-51.639999	0.000007
1584.423950	-51.860001	0.000007
1584.439941	-52.160000	0.000006
1584.456055	-52.310001	0.000006
1584.472046	-52.290001	0.000006
1584.488037	-52.200001	0.000006
1584.504028	-52.119999	0.000006
1584.520020	-52.090000	0.000006
1584.536011	-52.150002	0.000006
1584.552002	-52.290001	0.000006
1584.567993	-52.480000	0.000006
1584.583984	-52.740002	0.000005
1584.599976	-52.919998	0.000005
1584.615967	-52.910000	0.000005
1584.631958	-52.740002	0.000005
1584.647949	-52.619999	0.000005
1584.663940	-52.630001	0.000005
1584.680054	-52.689999	0.000005
1584.696045	-52.790001	0.000005
1584.712036	-52.900002	0.000005
1584.728027	-53.070000	0.000005
1584.744019	-53.189999	0.000005
1584.760010	-53.240002	0.000005
1584.776001	-53.150002	0.000005
1584.791992	-53.020000	0.000005
1584.807983	-52.990002	0.000005
1584.823975	-53.020000	0.000005
1584.839966	-53.110001	0.000005
1584.855957	-53.279999	0.000005
1584.871948	-53.459999	0.000005
1584.887939	-53.709999	0.000004
1584.904053	-53.860001	0.000004
1584.920044	-53.889999	0.000004
1584.936035	-53.810001	0.000004
1584.952026	-53.759998	0.000004
1584.968018	-53.770000	0.000004
1584.984009	-53.869999	0.000004
1585.000000	-54.029999	0.000004
1585.015991	-54.340000	0.000004
1585.031982	-54.580002	0.000003
1585.047974	-54.639999	0.000003
1585.063965	-54.590000	0.000003
1585.079956	-54.470001	0.000004
1585.095947	-54.400002	0.000004
1585.112061	-54.400002	0.000004
1585.128052	-54.490002	0.000004
1585.144043	-54.580002	0.000003
1585.160034	-54.720001	0.000003
1585.176025	-54.900002	0.000003
1585.192017	-55.009998	0.000003
1585.208008	-54.990002	0.000003
1585.223999	-54.830002	0.000003
1585.239990	-54.669998	0.000003
1585.255981	-54.540001	0.000004
1585.271973	-54.480000	0.000004
1585.287964	-54.490002	0.000004
1585.303955	-54.590000	0.000003
1585.319946	-54.680000	0.000003
1585.336060	-54.669998	0.000003
1585.352051	-54.590000	0.000003
1585.368042	-54.419998	0.000004
1585.384033	-54.209999	0.000004
1585.400024	-54.000000	0.000004
1585.416016	-53.919998	0.000004
1585.432007	-53.910000	0.000004
1585.447998	-53.910000	0.000004
1585.463989	-54.000000	0.000004
1585.479980	-54.070000	0.000004
1585.495972	-54.090000	0.000004
1585.511963	-54.000000	0.000004
1585.527954	-53.849998	0.000004
1585.543945	-53.689999	0.000004
1585.560059	-53.610001	0.000004
1585.576050	-53.610001	0.000004
1585.592041	-53.680000	0.000004
1585.608032	-53.770000	0.000004
1585.624023	-53.830002	0.000004
1585.640015	-53.840000	0.000004
1585.656006	-53.820000	0.000004
1585.671997	-53.759998	0.000004
1585.687988	-53.650002	0.000004
1585.703979	-53.580002	0.000004
1585.719971	-53.549999	0.000004
1585.735962	-53.599998	0.000004
1585.751953	-53.709999	0.000004
1585.767944	-53.860001	0.000004
1585.784058	-54.000000	0.000004
1585.800049	-54.099998	0.000004
1585.816040	-54.080002	0.000004
1585.832031	-53.990002	0.000004
1585.848022	-53.939999	0.000004
1585.864014	-53.939999	0.000004
1585.880005	-54.000000	0.000004
1585.895996	-54.110001	0.000004
1585.911987	-54.189999	0.000004
1585.927979	-54.250000	0.000004
1585.943970	-54.330002	0.000004
1585.959961	-54.369999	0.000004
1585.975952	-54.310001	0.000004
1585.991943	-54.240002	0.000004
1586.008057	-54.200001	0.000004
1586.024048	-54.220001	0.000004
1586.040039	-54.330002	0.000004
1586.056030	-54.490002	0.000004
1586.072021	-54.650002	0.000003
1586.088013	-54.799999	0.000003
1586.104004	-54.830002	0.000003
1586.119995	-54.799999	0.000003
1586.135986	-54.790001	0.000003
1586.151978	-54.820000	0.000003
1586.167969	-54.889999	0.000003
1586.183960	-54.990002	0.000003
1586.199951	-55.139999	0.000003
1586.215942	-55.259998	0.000003
1586.232056	-55.459999	0.000003
1586.248047	-55.630001	0.000003
1586.264038	-55.730000	0.000003
1586.280029	-55.759998	0.000003
1586.296021	-55.750000	0.000003
1586.312012	-55.759998	0.000003
1586.328003	-55.910000	0.000003
1586.343994	-56.200001	0.000002
1586.359985	-56.480000	0.000002
1586.375977	-56.799999	0.000002
1586.391968	-57.009998	0.000002
1586.407959	-57.110001	0.000002
1586.423950	-57.259998	0.000002
1586.439941	-57.380001	0.000002
1586.456055	-57.599998	0.000002
1586.472046	-57.900002	0.000002
1586.488037	-58.150002	0.000002
1586.504028	-58.419998	0.000001
1586.520020	-58.799999	0.000001
1586.536011	-59.180000	0.000001
1586.552002	-59.480000	0.000001
1586.567993	-59.599998	0.000001
1586.583984	-59.590000	0.000001
1586.599976	-59.619999	0.000001
1586.615967	-59.820000	0.000001
1586.631958	-60.119999	0.000001
1586.647949	-60.419998	0.000001
1586.663940	-60.759998	0.000001
1586.680054	-60.930000	0.000001
1586.696045	-61.070000	0.000001
1586.712036	-61.270000	0.000001
1586.728027	-61.310001	0.000001
1586.744019	-61.380001	0.000001
1586.760010	-61.480000	0.000001
1586.776001	-61.540001	0.000001
1586.791992	-61.779999	0.000001
1586.807983	-61.880001	0.000001
1586.823975	-61.980000	0.000001
1586.839966	-62.200001	0.000001
1586.855957	-62.299999	0.000001
1586.871948	-62.270000	0.000001
1586.887939	-62.230000	0.000001
1586.904053	-62.180000	0.000001
1586.920044	-62.189999	0.000001
1586.936035	-62.189999	0.000001
1586.952026	-62.360001	0.000001
1586.968018	-62.419998	0.000001
1586.984009	-62.580002	0.000001
1587.000000	-62.810001	0.000001
1587.015991	-63.180000	0.000000
1587.031982	-63.189999	0.000000
1587.047974	-63.509998	0.000000
1587.063965	-63.320000	0.000000
1587.079956	-63.389999	0.000000
1587.095947	-63.730000	0.000000
1587.112061	-64.160004	0.000000
1587.128052	-64.300003	0.000000
1587.144043	-64.629997	0.000000
1587.160034	-65.000000	0.000000
1587.176025	-65.250000	0.000000
1587.192017	-65.379997	0.000000
1587.208008	-65.330002	0.000000
1587.223999	-65.589996	0.000000
1587.239990	-65.720001	0.000000
1587.255981	-65.769997	0.000000
1587.271973	-65.959999	0.000000
1587.287964	-66.440002	0.000000
1587.303955	-66.790001	0.000000
1587.319946	-67.010002	0.000000
1587.336060	-67.690002	0.000000
1587.352051	-67.419998	0.000000
1587.368042	-67.160004	0.000000
1587.384033	-67.389999	0.000000
1587.400024	-67.669998	0.000000
1587.416016	-67.839996	0.000000
1587.432007	-68.250000	0.000000
1587.447998	-68.500000	0.000000
1587.463989	-68.519997	0.000000
1587.479980	-69.019997	0.000000
1587.495972	-68.849998	0.000000
1587.511963	-68.970001	0.000000
1587.527954	-68.699997	0.000000
1587.543945	-68.980003	0.000000
1587.560059	-69.500000	0.000000
1587.576050	-69.339996	0.000000
1587.592041	-69.440002	0.000000
1587.608032	-70.000000	0.000000
1587.624023	-70.209999	0.000000
1587.640015	-69.839996	0.000000
1587.656006	-69.720001	0.000000
1587.671997	-69.110001	0.000000
1587.687988	-69.470001	0.000000
1587.703979	-69.389999	0.000000
1587.719971	-69.519997	0.000000
1587.735962	-70.139999	0.000000
1587.751953	-69.660004	0.000000
1587.767944	-70.019997	0.000000
1587.784058	-69.500000	0.000000
1587.800049	-69.650002	0.000000
1587.816040	-69.839996	0.000000
1587.832031	-69.599998	0.000000
1587.848022	-69.760002	0.000000
1587.864014	-70.199997	0.000000
1587.880005	-69.940002	0.000000
1587.895996	-70.440002	0.000000
1587.911987	-70.709999	0.000000
1587.927979	-69.949997	0.000000
1587.943970	-70.139999	0.000000
1587.959961	-69.940002	0.000000
1587.975952	-69.940002	0.000000
1587.991943	-69.580002	0.000000
1588.008057	-69.760002	0.000000
1588.024048	-70.360001	0.000000
1588.040039	-70.220001	0.000000
1588.056030	-70.660004	0.000000
1588.072021	-70.489998	0.000000
1588.088013	-70.849998	0.000000
1588.104004	-70.589996	0.000000
1588.119995	-70.099998	0.000000
1588.135986	-70.540001	0.000000
1588.151978	-70.199997	0.000000
1588.167969	-70.099998	0.000000
1588.183960	-71.330002	0.000000
1588.199951	-70.790001	0.000000
1588.215942	-71.379997	0.000000
1588.232056	-71.849998	0.000000
1588.248047	-71.300003	0.000000
1588.264038	-70.559998	0.000000
1588.280029	-70.599998	0.000000
1588.296021	-71.400002	0.000000
1588.312012	-70.989998	0.000000
1588.328003	-71.099998	0.000000
1588.343994	-71.430000	0.000000
1588.359985	-72.190002	0.000000
1588.375977	-72.169998	0.000000
1588.391968	-72.970001	0.000000
1588.407959	-72.019997	0.000000
1588.423950	-72.230003	0.000000
1588.439941	-72.620003	0.000000
1588.456055	-73.180000	0.000000
1588.472046	-73.050003	0.000000
1588.488037	-73.910004	0.000000
1588.504028	-74.089996	0.000000
1588.520020	-75.220001	0.000000
1588.536011	-75.019997	0.000000
1588.552002	-76.620003	0.000000
1588.567993	-74.500000	0.000000
1588.583984	-76.620003	0.000000
1588.599976	-74.860001	0.000000
1588.615967	-74.570000	0.000000
1588.631958	-75.650002	0.000000
1588.647949	-76.190002	0.000000
1588.663940	-76.449997	0.000000
1588.680054	-75.790001	0.000000
1588.696045	-78.349998	0.000000
1588.712036	-75.940002	0.000000
1588.728027	-78.029999	0.000000
1588.744019	-78.800003	0.000000
1588.760010	-77.949997	0.000000
1588.776001	-77.510002	0.000000
1588.791992	-76.980003	0.000000
1588.807983	-78.900002	0.000000
1588.823975	-78.269997	0.000000
1588.839966	-81.449997	0.000000
1588.855957	-83.389999	0.000000
1588.871948	-210.000000	0.000000
1588.887939	-79.410004	0.000000
1588.904053	-77.300003	0.000000
1588.920044	-77.440002	0.000000
1588.936035	-81.120003	0.000000
1588.952026	-210.000000	0.000000
1588.968018	-79.199997	0.000000
1588.984009	-85.430000	0.000000
1589.000000	-81.120003	0.000000
1589.015991	-78.440002	0.000000
1589.031982	-76.080002	0.000000
1589.047974	-83.389999	0.000000
1589.063965	-82.209999	0.000000
1589.079956	-85.019997	0.000000
1589.095947	-210.000000	0.000000
1589.112061	-76.919998	0.000000
1589.128052	-76.860001	0.000000
1589.144043	-85.430000	0.000000
1589.160034	-78.989998	0.000000
1589.176025	-79.870003	0.000000
1589.192017	-81.629997	0.000000
1589.208008	-81.629997	0.000000
1589.223999	-81.120003	0.000000
1589.239990	-84.290001	0.000000
1589.255981	-82.639999	0.000000
1589.271973	-79.519997	0.000000
1589.287964	-86.400002	0.000000
1589.303955	-81.629997	0.000000
1589.319946	-80.809998	0.000000
1589.336060	-86.980003	0.000000
1589.352051	-76.800003	0.000000
1589.368042	-81.629997	0.000000
1589.384033	-80.519997	0.000000
1589.400024	-210.000000	0.000000
1589.416016	-90.660004	0.000000
1589.432007	-85.019997	0.000000
1589.447998	-83.120003	0.000000
1589.463989	-80.239998	0.000000
1589.479980	-80.959999	0.000000
1589.495972	-81.629997	0.000000
1589.511963	-83.970001	0.000000
1589.527954	-79.519997	0.000000
1589.543945	-85.430000	0.000000
1589.560059	-83.120003	0.000000
1589.576050	-78.529999	0.000000
1589.592041	-79.989998	0.000000
1589.608032	-80.959999	0.000000
1589.624023	-78.110001	0.000000
1589.640015	-81.279999	0.000000
1589.656006	-79.629997	0.000000
1589.671997	-79.870003	0.000000
1589.687988	-210.000000	0.000000
1589.703979	-83.120003	0.000000
1589.719971	-83.120003	0.000000
1589.735962	-77.650002	0.000000
1589.751953	-83.120003	0.000000
1589.767944	-78.190002	0.000000
1589.784058	-78.529999	0.000000
1589.800049	-210.000000	0.000000
1589.816040	-79.300003	0.000000
1589.832031	-210.000000	0.000000
1589.848022	-80.660004	0.000000
1589.864014	-210.000000	0.000000
1589.880005	-82.639999	0.000000
1589.895996	-210.000000	0.000000
1589.911987	-83.389999	0.000000
1589.927979	-85.430000	0.000000
1589.943970	-80.959999	0.000000
1589.959961	-79.089996	0.000000
1589.975952	-210.000000	0.000000
1589.991943	-78.269997	0.000000
1590.008057	-83.970001	0.000000
1590.024048	-80.660004	0.000000
1590.040039	-88.440002	0.000000
1590.056030	-82.010002	0.000000
1590.072021	-80.239998	0.000000
1590.088013	-82.209999	0.000000
1590.104004	-79.199997	0.000000
1590.119995	-79.519997	0.000000
1590.135986	-210.000000	0.000000
1590.151978	-81.279999	0.000000
1590.167969	-87.650002	0.000000
1590.183960	-81.449997	0.000000
1590.199951	-210.000000	0.000000
1590.215942	-210.000000	0.000000
1590.232056	-79.870003	0.000000
1590.248047	-210.000000	0.000000
1590.264038	-84.639999	0.000000
1590.280029	-210.000000	0.000000
1590.296021	-90.660004	0.000000
1590.312012	-78.989998	0.000000
1590.328003	-210.000000	0.000000
1590.343994	-80.110001	0.000000
1590.359985	-210.000000	0.000000
1590.375977	-82.639999	0.000000
1590.391968	-87.650002	0.000000
1590.407959	-210.000000	0.000000
1590.423950	-210.000000	0.000000
1590.439941	-210.000000	0.000000
1590.456055	-210.000000	0.000000
1590.472046	-85.019997	0.000000
1590.488037	-210.000000	0.000000
1590.504028	-80.949997	0.000000
1590.520020	-79.080002	0.000000
1590.536011	-83.959999	0.000000
1590.552002	-210.000000	0.000000
1590.567993	-210.000000	0.000000
1590.583984	-86.970001	0.000000
1590.599976	-81.620003	0.000000
1590.615967	-210.000000	0.000000
1590.631958	-89.400002	0.000000
1590.647949	-79.510002	0.000000
1590.663940	-85.419998	0.000000
1590.680054	-85.010002	0.000000
1590.696045	-210.000000	0.000000
1590.712036	-79.510002	0.000000
1590.728027	-80.230003	0.000000
1590.744019	-78.790001	0.000000
1590.760010	-85.879997	0.000000
1590.776001	-210.000000	0.000000
1590.791992	-210.000000	0.000000
1590.807983	-210.000000	0.000000
1590.823975	-210.000000	0.000000
1590.839966	-79.620003	0.000000
1590.855957	-210.000000	0.000000
1590.871948	-210.000000	0.000000
1590.887939	-210.000000	0.000000
1590.904053	-210.000000	0.000000
1590.920044	-210.000000	0.000000
1590.936035	-82.000000	0.000000
1590.952026	-90.650002	0.000000
1590.968018	-210.000000	0.000000
1590.984009	-90.650002	0.000000
1591.000000	-89.400002	0.000000
