Wavelength (nm)	Transmission (dBm)	Linear Transmission
1575.000000	-210.000000	0.000000
1575.015991	-210.000000	0.000000
1575.031982	-80.809998	0.000000
1575.047974	-82.010002	0.000000
1575.063965	-210.000000	0.000000
1575.079956	-86.400002	0.000000
1575.095947	-82.209999	0.000000
1575.112061	-92.419998	0.000000
1575.128052	-83.970001	0.000000
1575.144043	-85.430000	0.000000
1575.160034	-90.660004	0.000000
1575.176025	-210.000000	0.000000
1575.192017	-92.419998	0.000000
1575.208008	-89.410004	0.000000
1575.223999	-210.000000	0.000000
1575.239990	-210.000000	0.000000
1575.255981	-210.000000	0.000000
1575.271973	-210.000000	0.000000
1575.287964	-210.000000	0.000000
1575.303955	-82.879997	0.000000
1575.319946	-210.000000	0.000000
1575.336060	-84.290001	0.000000
1575.352051	-92.419998	0.000000
1575.368042	-210.000000	0.000000
1575.384033	-210.000000	0.000000
1575.400024	-83.970001	0.000000
1575.416016	-95.430000	0.000000
1575.432007	-77.949997	0.000000
1575.447998	-210.000000	0.000000
1575.463989	-210.000000	0.000000
1575.479980	-210.000000	0.000000
1575.495972	-95.440002	0.000000
1575.511963	-210.000000	0.000000
1575.527954	-210.000000	0.000000
1575.543945	-210.000000	0.000000
1575.560059	-87.660004	0.000000
1575.576050	-210.000000	0.000000
1575.592041	-210.000000	0.000000
1575.608032	-210.000000	0.000000
1575.624023	-210.000000	0.000000
1575.640015	-82.650002	0.000000
1575.656006	-81.820000	0.000000
1575.671997	-87.660004	0.000000
1575.687988	-85.900002	0.000000
1575.703979	-90.669998	0.000000
1575.719971	-210.000000	0.000000
1575.735962	-210.000000	0.000000
1575.751953	-210.000000	0.000000
1575.767944	-83.980003	0.000000
1575.784058	-89.419998	0.000000
1575.800049	-210.000000	0.000000
1575.816040	-210.000000	0.000000
1575.832031	-210.000000	0.000000
1575.848022	-210.000000	0.000000
1575.864014	-210.000000	0.000000
1575.880005	-82.889999	0.000000
1575.895996	-80.820000	0.000000
1575.911987	-210.000000	0.000000
1575.927979	-210.000000	0.000000
1575.943970	-210.000000	0.000000
1575.959961	-210.000000	0.000000
1575.975952	-210.000000	0.000000
1575.991943	-86.410004	0.000000
1576.008057	-210.000000	0.000000
1576.024048	-210.000000	0.000000
1576.040039	-83.980003	0.000000
1576.056030	-210.000000	0.000000
1576.072021	-210.000000	0.000000
1576.088013	-80.120003	0.000000
1576.104004	-81.639999	0.000000
1576.119995	-210.000000	0.000000
1576.135986	-84.300003	0.000000
1576.151978	-210.000000	0.000000
1576.167969	-95.440002	0.000000
1576.183960	-86.410004	0.000000
1576.199951	-210.000000	0.000000
1576.215942	-210.000000	0.000000
1576.232056	-210.000000	0.000000
1576.248047	-95.440002	0.000000
1576.264038	-83.980003	0.000000
1576.280029	-86.410004	0.000000
1576.296021	-82.430000	0.000000
1576.312012	-210.000000	0.000000
1576.328003	-77.730003	0.000000
1576.343994	-210.000000	0.000000
1576.359985	-210.000000	0.000000
1576.375977	-210.000000	0.000000
1576.391968	-81.639999	0.000000
1576.407959	-210.000000	0.000000
1576.423950	-210.000000	0.000000
1576.439941	-210.000000	0.000000
1576.456055	-210.000000	0.000000
1576.472046	-83.400002	0.000000
1576.488037	-89.419998	0.000000
1576.504028	-210.000000	0.000000
1576.520020	-85.029999	0.000000
1576.536011	-86.989998	0.000000
1576.552002	-210.000000	0.000000
1576.567993	-82.430000	0.000000
1576.583984	-210.000000	0.000000
1576.599976	-210.000000	0.000000
1576.615967	-210.000000	0.000000
1576.631958	-210.000000	0.000000
1576.647949	-210.000000	0.000000
1576.663940	-210.000000	0.000000
1576.680054	-78.910004	0.000000
1576.696045	-210.000000	0.000000
1576.712036	-210.000000	0.000000
1576.728027	-210.000000	0.000000
1576.744019	-210.000000	0.000000
1576.760010	-210.000000	0.000000
1576.776001	-79.099998	0.000000
1576.791992	-210.000000	0.000000
1576.807983	-210.000000	0.000000
1576.823975	-79.419998	0.000000
1576.839966	-210.000000	0.000000
1576.855957	-92.430000	0.000000
1576.871948	-210.000000	0.000000
1576.887939	-210.000000	0.000000
1576.904053	-210.000000	0.000000
1576.920044	-84.650002	0.000000
1576.936035	-82.430000	0.000000
1576.952026	-210.000000	0.000000
1576.968018	-86.410004	0.000000
1576.984009	-92.430000	0.000000
1577.000000	-210.000000	0.000000
1577.015991	-210.000000	0.000000
1577.031982	-82.650002	0.000000
1577.047974	-82.650002	0.000000
1577.063965	-210.000000	0.000000
1577.079956	-210.000000	0.000000
1577.095947	-95.440002	0.000000
1577.112061	-210.000000	0.000000
1577.128052	-210.000000	0.000000
1577.144043	-210.000000	0.000000
1577.160034	-210.000000	0.000000
1577.176025	-85.029999	0.000000
1577.192017	-210.000000	0.000000
1577.208008	-210.000000	0.000000
1577.223999	-83.680000	0.000000
1577.239990	-210.000000	0.000000
1577.255981	-210.000000	0.000000
1577.271973	-86.989998	0.000000
1577.287964	-81.639999	0.000000
1577.303955	-90.669998	0.000000
1577.319946	-92.430000	0.000000
1577.336060	-86.410004	0.000000
1577.352051	-85.900002	0.000000
1577.368042	-210.000000	0.000000
1577.384033	-210.000000	0.000000
1577.400024	-80.250000	0.000000
1577.416016	-210.000000	0.000000
1577.432007	-83.980003	0.000000
1577.447998	-79.879997	0.000000
1577.463989	-89.419998	0.000000
1577.479980	-78.449997	0.000000
1577.495972	-210.000000	0.000000
1577.511963	-210.000000	0.000000
1577.527954	-80.529999	0.000000
1577.543945	-210.000000	0.000000
1577.560059	-82.019997	0.000000
1577.576050	-210.000000	0.000000
1577.592041	-210.000000	0.000000
1577.608032	-83.129997	0.000000
1577.624023	-210.000000	0.000000
1577.640015	-87.660004	0.000000
1577.656006	-210.000000	0.000000
1577.671997	-210.000000	0.000000
1577.687988	-210.000000	0.000000
1577.703979	-210.000000	0.000000
1577.719971	-78.720001	0.000000
1577.735962	-210.000000	0.000000
1577.751953	-210.000000	0.000000
1577.767944	-88.449997	0.000000
1577.784058	-210.000000	0.000000
1577.800049	-87.660004	0.000000
1577.816040	-210.000000	0.000000
1577.832031	-210.000000	0.000000
1577.848022	-210.000000	0.000000
1577.864014	-210.000000	0.000000
1577.880005	-83.400002	0.000000
1577.895996	-210.000000	0.000000
1577.911987	-81.820000	0.000000
1577.927979	-88.449997	0.000000
1577.943970	-78.809998	0.000000
1577.959961	-82.019997	0.000000
1577.975952	-210.000000	0.000000
1577.991943	-82.900002	0.000000
1578.008057	-210.000000	0.000000
1578.024048	-82.660004	0.000000
1578.040039	-85.040001	0.000000
1578.056030	-210.000000	0.000000
1578.072021	-90.680000	0.000000
1578.088013	-210.000000	0.000000
1578.104004	-210.000000	0.000000
1578.119995	-210.000000	0.000000
1578.135986	-81.650002	0.000000
1578.151978	-87.000000	0.000000
1578.167969	-210.000000	0.000000
1578.183960	-210.000000	0.000000
1578.199951	-210.000000	0.000000
1578.215942	-210.000000	0.000000
1578.232056	-80.980003	0.000000
1578.248047	-83.989998	0.000000
1578.264038	-210.000000	0.000000
1578.280029	-85.040001	0.000000
1578.296021	-92.440002	0.000000
1578.312012	-210.000000	0.000000
1578.328003	-210.000000	0.000000
1578.343994	-210.000000	0.000000
1578.359985	-210.000000	0.000000
1578.375977	-210.000000	0.000000
1578.391968	-82.440002	0.000000
1578.407959	-210.000000	0.000000
1578.423950	-210.000000	0.000000
1578.439941	-84.309998	0.000000
1578.456055	-210.000000	0.000000
1578.472046	-210.000000	0.000000
1578.488037	-210.000000	0.000000
1578.504028	-83.989998	0.000000
1578.520020	-82.440002	0.000000
1578.536011	-210.000000	0.000000
1578.552002	-210.000000	0.000000
1578.567993	-210.000000	0.000000
1578.583984	-85.449997	0.000000
1578.599976	-210.000000	0.000000
1578.615967	-210.000000	0.000000
1578.631958	-83.989998	0.000000
1578.647949	-85.449997	0.000000
1578.663940	-92.440002	0.000000
1578.680054	-80.400002	0.000000
1578.696045	-81.470001	0.000000
1578.712036	-210.000000	0.000000
1578.728027	-210.000000	0.000000
1578.744019	-210.000000	0.000000
1578.760010	-210.000000	0.000000
1578.776001	-84.660004	0.000000
1578.791992	-210.000000	0.000000
1578.807983	-83.410004	0.000000
1578.823975	-210.000000	0.000000
1578.839966	-210.000000	0.000000
1578.855957	-210.000000	0.000000
1578.871948	-85.910004	0.000000
1578.887939	-90.680000	0.000000
1578.904053	-210.000000	0.000000
1578.920044	-82.660004	0.000000
1578.936035	-210.000000	0.000000
1578.952026	-88.459999	0.000000
1578.968018	-210.000000	0.000000
1578.984009	-210.000000	0.000000
1579.000000	-210.000000	0.000000
1579.015991	-210.000000	0.000000
1579.031982	-210.000000	0.000000
1579.047974	-88.459999	0.000000
1579.063965	-210.000000	0.000000
1579.079956	-78.550003	0.000000
1579.095947	-90.680000	0.000000
1579.112061	-210.000000	0.000000
1579.128052	-210.000000	0.000000
1579.144043	-83.410004	0.000000
1579.160034	-79.650002	0.000000
1579.176025	-210.000000	0.000000
1579.192017	-210.000000	0.000000
1579.208008	-87.669998	0.000000
1579.223999	-88.459999	0.000000
1579.239990	-84.660004	0.000000
1579.255981	-210.000000	0.000000
1579.271973	-210.000000	0.000000
1579.287964	-210.000000	0.000000
1579.303955	-210.000000	0.000000
1579.319946	-210.000000	0.000000
1579.336060	-210.000000	0.000000
1579.352051	-89.430000	0.000000
1579.368042	-82.900002	0.000000
1579.384033	-80.830002	0.000000
1579.400024	-80.540001	0.000000
1579.416016	-79.110001	0.000000
1579.432007	-210.000000	0.000000
1579.447998	-210.000000	0.000000
1579.463989	-87.000000	0.000000
1579.479980	-210.000000	0.000000
1579.495972	-210.000000	0.000000
1579.511963	-210.000000	0.000000
1579.527954	-210.000000	0.000000
1579.543945	-210.000000	0.000000
1579.560059	-210.000000	0.000000
1579.576050	-210.000000	0.000000
1579.592041	-79.320000	0.000000
1579.608032	-210.000000	0.000000
1579.624023	-86.419998	0.000000
1579.640015	-210.000000	0.000000
1579.656006	-210.000000	0.000000
1579.671997	-210.000000	0.000000
1579.687988	-92.440002	0.000000
1579.703979	-210.000000	0.000000
1579.719971	-210.000000	0.000000
1579.735962	-80.400002	0.000000
1579.751953	-84.660004	0.000000
1579.767944	-83.139999	0.000000
1579.784058	-210.000000	0.000000
1579.800049	-87.000000	0.000000
1579.816040	-210.000000	0.000000
1579.832031	-85.040001	0.000000
1579.848022	-210.000000	0.000000
1579.864014	-210.000000	0.000000
1579.880005	-86.419998	0.000000
1579.895996	-81.830002	0.000000
1579.911987	-80.830002	0.000000
1579.927979	-210.000000	0.000000
1579.943970	-210.000000	0.000000
1579.959961	-83.690002	0.000000
1579.975952	-85.449997	0.000000
1579.991943	-82.029999	0.000000
1580.008057	-92.440002	0.000000
1580.024048	-210.000000	0.000000
1580.040039	-81.139999	0.000000
1580.056030	-84.309998	0.000000
1580.072021	-210.000000	0.000000
1580.088013	-210.000000	0.000000
1580.104004	-80.830002	0.000000
1580.119995	-210.000000	0.000000
1580.135986	-82.900002	0.000000
1580.151978	-86.419998	0.000000
1580.167969	-210.000000	0.000000
1580.183960	-84.660004	0.000000
1580.199951	-80.680000	0.000000
1580.215942	-79.430000	0.000000
1580.232056	-80.980003	0.000000
1580.248047	-82.900002	0.000000
1580.264038	-87.669998	0.000000
1580.280029	-210.000000	0.000000
1580.296021	-83.690002	0.000000
1580.312012	-80.540001	0.000000
1580.328003	-78.919998	0.000000
1580.343994	-85.449997	0.000000
1580.359985	-79.110001	0.000000
1580.375977	-80.129997	0.000000
1580.391968	-83.139999	0.000000
1580.407959	-79.430000	0.000000
1580.423950	-80.680000	0.000000
1580.439941	-210.000000	0.000000
1580.456055	-85.910004	0.000000
1580.472046	-87.000000	0.000000
1580.488037	-79.540001	0.000000
1580.504028	-80.550003	0.000000
1580.520020	-79.330002	0.000000
1580.536011	-81.309998	0.000000
1580.552002	-77.900002	0.000000
1580.567993	-77.540001	0.000000
1580.583984	-95.459999	0.000000
1580.599976	-80.410004	0.000000
1580.615967	-77.830002	0.000000
1580.631958	-82.449997	0.000000
1580.647949	-210.000000	0.000000
1580.663940	-84.000000	0.000000
1580.680054	-78.379997	0.000000
1580.696045	-79.120003	0.000000
1580.712036	-80.839996	0.000000
1580.728027	-78.650002	0.000000
1580.744019	-80.139999	0.000000
1580.760010	-79.019997	0.000000
1580.776001	-81.660004	0.000000
1580.791992	-76.430000	0.000000
1580.807983	-81.839996	0.000000
1580.823975	-79.019997	0.000000
1580.839966	-78.059998	0.000000
1580.855957	-78.379997	0.000000
1580.871948	-78.470001	0.000000
1580.887939	-77.540001	0.000000
1580.904053	-81.150002	0.000000
1580.920044	-81.150002	0.000000
1580.936035	-78.650002	0.000000
1580.952026	-76.949997	0.000000
1580.968018	-79.019997	0.000000
1580.984009	-79.230003	0.000000
1581.000000	-79.120003	0.000000
1581.015991	-82.239998	0.000000
1581.031982	-210.000000	0.000000
1581.047974	-77.830002	0.000000
1581.063965	-78.739998	0.000000
1581.079956	-81.480003	0.000000
1581.095947	-80.139999	0.000000
1581.112061	-79.230003	0.000000
1581.128052	-79.550003	0.000000
1581.144043	-77.129997	0.000000
1581.160034	-77.610001	0.000000
1581.176025	-78.139999	0.000000
1581.192017	-80.139999	0.000000
1581.208008	-80.410004	0.000000
1581.223999	-79.230003	0.000000
1581.239990	-80.410004	0.000000
1581.255981	-77.540001	0.000000
1581.271973	-76.709999	0.000000
1581.287964	-75.589996	0.000000
1581.303955	-210.000000	0.000000
1581.319946	-82.910004	0.000000
1581.336060	-80.989998	0.000000
1581.352051	-78.739998	0.000000
1581.368042	-77.470001	0.000000
1581.384033	-79.120003	0.000000
1581.400024	-79.230003	0.000000
1581.416016	-79.779999	0.000000
1581.432007	-79.019997	0.000000
1581.447998	-77.129997	0.000000
1581.463989	-78.300003	0.000000
1581.479980	-80.410004	0.000000
1581.495972	-78.739998	0.000000
1581.511963	-79.120003	0.000000
1581.527954	-77.400002	0.000000
1581.543945	-76.010002	0.000000
1581.560059	-80.139999	0.000000
1581.576050	-82.040001	0.000000
1581.592041	-83.150002	0.000000
1581.608032	-79.900002	0.000000
1581.624023	-79.230003	0.000000
1581.640015	-78.930000	0.000000
1581.656006	-78.379997	0.000000
1581.671997	-78.139999	0.000000
1581.687988	-81.309998	0.000000
1581.703979	-80.139999	0.000000
1581.719971	-77.610001	0.000000
1581.735962	-85.459999	0.000000
1581.751953	-79.550003	0.000000
1581.767944	-79.660004	0.000000
1581.784058	-80.139999	0.000000
1581.800049	-79.900002	0.000000
1581.816040	-78.739998	0.000000
1581.832031	-77.750000	0.000000
1581.848022	-80.139999	0.000000
1581.864014	-82.669998	0.000000
1581.880005	-85.459999	0.000000
1581.895996	-76.370003	0.000000
1581.911987	-77.540001	0.000000
1581.927979	-79.019997	0.000000
1581.943970	-80.410004	0.000000
1581.959961	-79.330002	0.000000
1581.975952	-79.660004	0.000000
1581.991943	-82.040001	0.000000
1582.008057	-76.769997	0.000000
1582.024048	-76.830002	0.000000
1582.040039	-80.839996	0.000000
1582.056030	-80.139999	0.000000
1582.072021	-79.230003	0.000000
1582.088013	-76.889999	0.000000
1582.104004	-77.900002	0.000000
1582.119995	-76.949997	0.000000
1582.135986	-75.919998	0.000000
1582.151978	-78.300003	0.000000
1582.167969	-78.930000	0.000000
1582.183960	-78.559998	0.000000
1582.199951	-76.830002	0.000000
1582.215942	-76.320000	0.000000
1582.232056	-75.639999	0.000000
1582.248047	-78.650002	0.000000
1582.264038	-80.989998	0.000000
1582.280029	-80.550003	0.000000
1582.296021	-79.900002	0.000000
1582.312012	-79.900002	0.000000
1582.328003	-77.010002	0.000000
1582.343994	-80.989998	0.000000
1582.359985	-75.919998	0.000000
1582.375977	-76.589996	0.000000
1582.391968	-77.980003	0.000000
1582.407959	-78.300003	0.000000
1582.423950	-77.980003	0.000000
1582.439941	-79.900002	0.000000
1582.456055	-79.550003	0.000000
1582.472046	-76.889999	0.000000
1582.488037	-77.070000	0.000000
1582.504028	-76.830002	0.000000
1582.520020	-76.430000	0.000000
1582.536011	-75.820000	0.000000
1582.552002	-77.980003	0.000000
1582.567993	-77.830002	0.000000
1582.583984	-76.889999	0.000000
1582.599976	-75.419998	0.000000
1582.615967	-77.010002	0.000000
1582.631958	-78.059998	0.000000
1582.647949	-77.830002	0.000000
1582.663940	-83.150002	0.000000
1582.680054	-78.300003	0.000000
1582.696045	-77.070000	0.000000
1582.712036	-78.300003	0.000000
1582.728027	-79.230003	0.000000
1582.744019	-77.400002	0.000000
1582.760010	-77.680000	0.000000
1582.776001	-78.379997	0.000000
1582.791992	-78.470001	0.000000
1582.807983	-75.769997	0.000000
1582.823975	-78.300003	0.000000
1582.839966	-77.330002	0.000000
1582.855957	-76.059998	0.000000
1582.871948	-77.070000	0.000000
1582.887939	-75.820000	0.000000
1582.904053	-76.010002	0.000000
1582.920044	-76.709999	0.000000
1582.936035	-76.220001	0.000000
1582.952026	-74.699997	0.000000
1582.968018	-75.209999	0.000000
1582.984009	-73.699997	0.000000
1583.000000	-75.580002	0.000000
1583.015991	-75.199997	0.000000
1583.031982	-75.040001	0.000000
1583.047974	-73.410004	0.000000
1583.063965	-73.550003	0.000000
1583.079956	-72.230003	0.000000
1583.095947	-72.440002	0.000000
1583.112061	-72.500000	0.000000
1583.128052	-72.269997	0.000000
1583.144043	-71.199997	0.000000
1583.160034	-71.610001	0.000000
1583.176025	-71.070000	0.000000
1583.192017	-70.610001	0.000000
1583.208008	-69.800003	0.000000
1583.223999	-69.809998	0.000000
1583.239990	-69.209999	0.000000
1583.255981	-69.099998	0.000000
1583.271973	-69.260002	0.000000
1583.287964	-69.260002	0.000000
1583.303955	-68.339996	0.000000
1583.319946	-68.150002	0.000000
1583.336060	-67.809998	0.000000
1583.352051	-67.120003	0.000000
1583.368042	-66.410004	0.000000
1583.384033	-65.870003	0.000000
1583.400024	-65.709999	0.000000
1583.416016	-65.480003	0.000000
1583.432007	-65.040001	0.000000
1583.447998	-64.820000	0.000000
1583.463989	-64.010002	0.000000
1583.479980	-63.189999	0.000000
1583.495972	-62.459999	0.000001
1583.511963	-61.790001	0.000001
1583.527954	-61.320000	0.000001
1583.543945	-60.880001	0.000001
1583.560059	-60.529999	0.000001
1583.576050	-60.130001	0.000001
1583.592041	-59.820000	0.000001
1583.608032	-59.490002	0.000001
1583.624023	-59.200001	0.000001
1583.640015	-58.880001	0.000001
1583.656006	-58.490002	0.000001
1583.671997	-58.110001	0.000002
1583.687988	-57.939999	0.000002
1583.703979	-57.750000	0.000002
1583.719971	-57.700001	0.000002
1583.735962	-57.709999	0.000002
1583.751953	-57.709999	0.000002
1583.767944	-57.709999	0.000002
1583.784058	-57.660000	0.000002
1583.800049	-57.549999	0.000002
1583.816040	-57.500000	0.000002
1583.832031	-57.439999	0.000002
1583.848022	-57.470001	0.000002
1583.864014	-57.540001	0.000002
1583.880005	-57.689999	0.000002
1583.895996	-57.849998	0.000002
1583.911987	-58.040001	0.000002
1583.927979	-58.310001	0.000001
1583.943970	-58.500000	0.000001
1583.959961	-58.639999	0.000001
1583.975952	-58.820000	0.000001
1583.991943	-59.009998	0.000001
1584.008057	-59.240002	0.000001
1584.024048	-59.570000	0.000001
1584.040039	-60.060001	0.000001
1584.056030	-60.689999	0.000001
1584.072021	-61.240002	0.000001
1584.088013	-61.720001	0.000001
1584.104004	-61.950001	0.000001
1584.119995	-62.240002	0.000001
1584.135986	-62.490002	0.000001
1584.151978	-62.599998	0.000001
1584.167969	-62.740002	0.000001
1584.183960	-63.150002	0.000000
1584.199951	-63.500000	0.000000
1584.215942	-64.160004	0.000000
1584.232056	-64.550003	0.000000
1584.248047	-65.000000	0.000000
1584.264038	-65.070000	0.000000
1584.280029	-65.010002	0.000000
1584.296021	-65.019997	0.000000
1584.312012	-65.250000	0.000000
1584.328003	-65.559998	0.000000
1584.343994	-65.970001	0.000000
1584.359985	-66.430000	0.000000
1584.375977	-66.889999	0.000000
1584.391968	-67.050003	0.000000
1584.407959	-66.970001	0.000000
1584.423950	-67.040001	0.000000
1584.439941	-67.300003	0.000000
1584.456055	-67.550003	0.000000
1584.472046	-67.690002	0.000000
1584.488037	-67.690002	0.000000
1584.504028	-68.370003	0.000000
1584.520020	-68.669998	0.000000
1584.536011	-68.870003	0.000000
1584.552002	-68.839996	0.000000
1584.567993	-69.260002	0.000000
1584.583984	-68.820000	0.000000
1584.599976	-69.160004	0.000000
1584.615967	-69.389999	0.000000
1584.631958	-69.300003	0.000000
1584.647949	-69.720001	0.000000
1584.663940	-70.339996	0.000000
1584.680054	-70.360001	0.000000
1584.696045	-70.150002	0.000000
1584.712036	-69.959999	0.000000
1584.728027	-69.559998	0.000000
1584.744019	-70.080002	0.000000
1584.760010	-70.160004	0.000000
1584.776001	-69.790001	0.000000
1584.791992	-70.480003	0.000000
1584.807983	-70.379997	0.000000
1584.823975	-71.010002	0.000000
1584.839966	-71.610001	0.000000
1584.855957	-71.269997	0.000000
1584.871948	-70.769997	0.000000
1584.887939	-70.889999	0.000000
1584.904053	-71.669998	0.000000
1584.920044	-71.019997	0.000000
1584.936035	-71.040001	0.000000
1584.952026	-72.059998	0.000000
1584.968018	-71.739998	0.000000
1584.984009	-72.480003	0.000000
1585.000000	-71.930000	0.000000
1585.015991	-72.290001	0.000000
1585.031982	-72.099998	0.000000
1585.047974	-72.309998	0.000000
1585.063965	-72.099998	0.000000
1585.079956	-72.309998	0.000000
1585.095947	-73.629997	0.000000
1585.112061	-73.349998	0.000000
1585.128052	-73.330002	0.000000
1585.144043	-72.400002	0.000000
1585.160034	-73.440002	0.000000
1585.176025	-73.489998	0.000000
1585.192017	-74.519997	0.000000
1585.208008	-73.519997	0.000000
1585.223999	-73.959999	0.000000
1585.239990	-73.629997	0.000000
1585.255981	-74.839996	0.000000
1585.271973	-74.339996	0.000000
1585.287964	-75.320000	0.000000
1585.303955	-73.989998	0.000000
1585.319946	-74.239998	0.000000
1585.336060	-74.050003	0.000000
1585.352051	-75.580002	0.000000
1585.368042	-74.690002	0.000000
1585.384033	-75.860001	0.000000
1585.400024	-75.000000	0.000000
1585.416016	-75.669998	0.000000
1585.432007	-75.580002	0.000000
1585.447998	-76.529999	0.000000
1585.463989	-75.040001	0.000000
1585.479980	-75.080002	0.000000
1585.495972	-75.110001	0.000000
1585.511963	-74.870003	0.000000
1585.527954	-74.910004	0.000000
1585.543945	-74.580002	0.000000
1585.560059	-75.150002	0.000000
1585.576050	-76.089996	0.000000
1585.592041	-75.269997	0.000000
1585.608032	-74.680000	0.000000
1585.624023	-75.309998	0.000000
1585.640015	-74.720001	0.000000
1585.656006	-76.199997	0.000000
1585.671997	-77.050003	0.000000
1585.687988	-76.459999	0.000000
1585.703979	-78.540001	0.000000
1585.719971	-75.480003	0.000000
1585.735962	-76.870003	0.000000
1585.751953	-75.529999	0.000000
1585.767944	-74.910004	0.000000
1585.784058	-75.070000	0.000000
1585.800049	-77.519997	0.000000
1585.816040	-74.910004	0.000000
1585.832031	-76.250000	0.000000
1585.848022	-77.379997	0.000000
1585.864014	-74.790001	0.000000
1585.880005	-76.570000	0.000000
1585.895996	-76.750000	0.000000
1585.911987	-74.870003	0.000000
1585.927979	-76.089996	0.000000
1585.943970	-75.190002	0.000000
1585.959961	-76.349998	0.000000
1585.975952	-74.830002	0.000000
1585.991943	-76.410004	0.000000
1586.008057	-76.570000	0.000000
1586.024048	-75.620003	0.000000
1586.040039	-75.570000	0.000000
1586.056030	-76.629997	0.000000
1586.072021	-75.989998	0.000000
1586.088013	-77.660004	0.000000
1586.104004	-76.459999	0.000000
1586.119995	-79.309998	0.000000
1586.135986	-76.300003	0.000000
1586.151978	-77.660004	0.000000
1586.167969	-75.400002	0.000000
1586.183960	-76.989998	0.000000
1586.199951	-75.400002	0.000000
1586.215942	-78.910004	0.000000
1586.232056	-76.199997	0.000000
1586.248047	-76.750000	0.000000
1586.264038	-76.989998	0.000000
1586.280029	-77.309998	0.000000
1586.296021	-75.800003	0.000000
1586.312012	-78.720001	0.000000
1586.328003	-78.279999	0.000000
1586.343994	-77.730003	0.000000
1586.359985	-79.209999	0.000000
1586.375977	-78.910004	0.000000
1586.391968	-77.879997	0.000000
1586.407959	-82.430000	0.000000
1586.423950	-78.120003	0.000000
1586.439941	-77.239998	0.000000
1586.456055	-78.120003	0.000000
1586.472046	-77.730003	0.000000
1586.488037	-83.980003	0.000000
1586.504028	-80.000000	0.000000
1586.520020	-85.900002	0.000000
1586.536011	-77.809998	0.000000
1586.552002	-83.129997	0.000000
1586.567993	-79.760002	0.000000
1586.583984	-95.440002	0.000000
1586.599976	-78.540001	0.000000
1586.615967	-210.000000	0.000000
1586.631958	-210.000000	0.000000
1586.647949	-210.000000	0.000000
1586.663940	-210.000000	0.000000
1586.680054	-210.000000	0.000000
1586.696045	-210.000000	0.000000
1586.712036	-79.760002	0.000000
1586.728027	-210.000000	0.000000
1586.744019	-86.989998	0.000000
1586.760010	-80.669998	0.000000
1586.776001	-88.449997	0.000000
1586.791992	-83.980003	0.000000
1586.807983	-210.000000	0.000000
1586.823975	-210.000000	0.000000
1586.839966	-210.000000	0.000000
1586.855957	-210.000000	0.000000
1586.871948	-82.220001	0.000000
1586.887939	-89.419998	0.000000
1586.904053	-86.410004	0.000000
1586.920044	-210.000000	0.000000
1586.936035	-210.000000	0.000000
1586.952026	-85.900002	0.000000
1586.968018	-210.000000	0.000000
1586.984009	-84.300003	0.000000
1587.000000	-210.000000	0.000000
1587.015991	-210.000000	0.000000
1587.031982	-210.000000	0.000000
1587.047974	-95.440002	0.000000
1587.063965	-88.449997	0.000000
1587.079956	-82.889999	0.000000
1587.095947	-210.000000	0.000000
1587.112061	-210.000000	0.000000
1587.128052	-210.000000	0.000000
1587.144043	-83.129997	0.000000
1587.160034	-82.889999	0.000000
1587.176025	-210.000000	0.000000
1587.192017	-90.669998	0.000000
1587.208008	-81.820000	0.000000
1587.223999	-210.000000	0.000000
1587.239990	-89.419998	0.000000
1587.255981	-210.000000	0.000000
1587.271973	-82.650002	0.000000
1587.287964	-210.000000	0.000000
1587.303955	-210.000000	0.000000
1587.319946	-210.000000	0.000000
1587.336060	-79.309998	0.000000
1587.352051	-81.639999	0.000000
1587.368042	-81.290001	0.000000
1587.384033	-210.000000	0.000000
1587.400024	-84.650002	0.000000
1587.416016	-83.129997	0.000000
1587.432007	-80.970001	0.000000
1587.447998	-90.669998	0.000000
1587.463989	-210.000000	0.000000
1587.479980	-210.000000	0.000000
1587.495972	-86.989998	0.000000
1587.511963	-210.000000	0.000000
1587.527954	-210.000000	0.000000
1587.543945	-82.019997	0.000000
1587.560059	-84.650002	0.000000
1587.576050	-210.000000	0.000000
1587.592041	-210.000000	0.000000
1587.608032	-78.809998	0.000000
1587.624023	-85.900002	0.000000
1587.640015	-210.000000	0.000000
1587.656006	-210.000000	0.000000
1587.671997	-83.980003	0.000000
1587.687988	-210.000000	0.000000
1587.703979	-86.410004	0.000000
1587.719971	-86.410004	0.000000
1587.735962	-210.000000	0.000000
1587.751953	-210.000000	0.000000
1587.767944	-210.000000	0.000000
1587.784058	-210.000000	0.000000
1587.800049	-210.000000	0.000000
1587.816040	-210.000000	0.000000
1587.832031	-78.040001	0.000000
1587.848022	-210.000000	0.000000
1587.864014	-210.000000	0.000000
1587.880005	-210.000000	0.000000
1587.895996	-77.660004	0.000000
1587.911987	-85.440002	0.000000
1587.927979	-80.529999	0.000000
1587.943970	-87.660004	0.000000
1587.959961	-210.000000	0.000000
1587.975952	-86.989998	0.000000
1587.991943	-210.000000	0.000000
1588.008057	-86.980003	0.000000
1588.024048	-210.000000	0.000000
1588.040039	-210.000000	0.000000
1588.056030	-210.000000	0.000000
1588.072021	-90.660004	0.000000
1588.088013	-82.010002	0.000000
1588.104004	-210.000000	0.000000
1588.119995	-210.000000	0.000000
1588.135986	-210.000000	0.000000
1588.151978	-95.430000	0.000000
1588.167969	-82.010002	0.000000
1588.183960	-210.000000	0.000000
1588.199951	-210.000000	0.000000
1588.215942	-79.519997	0.000000
1588.232056	-210.000000	0.000000
1588.248047	-210.000000	0.000000
1588.264038	-210.000000	0.000000
1588.280029	-210.000000	0.000000
1588.296021	-210.000000	0.000000
1588.312012	-81.120003	0.000000
1588.328003	-210.000000	0.000000
1588.343994	-210.000000	0.000000
1588.359985	-210.000000	0.000000
1588.375977	-81.449997	0.000000
1588.391968	-78.989998	0.000000
1588.407959	-81.279999	0.000000
1588.423950	-86.400002	0.000000
1588.439941	-210.000000	0.000000
1588.456055	-210.000000	0.000000
1588.472046	-82.010002	0.000000
1588.488037	-210.000000	0.000000
1588.504028	-210.000000	0.000000
1588.520020	-82.419998	0.000000
1588.536011	-85.889999	0.000000
1588.552002	-210.000000	0.000000
1588.567993	-79.870003	0.000000
1588.583984	-210.000000	0.000000
1588.599976	-210.000000	0.000000
1588.615967	-82.010002	0.000000
1588.631958	-87.650002	0.000000
1588.647949	-210.000000	0.000000
1588.663940	-87.650002	0.000000
1588.680054	-81.279999	0.000000
1588.696045	-210.000000	0.000000
1588.712036	-210.000000	0.000000
1588.728027	-81.120003	0.000000
1588.744019	-84.290001	0.000000
1588.760010	-85.019997	0.000000
1588.776001	-210.000000	0.000000
1588.791992	-82.209999	0.000000
1588.807983	-210.000000	0.000000
1588.823975	-85.019997	0.000000
1588.839966	-210.000000	0.000000
1588.855957	-210.000000	0.000000
1588.871948	-86.400002	0.000000
1588.887939	-85.430000	0.000000
1588.904053	-86.980003	0.000000
1588.920044	-210.000000	0.000000
1588.936035	-210.000000	0.000000
1588.952026	-210.000000	0.000000
1588.968018	-80.660004	0.000000
1588.984009	-82.419998	0.000000
1589.000000	-210.000000	0.000000
1589.015991	-210.000000	0.000000
1589.031982	-80.110001	0.000000
1589.047974	-210.000000	0.000000
1589.063965	-210.000000	0.000000
1589.079956	-210.000000	0.000000
1589.095947	-210.000000	0.000000
1589.112061	-87.650002	0.000000
1589.128052	-81.629997	0.000000
1589.144043	-210.000000	0.000000
1589.160034	-210.000000	0.000000
1589.176025	-85.889999	0.000000
1589.192017	-210.000000	0.000000
1589.208008	-210.000000	0.000000
1589.223999	-210.000000	0.000000
1589.239990	-210.000000	0.000000
1589.255981	-210.000000	0.000000
1589.271973	-81.809998	0.000000
1589.287964	-210.000000	0.000000
1589.303955	-210.000000	0.000000
1589.319946	-83.389999	0.000000
1589.336060	-84.639999	0.000000
1589.352051	-210.000000	0.000000
1589.368042	-210.000000	0.000000
1589.384033	-210.000000	0.000000
1589.400024	-86.980003	0.000000
1589.416016	-85.889999	0.000000
1589.432007	-210.000000	0.000000
1589.447998	-210.000000	0.000000
1589.463989	-210.000000	0.000000
1589.479980	-210.000000	0.000000
1589.495972	-83.120003	0.000000
1589.511963	-210.000000	0.000000
1589.527954	-81.120003	0.000000
1589.543945	-210.000000	0.000000
1589.560059	-79.870003	0.000000
1589.576050	-210.000000	0.000000
1589.592041	-210.000000	0.000000
1589.608032	-210.000000	0.000000
1589.624023	-210.000000	0.000000
1589.640015	-90.660004	0.000000
1589.656006	-210.000000	0.000000
1589.671997	-210.000000	0.000000
1589.687988	-210.000000	0.000000
1589.703979	-210.000000	0.000000
1589.719971	-210.000000	0.000000
1589.735962	-210.000000	0.000000
1589.751953	-89.410004	0.000000
1589.767944	-210.000000	0.000000
1589.784058	-210.000000	0.000000
1589.800049	-210.000000	0.000000
1589.816040	-83.389999	0.000000
1589.832031	-210.000000	0.000000
1589.848022	-210.000000	0.000000
1589.864014	-88.440002	0.000000
1589.880005	-210.000000	0.000000
1589.895996	-84.639999	0.000000
1589.911987	-210.000000	0.000000
1589.927979	-86.400002	0.000000
1589.943970	-210.000000	0.000000
1589.959961	-210.000000	0.000000
1589.975952	-82.879997	0.000000
1589.991943	-210.000000	0.000000
1590.008057	-210.000000	0.000000
1590.024048	-83.970001	0.000000
1590.040039	-210.000000	0.000000
1590.056030	-210.000000	0.000000
1590.072021	-82.010002	0.000000
1590.088013	-210.000000	0.000000
1590.104004	-84.290001	0.000000
1590.119995	-92.419998	0.000000
1590.135986	-81.809998	0.000000
1590.151978	-210.000000	0.000000
1590.167969	-86.400002	0.000000
1590.183960	-84.639999	0.000000
1590.199951	-80.379997	0.000000
1590.215942	-84.290001	0.000000
1590.232056	-210.000000	0.000000
1590.248047	-81.449997	0.000000
1590.264038	-210.000000	0.000000
1590.280029	-90.660004	0.000000
1590.296021	-210.000000	0.000000
1590.312012	-83.669998	0.000000
1590.328003	-210.000000	0.000000
1590.343994	-210.000000	0.000000
1590.359985	-210.000000	0.000000
1590.375977	-81.809998	0.000000
1590.391968	-210.000000	0.000000
1590.407959	-95.430000	0.000000
1590.423950	-82.010002	0.000000
1590.439941	-210.000000	0.000000
1590.456055	-210.000000	0.000000
1590.472046	-210.000000	0.000000
1590.488037	-210.000000	0.000000
1590.504028	-210.000000	0.000000
1590.520020	-210.000000	0.000000
1590.536011	-210.000000	0.000000
1590.552002	-85.419998	0.000000
1590.567993	-84.629997	0.000000
1590.583984	-210.000000	0.000000
1590.599976	-85.879997	0.000000
1590.615967	-84.279999	0.000000
1590.631958	-210.000000	0.000000
1590.647949	-210.000000	0.000000
1590.663940	-85.879997	0.000000
1590.680054	-88.430000	0.000000
1590.696045	-210.000000	0.000000
1590.712036	-81.110001	0.000000
1590.728027	-95.419998	0.000000
1590.744019	-210.000000	0.000000
1590.760010	-210.000000	0.000000
1590.776001	-83.660004	0.000000
1590.791992	-210.000000	0.000000
1590.807983	-88.430000	0.000000
1590.823975	-210.000000	0.000000
1590.839966	-210.000000	0.000000
1590.855957	-81.800003	0.000000
1590.871948	-210.000000	0.000000
1590.887939	-210.000000	0.000000
1590.904053	-86.970001	0.000000
1590.920044	-210.000000	0.000000
1590.936035	-210.000000	0.000000
1590.952026	-210.000000	0.000000
1590.968018	-210.000000	0.000000
1590.984009	-80.949997	0.000000
1591.000000	-210.000000	0.000000
