Wavelength (nm)	Transmission (dBm)	Linear Transmission
1575.000000	-85.889999	0.000000
1575.015991	-210.000000	0.000000
1575.031982	-210.000000	0.000000
1575.047974	-210.000000	0.000000
1575.063965	-88.440002	0.000000
1575.079956	-85.019997	0.000000
1575.095947	-82.010002	0.000000
1575.112061	-210.000000	0.000000
1575.128052	-80.519997	0.000000
1575.144043	-210.000000	0.000000
1575.160034	-210.000000	0.000000
1575.176025	-86.980003	0.000000
1575.192017	-87.650002	0.000000
1575.208008	-210.000000	0.000000
1575.223999	-210.000000	0.000000
1575.239990	-83.669998	0.000000
1575.255981	-210.000000	0.000000
1575.271973	-81.629997	0.000000
1575.287964	-210.000000	0.000000
1575.303955	-210.000000	0.000000
1575.319946	-84.639999	0.000000
1575.336060	-210.000000	0.000000
1575.352051	-210.000000	0.000000
1575.368042	-210.000000	0.000000
1575.384033	-80.959999	0.000000
1575.400024	-81.809998	0.000000
1575.416016	-85.019997	0.000000
1575.432007	-210.000000	0.000000
1575.447998	-80.809998	0.000000
1575.463989	-210.000000	0.000000
1575.479980	-210.000000	0.000000
1575.495972	-210.000000	0.000000
1575.511963	-210.000000	0.000000
1575.527954	-210.000000	0.000000
1575.543945	-87.660004	0.000000
1575.560059	-210.000000	0.000000
1575.576050	-210.000000	0.000000
1575.592041	-210.000000	0.000000
1575.608032	-210.000000	0.000000
1575.624023	-89.419998	0.000000
1575.640015	-210.000000	0.000000
1575.656006	-84.300003	0.000000
1575.671997	-83.680000	0.000000
1575.687988	-92.430000	0.000000
1575.703979	-210.000000	0.000000
1575.719971	-210.000000	0.000000
1575.735962	-210.000000	0.000000
1575.751953	-210.000000	0.000000
1575.767944	-90.669998	0.000000
1575.784058	-210.000000	0.000000
1575.800049	-210.000000	0.000000
1575.816040	-210.000000	0.000000
1575.832031	-210.000000	0.000000
1575.848022	-88.449997	0.000000
1575.864014	-210.000000	0.000000
1575.880005	-210.000000	0.000000
1575.895996	-79.760002	0.000000
1575.911987	-84.300003	0.000000
1575.927979	-210.000000	0.000000
1575.943970	-210.000000	0.000000
1575.959961	-210.000000	0.000000
1575.975952	-210.000000	0.000000
1575.991943	-83.129997	0.000000
1576.008057	-81.820000	0.000000
1576.024048	-86.989998	0.000000
1576.040039	-210.000000	0.000000
1576.056030	-85.900002	0.000000
1576.072021	-89.419998	0.000000
1576.088013	-82.220001	0.000000
1576.104004	-81.459999	0.000000
1576.119995	-210.000000	0.000000
1576.135986	-79.309998	0.000000
1576.151978	-83.129997	0.000000
1576.167969	-210.000000	0.000000
1576.183960	-210.000000	0.000000
1576.199951	-92.430000	0.000000
1576.215942	-88.449997	0.000000
1576.232056	-210.000000	0.000000
1576.248047	-210.000000	0.000000
1576.264038	-210.000000	0.000000
1576.280029	-210.000000	0.000000
1576.296021	-210.000000	0.000000
1576.312012	-210.000000	0.000000
1576.328003	-81.459999	0.000000
1576.343994	-210.000000	0.000000
1576.359985	-210.000000	0.000000
1576.375977	-95.440002	0.000000
1576.391968	-210.000000	0.000000
1576.407959	-210.000000	0.000000
1576.423950	-210.000000	0.000000
1576.439941	-95.440002	0.000000
1576.456055	-210.000000	0.000000
1576.472046	-210.000000	0.000000
1576.488037	-210.000000	0.000000
1576.504028	-88.449997	0.000000
1576.520020	-83.680000	0.000000
1576.536011	-79.760002	0.000000
1576.552002	-83.980003	0.000000
1576.567993	-80.970001	0.000000
1576.583984	-210.000000	0.000000
1576.599976	-86.989998	0.000000
1576.615967	-210.000000	0.000000
1576.631958	-210.000000	0.000000
1576.647949	-84.650002	0.000000
1576.663940	-210.000000	0.000000
1576.680054	-210.000000	0.000000
1576.696045	-210.000000	0.000000
1576.712036	-210.000000	0.000000
1576.728027	-210.000000	0.000000
1576.744019	-90.669998	0.000000
1576.760010	-210.000000	0.000000
1576.776001	-82.650002	0.000000
1576.791992	-210.000000	0.000000
1576.807983	-210.000000	0.000000
1576.823975	-87.660004	0.000000
1576.839966	-89.419998	0.000000
1576.855957	-80.970001	0.000000
1576.871948	-210.000000	0.000000
1576.887939	-210.000000	0.000000
1576.904053	-82.220001	0.000000
1576.920044	-79.879997	0.000000
1576.936035	-80.669998	0.000000
1576.952026	-210.000000	0.000000
1576.968018	-210.000000	0.000000
1576.984009	-210.000000	0.000000
1577.000000	-82.220001	0.000000
1577.015991	-82.430000	0.000000
1577.031982	-87.660004	0.000000
1577.047974	-87.660004	0.000000
1577.063965	-79.879997	0.000000
1577.079956	-210.000000	0.000000
1577.095947	-79.529999	0.000000
1577.112061	-210.000000	0.000000
1577.128052	-210.000000	0.000000
1577.144043	-83.400002	0.000000
1577.160034	-210.000000	0.000000
1577.176025	-210.000000	0.000000
1577.192017	-87.660004	0.000000
1577.208008	-90.669998	0.000000
1577.223999	-81.820000	0.000000
1577.239990	-210.000000	0.000000
1577.255981	-86.989998	0.000000
1577.271973	-210.000000	0.000000
1577.287964	-210.000000	0.000000
1577.303955	-84.300003	0.000000
1577.319946	-210.000000	0.000000
1577.336060	-210.000000	0.000000
1577.352051	-87.660004	0.000000
1577.368042	-92.430000	0.000000
1577.384033	-85.440002	0.000000
1577.400024	-210.000000	0.000000
1577.416016	-210.000000	0.000000
1577.432007	-210.000000	0.000000
1577.447998	-83.980003	0.000000
1577.463989	-210.000000	0.000000
1577.479980	-95.440002	0.000000
1577.495972	-210.000000	0.000000
1577.511963	-210.000000	0.000000
1577.527954	-210.000000	0.000000
1577.543945	-80.529999	0.000000
1577.560059	-210.000000	0.000000
1577.576050	-82.650002	0.000000
1577.592041	-210.000000	0.000000
1577.608032	-85.900002	0.000000
1577.624023	-83.400002	0.000000
1577.640015	-210.000000	0.000000
1577.656006	-210.000000	0.000000
1577.671997	-210.000000	0.000000
1577.687988	-210.000000	0.000000
1577.703979	-210.000000	0.000000
1577.719971	-210.000000	0.000000
1577.735962	-210.000000	0.000000
1577.751953	-210.000000	0.000000
1577.767944	-92.430000	0.000000
1577.784058	-81.639999	0.000000
1577.800049	-210.000000	0.000000
1577.816040	-85.029999	0.000000
1577.832031	-81.459999	0.000000
1577.848022	-210.000000	0.000000
1577.864014	-210.000000	0.000000
1577.880005	-210.000000	0.000000
1577.895996	-83.980003	0.000000
1577.911987	-87.660004	0.000000
1577.927979	-210.000000	0.000000
1577.943970	-210.000000	0.000000
1577.959961	-210.000000	0.000000
1577.975952	-86.410004	0.000000
1577.991943	-78.820000	0.000000
1578.008057	-84.309998	0.000000
1578.024048	-210.000000	0.000000
1578.040039	-85.449997	0.000000
1578.056030	-210.000000	0.000000
1578.072021	-80.129997	0.000000
1578.088013	-78.550003	0.000000
1578.104004	-83.989998	0.000000
1578.119995	-210.000000	0.000000
1578.135986	-210.000000	0.000000
1578.151978	-210.000000	0.000000
1578.167969	-210.000000	0.000000
1578.183960	-210.000000	0.000000
1578.199951	-210.000000	0.000000
1578.215942	-88.459999	0.000000
1578.232056	-210.000000	0.000000
1578.248047	-210.000000	0.000000
1578.264038	-210.000000	0.000000
1578.280029	-210.000000	0.000000
1578.296021	-210.000000	0.000000
1578.312012	-210.000000	0.000000
1578.328003	-87.669998	0.000000
1578.343994	-87.000000	0.000000
1578.359985	-210.000000	0.000000
1578.375977	-210.000000	0.000000
1578.391968	-210.000000	0.000000
1578.407959	-210.000000	0.000000
1578.423950	-210.000000	0.000000
1578.439941	-80.010002	0.000000
1578.456055	-79.110001	0.000000
1578.472046	-90.680000	0.000000
1578.488037	-210.000000	0.000000
1578.504028	-82.660004	0.000000
1578.520020	-210.000000	0.000000
1578.536011	-210.000000	0.000000
1578.552002	-210.000000	0.000000
1578.567993	-210.000000	0.000000
1578.583984	-84.660004	0.000000
1578.599976	-210.000000	0.000000
1578.615967	-210.000000	0.000000
1578.631958	-82.029999	0.000000
1578.647949	-210.000000	0.000000
1578.663940	-210.000000	0.000000
1578.680054	-89.430000	0.000000
1578.696045	-82.230003	0.000000
1578.712036	-210.000000	0.000000
1578.728027	-210.000000	0.000000
1578.744019	-85.910004	0.000000
1578.760010	-210.000000	0.000000
1578.776001	-210.000000	0.000000
1578.791992	-210.000000	0.000000
1578.807983	-210.000000	0.000000
1578.823975	-210.000000	0.000000
1578.839966	-210.000000	0.000000
1578.855957	-82.230003	0.000000
1578.871948	-210.000000	0.000000
1578.887939	-210.000000	0.000000
1578.904053	-210.000000	0.000000
1578.920044	-210.000000	0.000000
1578.936035	-84.660004	0.000000
1578.952026	-210.000000	0.000000
1578.968018	-210.000000	0.000000
1578.984009	-210.000000	0.000000
1579.000000	-210.000000	0.000000
1579.015991	-210.000000	0.000000
1579.031982	-210.000000	0.000000
1579.047974	-85.449997	0.000000
1579.063965	-90.680000	0.000000
1579.079956	-210.000000	0.000000
1579.095947	-210.000000	0.000000
1579.112061	-95.449997	0.000000
1579.128052	-210.000000	0.000000
1579.144043	-210.000000	0.000000
1579.160034	-210.000000	0.000000
1579.176025	-210.000000	0.000000
1579.192017	-84.309998	0.000000
1579.208008	-210.000000	0.000000
1579.223999	-210.000000	0.000000
1579.239990	-210.000000	0.000000
1579.255981	-210.000000	0.000000
1579.271973	-85.449997	0.000000
1579.287964	-210.000000	0.000000
1579.303955	-80.010002	0.000000
1579.319946	-210.000000	0.000000
1579.336060	-210.000000	0.000000
1579.352051	-210.000000	0.000000
1579.368042	-210.000000	0.000000
1579.384033	-210.000000	0.000000
1579.400024	-81.470001	0.000000
1579.416016	-88.459999	0.000000
1579.432007	-210.000000	0.000000
1579.447998	-92.440002	0.000000
1579.463989	-210.000000	0.000000
1579.479980	-210.000000	0.000000
1579.495972	-85.449997	0.000000
1579.511963	-210.000000	0.000000
1579.527954	-82.900002	0.000000
1579.543945	-79.650002	0.000000
1579.560059	-210.000000	0.000000
1579.576050	-210.000000	0.000000
1579.592041	-81.650002	0.000000
1579.608032	-83.410004	0.000000
1579.624023	-210.000000	0.000000
1579.640015	-95.449997	0.000000
1579.656006	-210.000000	0.000000
1579.671997	-80.540001	0.000000
1579.687988	-210.000000	0.000000
1579.703979	-79.220001	0.000000
1579.719971	-90.680000	0.000000
1579.735962	-210.000000	0.000000
1579.751953	-87.000000	0.000000
1579.767944	-210.000000	0.000000
1579.784058	-80.400002	0.000000
1579.800049	-80.540001	0.000000
1579.816040	-210.000000	0.000000
1579.832031	-210.000000	0.000000
1579.848022	-210.000000	0.000000
1579.864014	-81.470001	0.000000
1579.880005	-210.000000	0.000000
1579.895996	-88.459999	0.000000
1579.911987	-210.000000	0.000000
1579.927979	-82.900002	0.000000
1579.943970	-84.660004	0.000000
1579.959961	-210.000000	0.000000
1579.975952	-84.309998	0.000000
1579.991943	-79.110001	0.000000
1580.008057	-77.250000	0.000000
1580.024048	-80.400002	0.000000
1580.040039	-210.000000	0.000000
1580.056030	-78.459999	0.000000
1580.072021	-76.820000	0.000000
1580.088013	-78.550003	0.000000
1580.104004	-74.690002	0.000000
1580.119995	-78.290001	0.000000
1580.135986	-77.529999	0.000000
1580.151978	-74.620003	0.000000
1580.167969	-74.279999	0.000000
1580.183960	-72.989998	0.000000
1580.199951	-73.440002	0.000000
1580.215942	-73.019997	0.000000
1580.232056	-73.169998	0.000000
1580.248047	-72.870003	0.000000
1580.264038	-72.190002	0.000000
1580.280029	-71.930000	0.000000
1580.296021	-72.529999	0.000000
1580.312012	-71.669998	0.000000
1580.328003	-71.889999	0.000000
1580.343994	-71.699997	0.000000
1580.359985	-71.610001	0.000000
1580.375977	-70.959999	0.000000
1580.391968	-70.809998	0.000000
1580.407959	-70.980003	0.000000
1580.423950	-70.839996	0.000000
1580.439941	-70.050003	0.000000
1580.456055	-70.639999	0.000000
1580.472046	-70.620003	0.000000
1580.488037	-70.580002	0.000000
1580.504028	-70.779999	0.000000
1580.520020	-70.699997	0.000000
1580.536011	-70.300003	0.000000
1580.552002	-69.629997	0.000000
1580.567993	-69.279999	0.000000
1580.583984	-69.959999	0.000000
1580.599976	-69.750000	0.000000
1580.615967	-70.309998	0.000000
1580.631958	-69.980003	0.000000
1580.647949	-69.900002	0.000000
1580.663940	-69.620003	0.000000
1580.680054	-69.400002	0.000000
1580.696045	-69.839996	0.000000
1580.712036	-68.910004	0.000000
1580.728027	-69.080002	0.000000
1580.744019	-68.989998	0.000000
1580.760010	-68.980003	0.000000
1580.776001	-69.440002	0.000000
1580.791992	-69.730003	0.000000
1580.807983	-69.709999	0.000000
1580.823975	-69.809998	0.000000
1580.839966	-69.180000	0.000000
1580.855957	-68.959999	0.000000
1580.871948	-69.190002	0.000000
1580.887939	-68.830002	0.000000
1580.904053	-69.080002	0.000000
1580.920044	-69.040001	0.000000
1580.936035	-69.230003	0.000000
1580.952026	-69.550003	0.000000
1580.968018	-69.190002	0.000000
1580.984009	-69.379997	0.000000
1581.000000	-69.199997	0.000000
1581.015991	-68.720001	0.000000
1581.031982	-68.010002	0.000000
1581.047974	-68.449997	0.000000
1581.063965	-68.790001	0.000000
1581.079956	-68.739998	0.000000
1581.095947	-69.040001	0.000000
1581.112061	-68.900002	0.000000
1581.128052	-68.769997	0.000000
1581.144043	-68.500000	0.000000
1581.160034	-68.309998	0.000000
1581.176025	-68.389999	0.000000
1581.192017	-68.250000	0.000000
1581.208008	-68.519997	0.000000
1581.223999	-68.620003	0.000000
1581.239990	-68.919998	0.000000
1581.255981	-68.949997	0.000000
1581.271973	-68.949997	0.000000
1581.287964	-68.980003	0.000000
1581.303955	-68.870003	0.000000
1581.319946	-68.940002	0.000000
1581.336060	-68.690002	0.000000
1581.352051	-68.949997	0.000000
1581.368042	-69.330002	0.000000
1581.384033	-69.370003	0.000000
1581.400024	-69.360001	0.000000
1581.416016	-69.739998	0.000000
1581.432007	-69.779999	0.000000
1581.447998	-69.660004	0.000000
1581.463989	-69.800003	0.000000
1581.479980	-69.599998	0.000000
1581.495972	-69.639999	0.000000
1581.511963	-69.930000	0.000000
1581.527954	-69.720001	0.000000
1581.543945	-70.300003	0.000000
1581.560059	-70.389999	0.000000
1581.576050	-70.529999	0.000000
1581.592041	-70.440002	0.000000
1581.608032	-69.860001	0.000000
1581.624023	-70.040001	0.000000
1581.640015	-70.370003	0.000000
1581.656006	-70.379997	0.000000
1581.671997	-70.570000	0.000000
1581.687988	-70.690002	0.000000
1581.703979	-70.669998	0.000000
1581.719971	-70.389999	0.000000
1581.735962	-70.250000	0.000000
1581.751953	-69.989998	0.000000
1581.767944	-69.970001	0.000000
1581.784058	-69.730003	0.000000
1581.800049	-70.129997	0.000000
1581.816040	-70.550003	0.000000
1581.832031	-69.900002	0.000000
1581.848022	-69.769997	0.000000
1581.864014	-70.029999	0.000000
1581.880005	-69.779999	0.000000
1581.895996	-69.430000	0.000000
1581.911987	-69.169998	0.000000
1581.927979	-68.959999	0.000000
1581.943970	-69.059998	0.000000
1581.959961	-68.959999	0.000000
1581.975952	-69.019997	0.000000
1581.991943	-69.019997	0.000000
1582.008057	-69.279999	0.000000
1582.024048	-68.940002	0.000000
1582.040039	-68.930000	0.000000
1582.056030	-68.610001	0.000000
1582.072021	-68.489998	0.000000
1582.088013	-68.550003	0.000000
1582.104004	-68.599998	0.000000
1582.119995	-68.510002	0.000000
1582.135986	-68.540001	0.000000
1582.151978	-68.389999	0.000000
1582.167969	-68.230003	0.000000
1582.183960	-68.220001	0.000000
1582.199951	-68.019997	0.000000
1582.215942	-67.660004	0.000000
1582.232056	-67.800003	0.000000
1582.248047	-67.690002	0.000000
1582.264038	-67.989998	0.000000
1582.280029	-67.949997	0.000000
1582.296021	-67.989998	0.000000
1582.312012	-68.120003	0.000000
1582.328003	-67.739998	0.000000
1582.343994	-67.540001	0.000000
1582.359985	-67.040001	0.000000
1582.375977	-66.919998	0.000000
1582.391968	-67.029999	0.000000
1582.407959	-67.059998	0.000000
1582.423950	-67.500000	0.000000
1582.439941	-67.389999	0.000000
1582.456055	-67.169998	0.000000
1582.472046	-67.129997	0.000000
1582.488037	-66.930000	0.000000
1582.504028	-66.870003	0.000000
1582.520020	-66.889999	0.000000
1582.536011	-66.779999	0.000000
1582.552002	-66.779999	0.000000
1582.567993	-66.889999	0.000000
1582.583984	-67.379997	0.000000
1582.599976	-67.169998	0.000000
1582.615967	-67.290001	0.000000
1582.631958	-66.980003	0.000000
1582.647949	-66.930000	0.000000
1582.663940	-66.879997	0.000000
1582.680054	-67.089996	0.000000
1582.696045	-67.169998	0.000000
1582.712036	-67.379997	0.000000
1582.728027	-67.519997	0.000000
1582.744019	-67.230003	0.000000
1582.760010	-67.500000	0.000000
1582.776001	-67.000000	0.000000
1582.791992	-67.080002	0.000000
1582.807983	-67.169998	0.000000
1582.823975	-66.910004	0.000000
1582.839966	-67.010002	0.000000
1582.855957	-66.889999	0.000000
1582.871948	-66.750000	0.000000
1582.887939	-66.540001	0.000000
1582.904053	-66.360001	0.000000
1582.920044	-66.120003	0.000000
1582.936035	-65.470001	0.000000
1582.952026	-65.379997	0.000000
1582.968018	-65.099998	0.000000
1582.984009	-64.889999	0.000000
1583.000000	-64.690002	0.000000
1583.015991	-64.410004	0.000000
1583.031982	-64.180000	0.000000
1583.047974	-64.000000	0.000000
1583.063965	-63.369999	0.000000
1583.079956	-62.869999	0.000001
1583.095947	-62.290001	0.000001
1583.112061	-61.910000	0.000001
1583.128052	-61.740002	0.000001
1583.144043	-61.540001	0.000001
1583.160034	-61.400002	0.000001
1583.176025	-61.119999	0.000001
1583.192017	-60.599998	0.000001
1583.208008	-60.060001	0.000001
1583.223999	-59.540001	0.000001
1583.239990	-59.080002	0.000001
1583.255981	-58.709999	0.000001
1583.271973	-58.360001	0.000001
1583.287964	-58.070000	0.000002
1583.303955	-57.830002	0.000002
1583.319946	-57.549999	0.000002
1583.336060	-57.200001	0.000002
1583.352051	-56.689999	0.000002
1583.368042	-55.869999	0.000003
1583.384033	-55.070000	0.000003
1583.400024	-54.509998	0.000004
1583.416016	-54.110001	0.000004
1583.432007	-53.820000	0.000004
1583.447998	-53.540001	0.000004
1583.463989	-53.119999	0.000005
1583.479980	-52.509998	0.000006
1583.495972	-51.889999	0.000006
1583.511963	-51.160000	0.000008
1583.527954	-50.580002	0.000009
1583.543945	-50.020000	0.000010
1583.560059	-49.520000	0.000011
1583.576050	-49.160000	0.000012
1583.592041	-48.959999	0.000013
1583.608032	-48.770000	0.000013
1583.624023	-48.630001	0.000014
1583.640015	-48.490002	0.000014
1583.656006	-48.310001	0.000015
1583.671997	-48.090000	0.000016
1583.687988	-47.900002	0.000016
1583.703979	-47.730000	0.000017
1583.719971	-47.619999	0.000017
1583.735962	-47.560001	0.000018
1583.751953	-47.580002	0.000017
1583.767944	-47.639999	0.000017
1583.784058	-47.730000	0.000017
1583.800049	-47.770000	0.000017
1583.816040	-47.759998	0.000017
1583.832031	-47.720001	0.000017
1583.848022	-47.700001	0.000017
1583.864014	-47.720001	0.000017
1583.880005	-47.849998	0.000016
1583.895996	-48.040001	0.000016
1583.911987	-48.220001	0.000015
1583.927979	-48.590000	0.000014
1583.943970	-49.020000	0.000013
1583.959961	-49.369999	0.000012
1583.975952	-49.669998	0.000011
1583.991943	-49.880001	0.000010
1584.008057	-50.020000	0.000010
1584.024048	-50.250000	0.000009
1584.040039	-50.529999	0.000009
1584.056030	-50.860001	0.000008
1584.072021	-51.349998	0.000007
1584.088013	-51.840000	0.000007
1584.104004	-52.169998	0.000006
1584.119995	-52.549999	0.000006
1584.135986	-52.750000	0.000005
1584.151978	-52.849998	0.000005
1584.167969	-52.970001	0.000005
1584.183960	-53.099998	0.000005
1584.199951	-53.320000	0.000005
1584.215942	-53.650002	0.000004
1584.232056	-54.020000	0.000004
1584.248047	-54.540001	0.000004
1584.264038	-54.849998	0.000003
1584.280029	-54.970001	0.000003
1584.296021	-55.029999	0.000003
1584.312012	-55.090000	0.000003
1584.328003	-55.200001	0.000003
1584.343994	-55.340000	0.000003
1584.359985	-55.630001	0.000003
1584.375977	-55.980000	0.000003
1584.391968	-56.430000	0.000002
1584.407959	-56.869999	0.000002
1584.423950	-57.020000	0.000002
1584.439941	-57.000000	0.000002
1584.456055	-57.009998	0.000002
1584.472046	-57.080002	0.000002
1584.488037	-57.189999	0.000002
1584.504028	-57.439999	0.000002
1584.520020	-57.720001	0.000002
1584.536011	-58.220001	0.000002
1584.552002	-58.590000	0.000001
1584.567993	-58.669998	0.000001
1584.583984	-58.660000	0.000001
1584.599976	-58.650002	0.000001
1584.615967	-58.689999	0.000001
1584.631958	-58.720001	0.000001
1584.647949	-58.939999	0.000001
1584.663940	-59.139999	0.000001
1584.680054	-59.459999	0.000001
1584.696045	-59.730000	0.000001
1584.712036	-59.820000	0.000001
1584.728027	-59.709999	0.000001
1584.744019	-59.590000	0.000001
1584.760010	-59.580002	0.000001
1584.776001	-59.650002	0.000001
1584.791992	-59.830002	0.000001
1584.807983	-59.970001	0.000001
1584.823975	-60.279999	0.000001
1584.839966	-60.560001	0.000001
1584.855957	-60.709999	0.000001
1584.871948	-60.820000	0.000001
1584.887939	-60.709999	0.000001
1584.904053	-60.639999	0.000001
1584.920044	-60.660000	0.000001
1584.936035	-60.799999	0.000001
1584.952026	-60.980000	0.000001
1584.968018	-61.290001	0.000001
1584.984009	-61.630001	0.000001
1585.000000	-61.959999	0.000001
1585.015991	-61.939999	0.000001
1585.031982	-61.799999	0.000001
1585.047974	-61.900002	0.000001
1585.063965	-61.980000	0.000001
1585.079956	-61.990002	0.000001
1585.095947	-62.279999	0.000001
1585.112061	-62.650002	0.000001
1585.128052	-63.020000	0.000000
1585.144043	-63.349998	0.000000
1585.160034	-63.340000	0.000000
1585.176025	-63.320000	0.000000
1585.192017	-63.230000	0.000000
1585.208008	-63.200001	0.000000
1585.223999	-63.259998	0.000000
1585.239990	-63.439999	0.000000
1585.255981	-63.669998	0.000000
1585.271973	-63.919998	0.000000
1585.287964	-64.239998	0.000000
1585.303955	-64.300003	0.000000
1585.319946	-64.230003	0.000000
1585.336060	-64.019997	0.000000
1585.352051	-63.970001	0.000000
1585.368042	-63.990002	0.000000
1585.384033	-63.970001	0.000000
1585.400024	-64.070000	0.000000
1585.416016	-64.250000	0.000000
1585.432007	-64.650002	0.000000
1585.447998	-64.790001	0.000000
1585.463989	-64.599998	0.000000
1585.479980	-64.449997	0.000000
1585.495972	-64.150002	0.000000
1585.511963	-64.089996	0.000000
1585.527954	-64.250000	0.000000
1585.543945	-64.339996	0.000000
1585.560059	-64.449997	0.000000
1585.576050	-64.660004	0.000000
1585.592041	-64.790001	0.000000
1585.608032	-64.660004	0.000000
1585.624023	-64.599998	0.000000
1585.640015	-64.500000	0.000000
1585.656006	-64.419998	0.000000
1585.671997	-64.519997	0.000000
1585.687988	-64.550003	0.000000
1585.703979	-64.709999	0.000000
1585.719971	-64.910004	0.000000
1585.735962	-64.989998	0.000000
1585.751953	-65.370003	0.000000
1585.767944	-65.190002	0.000000
1585.784058	-64.959999	0.000000
1585.800049	-64.959999	0.000000
1585.816040	-65.019997	0.000000
1585.832031	-65.209999	0.000000
1585.848022	-65.309998	0.000000
1585.864014	-65.489998	0.000000
1585.880005	-65.629997	0.000000
1585.895996	-65.639999	0.000000
1585.911987	-65.690002	0.000000
1585.927979	-65.489998	0.000000
1585.943970	-65.529999	0.000000
1585.959961	-65.529999	0.000000
1585.975952	-65.570000	0.000000
1585.991943	-65.510002	0.000000
1586.008057	-66.050003	0.000000
1586.024048	-66.120003	0.000000
1586.040039	-66.300003	0.000000
1586.056030	-66.139999	0.000000
1586.072021	-66.059998	0.000000
1586.088013	-66.010002	0.000000
1586.104004	-66.010002	0.000000
1586.119995	-66.239998	0.000000
1586.135986	-66.379997	0.000000
1586.151978	-66.459999	0.000000
1586.167969	-66.529999	0.000000
1586.183960	-66.849998	0.000000
1586.199951	-66.779999	0.000000
1586.215942	-66.739998	0.000000
1586.232056	-66.989998	0.000000
1586.248047	-66.570000	0.000000
1586.264038	-66.809998	0.000000
1586.280029	-66.889999	0.000000
1586.296021	-67.220001	0.000000
1586.312012	-67.500000	0.000000
1586.328003	-67.629997	0.000000
1586.343994	-68.080002	0.000000
1586.359985	-67.849998	0.000000
1586.375977	-67.980003	0.000000
1586.391968	-68.160004	0.000000
1586.407959	-68.500000	0.000000
1586.423950	-68.760002	0.000000
1586.439941	-69.000000	0.000000
1586.456055	-68.629997	0.000000
1586.472046	-69.760002	0.000000
1586.488037	-69.919998	0.000000
1586.504028	-70.580002	0.000000
1586.520020	-70.019997	0.000000
1586.536011	-70.650002	0.000000
1586.552002	-70.650002	0.000000
1586.567993	-70.800003	0.000000
1586.583984	-71.360001	0.000000
1586.599976	-72.410004	0.000000
1586.615967	-73.919998	0.000000
1586.631958	-73.059998	0.000000
1586.647949	-73.889999	0.000000
1586.663940	-73.129997	0.000000
1586.680054	-73.510002	0.000000
1586.696045	-74.139999	0.000000
1586.712036	-74.010002	0.000000
1586.728027	-76.459999	0.000000
1586.744019	-75.949997	0.000000
1586.760010	-76.519997	0.000000
1586.776001	-78.449997	0.000000
1586.791992	-79.309998	0.000000
1586.807983	-79.760002	0.000000
1586.823975	-80.389999	0.000000
1586.839966	-82.650002	0.000000
1586.855957	-210.000000	0.000000
1586.871948	-78.279999	0.000000
1586.887939	-210.000000	0.000000
1586.904053	-210.000000	0.000000
1586.920044	-82.889999	0.000000
1586.936035	-87.660004	0.000000
1586.952026	-210.000000	0.000000
1586.968018	-210.000000	0.000000
1586.984009	-86.410004	0.000000
1587.000000	-210.000000	0.000000
1587.015991	-83.129997	0.000000
1587.031982	-210.000000	0.000000
1587.047974	-210.000000	0.000000
1587.063965	-210.000000	0.000000
1587.079956	-210.000000	0.000000
1587.095947	-210.000000	0.000000
1587.112061	-210.000000	0.000000
1587.128052	-210.000000	0.000000
1587.144043	-210.000000	0.000000
1587.160034	-210.000000	0.000000
1587.176025	-80.529999	0.000000
1587.192017	-88.449997	0.000000
1587.208008	-79.099998	0.000000
1587.223999	-79.639999	0.000000
1587.239990	-83.400002	0.000000
1587.255981	-210.000000	0.000000
1587.271973	-210.000000	0.000000
1587.287964	-85.440002	0.000000
1587.303955	-83.680000	0.000000
1587.319946	-210.000000	0.000000
1587.336060	-86.989998	0.000000
1587.352051	-86.410004	0.000000
1587.368042	-210.000000	0.000000
1587.384033	-210.000000	0.000000
1587.400024	-210.000000	0.000000
1587.416016	-210.000000	0.000000
1587.432007	-210.000000	0.000000
1587.447998	-84.650002	0.000000
1587.463989	-210.000000	0.000000
1587.479980	-210.000000	0.000000
1587.495972	-210.000000	0.000000
1587.511963	-210.000000	0.000000
1587.527954	-210.000000	0.000000
1587.543945	-210.000000	0.000000
1587.560059	-83.129997	0.000000
1587.576050	-80.669998	0.000000
1587.592041	-80.000000	0.000000
1587.608032	-85.440002	0.000000
1587.624023	-80.389999	0.000000
1587.640015	-210.000000	0.000000
1587.656006	-210.000000	0.000000
1587.671997	-210.000000	0.000000
1587.687988	-85.900002	0.000000
1587.703979	-85.900002	0.000000
1587.719971	-210.000000	0.000000
1587.735962	-82.889999	0.000000
1587.751953	-210.000000	0.000000
1587.767944	-82.889999	0.000000
1587.784058	-90.669998	0.000000
1587.800049	-210.000000	0.000000
1587.816040	-210.000000	0.000000
1587.832031	-210.000000	0.000000
1587.848022	-210.000000	0.000000
1587.864014	-210.000000	0.000000
1587.880005	-84.650002	0.000000
1587.895996	-90.669998	0.000000
1587.911987	-77.879997	0.000000
1587.927979	-81.459999	0.000000
1587.943970	-82.430000	0.000000
1587.959961	-210.000000	0.000000
1587.975952	-210.000000	0.000000
1587.991943	-210.000000	0.000000
1588.008057	-81.449997	0.000000
1588.024048	-85.430000	0.000000
1588.040039	-210.000000	0.000000
1588.056030	-210.000000	0.000000
1588.072021	-210.000000	0.000000
1588.088013	-210.000000	0.000000
1588.104004	-82.879997	0.000000
1588.119995	-80.519997	0.000000
1588.135986	-210.000000	0.000000
1588.151978	-87.650002	0.000000
1588.167969	-210.000000	0.000000
1588.183960	-210.000000	0.000000
1588.199951	-85.889999	0.000000
1588.215942	-85.889999	0.000000
1588.232056	-80.110001	0.000000
1588.248047	-88.440002	0.000000
1588.264038	-210.000000	0.000000
1588.280029	-210.000000	0.000000
1588.296021	-82.639999	0.000000
1588.312012	-210.000000	0.000000
1588.328003	-210.000000	0.000000
1588.343994	-210.000000	0.000000
1588.359985	-210.000000	0.000000
1588.375977	-79.870003	0.000000
1588.391968	-86.400002	0.000000
1588.407959	-210.000000	0.000000
1588.423950	-82.010002	0.000000
1588.439941	-83.970001	0.000000
1588.456055	-90.660004	0.000000
1588.472046	-83.389999	0.000000
1588.488037	-79.750000	0.000000
1588.504028	-210.000000	0.000000
1588.520020	-90.660004	0.000000
1588.536011	-85.430000	0.000000
1588.552002	-210.000000	0.000000
1588.567993	-82.209999	0.000000
1588.583984	-79.629997	0.000000
1588.599976	-210.000000	0.000000
1588.615967	-210.000000	0.000000
1588.631958	-95.430000	0.000000
1588.647949	-80.519997	0.000000
1588.663940	-80.110001	0.000000
1588.680054	-210.000000	0.000000
1588.696045	-83.389999	0.000000
1588.712036	-83.120003	0.000000
1588.728027	-210.000000	0.000000
1588.744019	-83.120003	0.000000
1588.760010	-210.000000	0.000000
1588.776001	-210.000000	0.000000
1588.791992	-84.639999	0.000000
1588.807983	-210.000000	0.000000
1588.823975	-210.000000	0.000000
1588.839966	-210.000000	0.000000
1588.855957	-210.000000	0.000000
1588.871948	-82.010002	0.000000
1588.887939	-210.000000	0.000000
1588.904053	-79.410004	0.000000
1588.920044	-210.000000	0.000000
1588.936035	-83.669998	0.000000
1588.952026	-210.000000	0.000000
1588.968018	-80.110001	0.000000
1588.984009	-83.120003	0.000000
1589.000000	-95.430000	0.000000
1589.015991	-86.400002	0.000000
1589.031982	-87.650002	0.000000
1589.047974	-210.000000	0.000000
1589.063965	-210.000000	0.000000
1589.079956	-210.000000	0.000000
1589.095947	-84.639999	0.000000
1589.112061	-81.629997	0.000000
1589.128052	-210.000000	0.000000
1589.144043	-81.120003	0.000000
1589.160034	-89.410004	0.000000
1589.176025	-210.000000	0.000000
1589.192017	-82.010002	0.000000
1589.208008	-210.000000	0.000000
1589.223999	-210.000000	0.000000
1589.239990	-79.870003	0.000000
1589.255981	-87.650002	0.000000
1589.271973	-210.000000	0.000000
1589.287964	-85.430000	0.000000
1589.303955	-83.669998	0.000000
1589.319946	-210.000000	0.000000
1589.336060	-210.000000	0.000000
1589.352051	-83.120003	0.000000
1589.368042	-210.000000	0.000000
1589.384033	-210.000000	0.000000
1589.400024	-84.290001	0.000000
1589.416016	-85.889999	0.000000
1589.432007	-80.110001	0.000000
1589.447998	-210.000000	0.000000
1589.463989	-210.000000	0.000000
1589.479980	-210.000000	0.000000
1589.495972	-210.000000	0.000000
1589.511963	-79.870003	0.000000
1589.527954	-85.019997	0.000000
1589.543945	-210.000000	0.000000
1589.560059	-82.209999	0.000000
1589.576050	-210.000000	0.000000
1589.592041	-83.389999	0.000000
1589.608032	-210.000000	0.000000
1589.624023	-82.879997	0.000000
1589.640015	-210.000000	0.000000
1589.656006	-88.440002	0.000000
1589.671997	-210.000000	0.000000
1589.687988	-210.000000	0.000000
1589.703979	-210.000000	0.000000
1589.719971	-210.000000	0.000000
1589.735962	-86.980003	0.000000
1589.751953	-86.400002	0.000000
1589.767944	-210.000000	0.000000
1589.784058	-82.419998	0.000000
1589.800049	-80.809998	0.000000
1589.816040	-82.010002	0.000000
1589.832031	-92.419998	0.000000
1589.848022	-210.000000	0.000000
1589.864014	-83.970001	0.000000
1589.880005	-210.000000	0.000000
1589.895996	-210.000000	0.000000
1589.911987	-210.000000	0.000000
1589.927979	-210.000000	0.000000
1589.943970	-86.980003	0.000000
1589.959961	-210.000000	0.000000
1589.975952	-88.440002	0.000000
1589.991943	-210.000000	0.000000
1590.008057	-79.870003	0.000000
1590.024048	-95.430000	0.000000
1590.040039	-210.000000	0.000000
1590.056030	-210.000000	0.000000
1590.072021	-86.980003	0.000000
1590.088013	-210.000000	0.000000
1590.104004	-210.000000	0.000000
1590.119995	-210.000000	0.000000
1590.135986	-82.010002	0.000000
1590.151978	-88.440002	0.000000
1590.167969	-82.209999	0.000000
1590.183960	-210.000000	0.000000
1590.199951	-88.440002	0.000000
1590.215942	-92.419998	0.000000
1590.232056	-210.000000	0.000000
1590.248047	-210.000000	0.000000
1590.264038	-87.650002	0.000000
1590.280029	-210.000000	0.000000
1590.296021	-210.000000	0.000000
1590.312012	-210.000000	0.000000
1590.328003	-210.000000	0.000000
1590.343994	-81.629997	0.000000
1590.359985	-83.389999	0.000000
1590.375977	-87.650002	0.000000
1590.391968	-210.000000	0.000000
1590.407959	-210.000000	0.000000
1590.423950	-210.000000	0.000000
1590.439941	-81.449997	0.000000
1590.456055	-85.430000	0.000000
1590.472046	-81.120003	0.000000
1590.488037	-210.000000	0.000000
1590.504028	-87.639999	0.000000
1590.520020	-210.000000	0.000000
1590.536011	-85.010002	0.000000
1590.552002	-89.400002	0.000000
1590.567993	-210.000000	0.000000
1590.583984	-81.110001	0.000000
1590.599976	-210.000000	0.000000
1590.615967	-210.000000	0.000000
1590.631958	-79.980003	0.000000
1590.647949	-210.000000	0.000000
1590.663940	-210.000000	0.000000
1590.680054	-210.000000	0.000000
1590.696045	-210.000000	0.000000
1590.712036	-81.620003	0.000000
1590.728027	-81.269997	0.000000
1590.744019	-210.000000	0.000000
1590.760010	-95.419998	0.000000
1590.776001	-210.000000	0.000000
1590.791992	-210.000000	0.000000
1590.807983	-82.629997	0.000000
1590.823975	-210.000000	0.000000
1590.839966	-79.080002	0.000000
1590.855957	-210.000000	0.000000
1590.871948	-210.000000	0.000000
1590.887939	-210.000000	0.000000
1590.904053	-210.000000	0.000000
1590.920044	-210.000000	0.000000
1590.936035	-210.000000	0.000000
1590.952026	-210.000000	0.000000
1590.968018	-81.269997	0.000000
1590.984009	-81.440002	0.000000
1591.000000	-82.410004	0.000000
