Wavelength (nm)	Transmission (dBm)	Linear Transmission
1575.000000	-210.000000	0.000000
1575.015991	-210.000000	0.000000
1575.031982	-210.000000	0.000000
1575.047974	-210.000000	0.000000
1575.063965	-210.000000	0.000000
1575.079956	-210.000000	0.000000
1575.095947	-79.750000	0.000000
1575.112061	-210.000000	0.000000
1575.128052	-83.120003	0.000000
1575.144043	-210.000000	0.000000
1575.160034	-81.120003	0.000000
1575.176025	-76.980003	0.000000
1575.192017	-210.000000	0.000000
1575.208008	-95.430000	0.000000
1575.223999	-92.419998	0.000000
1575.239990	-86.980003	0.000000
1575.255981	-92.419998	0.000000
1575.271973	-210.000000	0.000000
1575.287964	-83.120003	0.000000
1575.303955	-210.000000	0.000000
1575.319946	-210.000000	0.000000
1575.336060	-210.000000	0.000000
1575.352051	-210.000000	0.000000
1575.368042	-210.000000	0.000000
1575.384033	-81.629997	0.000000
1575.400024	-210.000000	0.000000
1575.416016	-85.889999	0.000000
1575.432007	-210.000000	0.000000
1575.447998	-210.000000	0.000000
1575.463989	-78.709999	0.000000
1575.479980	-84.290001	0.000000
1575.495972	-82.650002	0.000000
1575.511963	-82.220001	0.000000
1575.527954	-84.300003	0.000000
1575.543945	-210.000000	0.000000
1575.560059	-79.419998	0.000000
1575.576050	-210.000000	0.000000
1575.592041	-90.669998	0.000000
1575.608032	-83.400002	0.000000
1575.624023	-210.000000	0.000000
1575.640015	-90.669998	0.000000
1575.656006	-81.129997	0.000000
1575.671997	-210.000000	0.000000
1575.687988	-210.000000	0.000000
1575.703979	-81.639999	0.000000
1575.719971	-210.000000	0.000000
1575.735962	-210.000000	0.000000
1575.751953	-84.650002	0.000000
1575.767944	-210.000000	0.000000
1575.784058	-210.000000	0.000000
1575.800049	-210.000000	0.000000
1575.816040	-89.419998	0.000000
1575.832031	-85.440002	0.000000
1575.848022	-81.290001	0.000000
1575.864014	-85.029999	0.000000
1575.880005	-85.029999	0.000000
1575.895996	-90.669998	0.000000
1575.911987	-86.410004	0.000000
1575.927979	-83.980003	0.000000
1575.943970	-86.410004	0.000000
1575.959961	-210.000000	0.000000
1575.975952	-77.239998	0.000000
1575.991943	-92.430000	0.000000
1576.008057	-210.000000	0.000000
1576.024048	-210.000000	0.000000
1576.040039	-82.019997	0.000000
1576.056030	-95.440002	0.000000
1576.072021	-82.650002	0.000000
1576.088013	-81.459999	0.000000
1576.104004	-81.820000	0.000000
1576.119995	-210.000000	0.000000
1576.135986	-90.669998	0.000000
1576.151978	-85.900002	0.000000
1576.167969	-210.000000	0.000000
1576.183960	-210.000000	0.000000
1576.199951	-83.400002	0.000000
1576.215942	-210.000000	0.000000
1576.232056	-95.440002	0.000000
1576.248047	-86.410004	0.000000
1576.264038	-210.000000	0.000000
1576.280029	-86.410004	0.000000
1576.296021	-86.989998	0.000000
1576.312012	-210.000000	0.000000
1576.328003	-210.000000	0.000000
1576.343994	-210.000000	0.000000
1576.359985	-81.290001	0.000000
1576.375977	-210.000000	0.000000
1576.391968	-88.449997	0.000000
1576.407959	-87.660004	0.000000
1576.423950	-210.000000	0.000000
1576.439941	-210.000000	0.000000
1576.456055	-86.989998	0.000000
1576.472046	-210.000000	0.000000
1576.488037	-89.419998	0.000000
1576.504028	-210.000000	0.000000
1576.520020	-82.220001	0.000000
1576.536011	-210.000000	0.000000
1576.552002	-88.449997	0.000000
1576.567993	-210.000000	0.000000
1576.583984	-210.000000	0.000000
1576.599976	-210.000000	0.000000
1576.615967	-80.820000	0.000000
1576.631958	-80.120003	0.000000
1576.647949	-90.669998	0.000000
1576.663940	-210.000000	0.000000
1576.680054	-85.029999	0.000000
1576.696045	-80.120003	0.000000
1576.712036	-83.980003	0.000000
1576.728027	-210.000000	0.000000
1576.744019	-210.000000	0.000000
1576.760010	-78.540001	0.000000
1576.776001	-210.000000	0.000000
1576.791992	-89.419998	0.000000
1576.807983	-80.669998	0.000000
1576.823975	-210.000000	0.000000
1576.839966	-210.000000	0.000000
1576.855957	-210.000000	0.000000
1576.871948	-81.290001	0.000000
1576.887939	-210.000000	0.000000
1576.904053	-81.820000	0.000000
1576.920044	-82.650002	0.000000
1576.936035	-85.900002	0.000000
1576.952026	-83.680000	0.000000
1576.968018	-86.989998	0.000000
1576.984009	-210.000000	0.000000
1577.000000	-210.000000	0.000000
1577.015991	-210.000000	0.000000
1577.031982	-210.000000	0.000000
1577.047974	-82.650002	0.000000
1577.063965	-81.639999	0.000000
1577.079956	-210.000000	0.000000
1577.095947	-88.449997	0.000000
1577.112061	-210.000000	0.000000
1577.128052	-84.650002	0.000000
1577.144043	-210.000000	0.000000
1577.160034	-210.000000	0.000000
1577.176025	-210.000000	0.000000
1577.192017	-83.980003	0.000000
1577.208008	-210.000000	0.000000
1577.223999	-90.669998	0.000000
1577.239990	-78.910004	0.000000
1577.255981	-210.000000	0.000000
1577.271973	-210.000000	0.000000
1577.287964	-210.000000	0.000000
1577.303955	-210.000000	0.000000
1577.319946	-210.000000	0.000000
1577.336060	-210.000000	0.000000
1577.352051	-210.000000	0.000000
1577.368042	-210.000000	0.000000
1577.384033	-210.000000	0.000000
1577.400024	-210.000000	0.000000
1577.416016	-83.980003	0.000000
1577.432007	-82.650002	0.000000
1577.447998	-85.440002	0.000000
1577.463989	-210.000000	0.000000
1577.479980	-210.000000	0.000000
1577.495972	-210.000000	0.000000
1577.511963	-80.250000	0.000000
1577.527954	-210.000000	0.000000
1577.543945	-82.889999	0.000000
1577.560059	-210.000000	0.000000
1577.576050	-82.430000	0.000000
1577.592041	-92.430000	0.000000
1577.608032	-210.000000	0.000000
1577.624023	-210.000000	0.000000
1577.640015	-210.000000	0.000000
1577.656006	-87.660004	0.000000
1577.671997	-82.019997	0.000000
1577.687988	-82.220001	0.000000
1577.703979	-80.820000	0.000000
1577.719971	-210.000000	0.000000
1577.735962	-210.000000	0.000000
1577.751953	-81.820000	0.000000
1577.767944	-95.440002	0.000000
1577.784058	-210.000000	0.000000
1577.800049	-85.440002	0.000000
1577.816040	-84.300003	0.000000
1577.832031	-84.300003	0.000000
1577.848022	-210.000000	0.000000
1577.864014	-210.000000	0.000000
1577.880005	-80.669998	0.000000
1577.895996	-210.000000	0.000000
1577.911987	-210.000000	0.000000
1577.927979	-210.000000	0.000000
1577.943970	-84.300003	0.000000
1577.959961	-210.000000	0.000000
1577.975952	-210.000000	0.000000
1577.991943	-210.000000	0.000000
1578.008057	-210.000000	0.000000
1578.024048	-210.000000	0.000000
1578.040039	-210.000000	0.000000
1578.056030	-90.680000	0.000000
1578.072021	-88.459999	0.000000
1578.088013	-84.309998	0.000000
1578.104004	-210.000000	0.000000
1578.119995	-85.040001	0.000000
1578.135986	-95.449997	0.000000
1578.151978	-210.000000	0.000000
1578.167969	-210.000000	0.000000
1578.183960	-210.000000	0.000000
1578.199951	-210.000000	0.000000
1578.215942	-210.000000	0.000000
1578.232056	-80.680000	0.000000
1578.248047	-210.000000	0.000000
1578.264038	-210.000000	0.000000
1578.280029	-82.900002	0.000000
1578.296021	-85.040001	0.000000
1578.312012	-210.000000	0.000000
1578.328003	-85.449997	0.000000
1578.343994	-82.440002	0.000000
1578.359985	-210.000000	0.000000
1578.375977	-84.660004	0.000000
1578.391968	-210.000000	0.000000
1578.407959	-210.000000	0.000000
1578.423950	-83.989998	0.000000
1578.439941	-84.309998	0.000000
1578.456055	-210.000000	0.000000
1578.472046	-210.000000	0.000000
1578.488037	-210.000000	0.000000
1578.504028	-210.000000	0.000000
1578.520020	-80.680000	0.000000
1578.536011	-83.139999	0.000000
1578.552002	-92.440002	0.000000
1578.567993	-82.660004	0.000000
1578.583984	-210.000000	0.000000
1578.599976	-210.000000	0.000000
1578.615967	-95.449997	0.000000
1578.631958	-210.000000	0.000000
1578.647949	-82.440002	0.000000
1578.663940	-82.660004	0.000000
1578.680054	-81.470001	0.000000
1578.696045	-85.040001	0.000000
1578.712036	-210.000000	0.000000
1578.728027	-79.220001	0.000000
1578.744019	-95.449997	0.000000
1578.760010	-80.680000	0.000000
1578.776001	-210.000000	0.000000
1578.791992	-88.459999	0.000000
1578.807983	-85.910004	0.000000
1578.823975	-80.830002	0.000000
1578.839966	-210.000000	0.000000
1578.855957	-210.000000	0.000000
1578.871948	-210.000000	0.000000
1578.887939	-210.000000	0.000000
1578.904053	-95.449997	0.000000
1578.920044	-82.900002	0.000000
1578.936035	-210.000000	0.000000
1578.952026	-210.000000	0.000000
1578.968018	-82.230003	0.000000
1578.984009	-210.000000	0.000000
1579.000000	-81.650002	0.000000
1579.015991	-83.139999	0.000000
1579.031982	-90.680000	0.000000
1579.047974	-210.000000	0.000000
1579.063965	-210.000000	0.000000
1579.079956	-83.690002	0.000000
1579.095947	-210.000000	0.000000
1579.112061	-90.680000	0.000000
1579.128052	-210.000000	0.000000
1579.144043	-79.220001	0.000000
1579.160034	-210.000000	0.000000
1579.176025	-210.000000	0.000000
1579.192017	-80.260002	0.000000
1579.208008	-210.000000	0.000000
1579.223999	-82.440002	0.000000
1579.239990	-80.680000	0.000000
1579.255981	-210.000000	0.000000
1579.271973	-210.000000	0.000000
1579.287964	-82.230003	0.000000
1579.303955	-84.309998	0.000000
1579.319946	-80.680000	0.000000
1579.336060	-87.000000	0.000000
1579.352051	-210.000000	0.000000
1579.368042	-210.000000	0.000000
1579.384033	-210.000000	0.000000
1579.400024	-90.680000	0.000000
1579.416016	-87.000000	0.000000
1579.432007	-210.000000	0.000000
1579.447998	-84.660004	0.000000
1579.463989	-81.470001	0.000000
1579.479980	-210.000000	0.000000
1579.495972	-95.449997	0.000000
1579.511963	-78.290001	0.000000
1579.527954	-83.410004	0.000000
1579.543945	-80.010002	0.000000
1579.560059	-210.000000	0.000000
1579.576050	-81.470001	0.000000
1579.592041	-83.690002	0.000000
1579.608032	-82.230003	0.000000
1579.624023	-85.910004	0.000000
1579.640015	-210.000000	0.000000
1579.656006	-89.430000	0.000000
1579.671997	-87.000000	0.000000
1579.687988	-210.000000	0.000000
1579.703979	-92.440002	0.000000
1579.719971	-210.000000	0.000000
1579.735962	-210.000000	0.000000
1579.751953	-81.139999	0.000000
1579.767944	-210.000000	0.000000
1579.784058	-210.000000	0.000000
1579.800049	-87.669998	0.000000
1579.816040	-82.440002	0.000000
1579.832031	-210.000000	0.000000
1579.848022	-210.000000	0.000000
1579.864014	-210.000000	0.000000
1579.880005	-87.669998	0.000000
1579.895996	-78.459999	0.000000
1579.911987	-95.449997	0.000000
1579.927979	-88.459999	0.000000
1579.943970	-84.309998	0.000000
1579.959961	-81.300003	0.000000
1579.975952	-81.830002	0.000000
1579.991943	-77.529999	0.000000
1580.008057	-78.820000	0.000000
1580.024048	-76.260002	0.000000
1580.040039	-75.000000	0.000000
1580.056030	-75.959999	0.000000
1580.072021	-75.080002	0.000000
1580.088013	-75.959999	0.000000
1580.104004	-75.540001	0.000000
1580.119995	-75.239998	0.000000
1580.135986	-73.070000	0.000000
1580.151978	-71.370003	0.000000
1580.167969	-72.010002	0.000000
1580.183960	-71.010002	0.000000
1580.199951	-70.540001	0.000000
1580.215942	-70.739998	0.000000
1580.232056	-70.980003	0.000000
1580.248047	-70.580002	0.000000
1580.264038	-69.860001	0.000000
1580.280029	-70.440002	0.000000
1580.296021	-70.370003	0.000000
1580.312012	-69.779999	0.000000
1580.328003	-69.389999	0.000000
1580.343994	-68.879997	0.000000
1580.359985	-68.389999	0.000000
1580.375977	-68.139999	0.000000
1580.391968	-68.260002	0.000000
1580.407959	-68.239998	0.000000
1580.423950	-67.680000	0.000000
1580.439941	-67.599998	0.000000
1580.456055	-67.699997	0.000000
1580.472046	-67.760002	0.000000
1580.488037	-67.779999	0.000000
1580.504028	-68.160004	0.000000
1580.520020	-67.570000	0.000000
1580.536011	-67.120003	0.000000
1580.552002	-67.120003	0.000000
1580.567993	-66.669998	0.000000
1580.583984	-66.889999	0.000000
1580.599976	-66.830002	0.000000
1580.615967	-66.769997	0.000000
1580.631958	-66.680000	0.000000
1580.647949	-66.690002	0.000000
1580.663940	-67.150002	0.000000
1580.680054	-66.680000	0.000000
1580.696045	-66.599998	0.000000
1580.712036	-66.389999	0.000000
1580.728027	-66.339996	0.000000
1580.744019	-66.029999	0.000000
1580.760010	-66.440002	0.000000
1580.776001	-66.489998	0.000000
1580.791992	-66.690002	0.000000
1580.807983	-66.699997	0.000000
1580.823975	-66.570000	0.000000
1580.839966	-66.320000	0.000000
1580.855957	-66.019997	0.000000
1580.871948	-65.970001	0.000000
1580.887939	-65.970001	0.000000
1580.904053	-65.989998	0.000000
1580.920044	-66.169998	0.000000
1580.936035	-66.300003	0.000000
1580.952026	-66.459999	0.000000
1580.968018	-66.279999	0.000000
1580.984009	-66.300003	0.000000
1581.000000	-66.050003	0.000000
1581.015991	-65.660004	0.000000
1581.031982	-65.769997	0.000000
1581.047974	-65.809998	0.000000
1581.063965	-65.680000	0.000000
1581.079956	-65.949997	0.000000
1581.095947	-66.050003	0.000000
1581.112061	-66.129997	0.000000
1581.128052	-66.000000	0.000000
1581.144043	-66.059998	0.000000
1581.160034	-65.660004	0.000000
1581.176025	-65.449997	0.000000
1581.192017	-65.550003	0.000000
1581.208008	-65.570000	0.000000
1581.223999	-65.800003	0.000000
1581.239990	-66.019997	0.000000
1581.255981	-65.919998	0.000000
1581.271973	-66.190002	0.000000
1581.287964	-65.889999	0.000000
1581.303955	-65.680000	0.000000
1581.319946	-65.779999	0.000000
1581.336060	-65.779999	0.000000
1581.352051	-65.720001	0.000000
1581.368042	-66.050003	0.000000
1581.384033	-66.269997	0.000000
1581.400024	-66.389999	0.000000
1581.416016	-66.239998	0.000000
1581.432007	-66.250000	0.000000
1581.447998	-66.260002	0.000000
1581.463989	-66.180000	0.000000
1581.479980	-66.110001	0.000000
1581.495972	-66.089996	0.000000
1581.511963	-66.019997	0.000000
1581.527954	-66.290001	0.000000
1581.543945	-66.489998	0.000000
1581.560059	-66.430000	0.000000
1581.576050	-66.529999	0.000000
1581.592041	-66.489998	0.000000
1581.608032	-66.040001	0.000000
1581.624023	-66.220001	0.000000
1581.640015	-66.169998	0.000000
1581.656006	-66.050003	0.000000
1581.671997	-65.989998	0.000000
1581.687988	-66.080002	0.000000
1581.703979	-66.010002	0.000000
1581.719971	-65.849998	0.000000
1581.735962	-65.690002	0.000000
1581.751953	-65.500000	0.000000
1581.767944	-65.250000	0.000000
1581.784058	-65.220001	0.000000
1581.800049	-65.160004	0.000000
1581.816040	-65.209999	0.000000
1581.832031	-65.419998	0.000000
1581.848022	-65.120003	0.000000
1581.864014	-64.959999	0.000000
1581.880005	-64.779999	0.000000
1581.895996	-64.510002	0.000000
1581.911987	-64.440002	0.000000
1581.927979	-64.239998	0.000000
1581.943970	-64.230003	0.000000
1581.959961	-64.190002	0.000000
1581.975952	-64.120003	0.000000
1581.991943	-64.040001	0.000000
1582.008057	-64.250000	0.000000
1582.024048	-63.950001	0.000000
1582.040039	-63.650002	0.000000
1582.056030	-63.389999	0.000000
1582.072021	-63.509998	0.000000
1582.088013	-63.430000	0.000000
1582.104004	-63.360001	0.000000
1582.119995	-63.450001	0.000000
1582.135986	-63.480000	0.000000
1582.151978	-63.349998	0.000000
1582.167969	-63.139999	0.000000
1582.183960	-62.959999	0.000001
1582.199951	-62.880001	0.000001
1582.215942	-62.740002	0.000001
1582.232056	-62.669998	0.000001
1582.248047	-62.669998	0.000001
1582.264038	-62.740002	0.000001
1582.280029	-62.790001	0.000001
1582.296021	-62.840000	0.000001
1582.312012	-62.689999	0.000001
1582.328003	-62.560001	0.000001
1582.343994	-62.220001	0.000001
1582.359985	-62.070000	0.000001
1582.375977	-62.130001	0.000001
1582.391968	-62.119999	0.000001
1582.407959	-62.230000	0.000001
1582.423950	-62.250000	0.000001
1582.439941	-62.230000	0.000001
1582.456055	-62.270000	0.000001
1582.472046	-62.369999	0.000001
1582.488037	-62.119999	0.000001
1582.504028	-61.869999	0.000001
1582.520020	-61.869999	0.000001
1582.536011	-62.020000	0.000001
1582.552002	-62.049999	0.000001
1582.567993	-62.110001	0.000001
1582.583984	-62.340000	0.000001
1582.599976	-62.560001	0.000001
1582.615967	-62.560001	0.000001
1582.631958	-62.500000	0.000001
1582.647949	-62.419998	0.000001
1582.663940	-62.529999	0.000001
1582.680054	-62.450001	0.000001
1582.696045	-62.770000	0.000001
1582.712036	-62.849998	0.000001
1582.728027	-63.090000	0.000000
1582.744019	-63.290001	0.000000
1582.760010	-63.380001	0.000000
1582.776001	-63.549999	0.000000
1582.791992	-63.279999	0.000000
1582.807983	-63.200001	0.000000
1582.823975	-63.259998	0.000000
1582.839966	-63.150002	0.000000
1582.855957	-63.250000	0.000000
1582.871948	-63.360001	0.000000
1582.887939	-63.310001	0.000000
1582.904053	-63.160000	0.000000
1582.920044	-62.889999	0.000001
1582.936035	-62.560001	0.000001
1582.952026	-62.299999	0.000001
1582.968018	-61.900002	0.000001
1582.984009	-61.660000	0.000001
1583.000000	-61.240002	0.000001
1583.015991	-61.000000	0.000001
1583.031982	-60.770000	0.000001
1583.047974	-60.400002	0.000001
1583.063965	-59.869999	0.000001
1583.079956	-59.070000	0.000001
1583.095947	-58.270000	0.000001
1583.112061	-57.759998	0.000002
1583.128052	-57.400002	0.000002
1583.144043	-57.130001	0.000002
1583.160034	-56.830002	0.000002
1583.176025	-56.340000	0.000002
1583.192017	-55.610001	0.000003
1583.208008	-54.900002	0.000003
1583.223999	-54.099998	0.000004
1583.239990	-53.430000	0.000005
1583.255981	-52.869999	0.000005
1583.271973	-52.360001	0.000006
1583.287964	-51.939999	0.000006
1583.303955	-51.630001	0.000007
1583.319946	-51.240002	0.000008
1583.336060	-50.779999	0.000008
1583.352051	-50.189999	0.000010
1583.368042	-49.389999	0.000012
1583.384033	-48.619999	0.000014
1583.400024	-48.119999	0.000015
1583.416016	-47.700001	0.000017
1583.432007	-47.400002	0.000018
1583.447998	-47.169998	0.000019
1583.463989	-46.930000	0.000020
1583.479980	-46.700001	0.000021
1583.495972	-46.490002	0.000022
1583.511963	-46.240002	0.000024
1583.527954	-45.980000	0.000025
1583.543945	-45.740002	0.000027
1583.560059	-45.500000	0.000028
1583.576050	-45.349998	0.000029
1583.592041	-45.290001	0.000030
1583.608032	-45.259998	0.000030
1583.624023	-45.259998	0.000030
1583.640015	-45.330002	0.000029
1583.656006	-45.320000	0.000029
1583.671997	-45.290001	0.000030
1583.687988	-45.230000	0.000030
1583.703979	-45.160000	0.000030
1583.719971	-45.139999	0.000031
1583.735962	-45.209999	0.000030
1583.751953	-45.389999	0.000029
1583.767944	-45.630001	0.000027
1583.784058	-45.950001	0.000025
1583.800049	-46.209999	0.000024
1583.816040	-46.349998	0.000023
1583.832031	-46.509998	0.000022
1583.848022	-46.639999	0.000022
1583.864014	-46.779999	0.000021
1583.880005	-46.980000	0.000020
1583.895996	-47.209999	0.000019
1583.911987	-47.419998	0.000018
1583.927979	-47.810001	0.000017
1583.943970	-48.279999	0.000015
1583.959961	-48.689999	0.000014
1583.975952	-48.990002	0.000013
1583.991943	-49.119999	0.000012
1584.008057	-49.160000	0.000012
1584.024048	-49.270000	0.000012
1584.040039	-49.439999	0.000011
1584.056030	-49.660000	0.000011
1584.072021	-50.009998	0.000010
1584.088013	-50.369999	0.000009
1584.104004	-50.630001	0.000009
1584.119995	-50.880001	0.000008
1584.135986	-50.970001	0.000008
1584.151978	-50.980000	0.000008
1584.167969	-51.040001	0.000008
1584.183960	-51.090000	0.000008
1584.199951	-51.220001	0.000008
1584.215942	-51.470001	0.000007
1584.232056	-51.810001	0.000007
1584.248047	-52.259998	0.000006
1584.264038	-52.540001	0.000006
1584.280029	-52.599998	0.000005
1584.296021	-52.560001	0.000006
1584.312012	-52.580002	0.000006
1584.328003	-52.669998	0.000005
1584.343994	-52.830002	0.000005
1584.359985	-53.070000	0.000005
1584.375977	-53.349998	0.000005
1584.391968	-53.750000	0.000004
1584.407959	-54.130001	0.000004
1584.423950	-54.220001	0.000004
1584.439941	-54.180000	0.000004
1584.456055	-54.160000	0.000004
1584.472046	-54.220001	0.000004
1584.488037	-54.310001	0.000004
1584.504028	-54.490002	0.000004
1584.520020	-54.759998	0.000003
1584.536011	-55.150002	0.000003
1584.552002	-55.490002	0.000003
1584.567993	-55.570000	0.000003
1584.583984	-55.529999	0.000003
1584.599976	-55.430000	0.000003
1584.615967	-55.380001	0.000003
1584.631958	-55.419998	0.000003
1584.647949	-55.590000	0.000003
1584.663940	-55.779999	0.000003
1584.680054	-56.020000	0.000003
1584.696045	-56.240002	0.000002
1584.712036	-56.250000	0.000002
1584.728027	-56.110001	0.000002
1584.744019	-55.990002	0.000003
1584.760010	-55.959999	0.000003
1584.776001	-55.990002	0.000003
1584.791992	-56.080002	0.000002
1584.807983	-56.189999	0.000002
1584.823975	-56.470001	0.000002
1584.839966	-56.759998	0.000002
1584.855957	-56.919998	0.000002
1584.871948	-56.930000	0.000002
1584.887939	-56.830002	0.000002
1584.904053	-56.740002	0.000002
1584.920044	-56.750000	0.000002
1584.936035	-56.889999	0.000002
1584.952026	-57.070000	0.000002
1584.968018	-57.320000	0.000002
1584.984009	-57.619999	0.000002
1585.000000	-57.820000	0.000002
1585.015991	-57.820000	0.000002
1585.031982	-57.799999	0.000002
1585.047974	-57.790001	0.000002
1585.063965	-57.820000	0.000002
1585.079956	-57.939999	0.000002
1585.095947	-58.119999	0.000002
1585.112061	-58.459999	0.000001
1585.128052	-58.869999	0.000001
1585.144043	-59.110001	0.000001
1585.160034	-59.209999	0.000001
1585.176025	-59.209999	0.000001
1585.192017	-59.150002	0.000001
1585.208008	-59.080002	0.000001
1585.223999	-59.169998	0.000001
1585.239990	-59.290001	0.000001
1585.255981	-59.500000	0.000001
1585.271973	-59.770000	0.000001
1585.287964	-59.980000	0.000001
1585.303955	-60.180000	0.000001
1585.319946	-60.110001	0.000001
1585.336060	-60.009998	0.000001
1585.352051	-59.919998	0.000001
1585.368042	-59.930000	0.000001
1585.384033	-59.930000	0.000001
1585.400024	-60.150002	0.000001
1585.416016	-60.349998	0.000001
1585.432007	-60.590000	0.000001
1585.447998	-60.660000	0.000001
1585.463989	-60.610001	0.000001
1585.479980	-60.400002	0.000001
1585.495972	-60.240002	0.000001
1585.511963	-60.250000	0.000001
1585.527954	-60.360001	0.000001
1585.543945	-60.400002	0.000001
1585.560059	-60.590000	0.000001
1585.576050	-60.700001	0.000001
1585.592041	-60.840000	0.000001
1585.608032	-60.820000	0.000001
1585.624023	-60.700001	0.000001
1585.640015	-60.560001	0.000001
1585.656006	-60.509998	0.000001
1585.671997	-60.439999	0.000001
1585.687988	-60.570000	0.000001
1585.703979	-60.689999	0.000001
1585.719971	-60.880001	0.000001
1585.735962	-60.939999	0.000001
1585.751953	-61.000000	0.000001
1585.767944	-60.900002	0.000001
1585.784058	-60.770000	0.000001
1585.800049	-60.630001	0.000001
1585.816040	-60.650002	0.000001
1585.832031	-60.689999	0.000001
1585.848022	-60.799999	0.000001
1585.864014	-60.820000	0.000001
1585.880005	-60.980000	0.000001
1585.895996	-60.959999	0.000001
1585.911987	-60.919998	0.000001
1585.927979	-60.820000	0.000001
1585.943970	-60.680000	0.000001
1585.959961	-60.590000	0.000001
1585.975952	-60.590000	0.000001
1585.991943	-60.740002	0.000001
1586.008057	-60.869999	0.000001
1586.024048	-61.000000	0.000001
1586.040039	-60.900002	0.000001
1586.056030	-60.820000	0.000001
1586.072021	-60.660000	0.000001
1586.088013	-60.549999	0.000001
1586.104004	-60.590000	0.000001
1586.119995	-60.660000	0.000001
1586.135986	-60.730000	0.000001
1586.151978	-60.830002	0.000001
1586.167969	-61.029999	0.000001
1586.183960	-61.119999	0.000001
1586.199951	-61.060001	0.000001
1586.215942	-61.009998	0.000001
1586.232056	-60.869999	0.000001
1586.248047	-60.799999	0.000001
1586.264038	-60.849998	0.000001
1586.280029	-61.070000	0.000001
1586.296021	-61.240002	0.000001
1586.312012	-61.380001	0.000001
1586.328003	-61.540001	0.000001
1586.343994	-61.680000	0.000001
1586.359985	-61.770000	0.000001
1586.375977	-61.689999	0.000001
1586.391968	-61.830002	0.000001
1586.407959	-61.980000	0.000001
1586.423950	-62.049999	0.000001
1586.439941	-62.310001	0.000001
1586.456055	-62.639999	0.000001
1586.472046	-63.070000	0.000000
1586.488037	-63.400002	0.000000
1586.504028	-63.570000	0.000000
1586.520020	-63.790001	0.000000
1586.536011	-63.799999	0.000000
1586.552002	-63.930000	0.000000
1586.567993	-64.279999	0.000000
1586.583984	-64.629997	0.000000
1586.599976	-65.050003	0.000000
1586.615967	-65.470001	0.000000
1586.631958	-66.129997	0.000000
1586.647949	-66.589996	0.000000
1586.663940	-67.059998	0.000000
1586.680054	-67.180000	0.000000
1586.696045	-67.470001	0.000000
1586.712036	-68.290001	0.000000
1586.728027	-68.239998	0.000000
1586.744019	-69.000000	0.000000
1586.760010	-70.019997	0.000000
1586.776001	-70.680000	0.000000
1586.791992	-71.820000	0.000000
1586.807983	-72.389999	0.000000
1586.823975	-74.099998	0.000000
1586.839966	-73.559998	0.000000
1586.855957	-74.230003	0.000000
1586.871948	-74.949997	0.000000
1586.887939	-75.709999	0.000000
1586.904053	-76.750000	0.000000
1586.920044	-76.930000	0.000000
1586.936035	-82.220001	0.000000
1586.952026	-210.000000	0.000000
1586.968018	-210.000000	0.000000
1586.984009	-210.000000	0.000000
1587.000000	-210.000000	0.000000
1587.015991	-210.000000	0.000000
1587.031982	-80.820000	0.000000
1587.047974	-86.989998	0.000000
1587.063965	-210.000000	0.000000
1587.079956	-210.000000	0.000000
1587.095947	-80.000000	0.000000
1587.112061	-82.650002	0.000000
1587.128052	-210.000000	0.000000
1587.144043	-82.019997	0.000000
1587.160034	-84.300003	0.000000
1587.176025	-210.000000	0.000000
1587.192017	-90.669998	0.000000
1587.208008	-210.000000	0.000000
1587.223999	-81.290001	0.000000
1587.239990	-210.000000	0.000000
1587.255981	-210.000000	0.000000
1587.271973	-82.220001	0.000000
1587.287964	-210.000000	0.000000
1587.303955	-210.000000	0.000000
1587.319946	-95.440002	0.000000
1587.336060	-82.019997	0.000000
1587.352051	-210.000000	0.000000
1587.368042	-82.019997	0.000000
1587.384033	-92.430000	0.000000
1587.400024	-210.000000	0.000000
1587.416016	-85.900002	0.000000
1587.432007	-83.980003	0.000000
1587.447998	-210.000000	0.000000
1587.463989	-210.000000	0.000000
1587.479980	-85.440002	0.000000
1587.495972	-82.889999	0.000000
1587.511963	-210.000000	0.000000
1587.527954	-210.000000	0.000000
1587.543945	-80.820000	0.000000
1587.560059	-89.419998	0.000000
1587.576050	-83.680000	0.000000
1587.592041	-86.410004	0.000000
1587.608032	-210.000000	0.000000
1587.624023	-210.000000	0.000000
1587.640015	-89.419998	0.000000
1587.656006	-210.000000	0.000000
1587.671997	-210.000000	0.000000
1587.687988	-210.000000	0.000000
1587.703979	-210.000000	0.000000
1587.719971	-84.300003	0.000000
1587.735962	-210.000000	0.000000
1587.751953	-210.000000	0.000000
1587.767944	-81.129997	0.000000
1587.784058	-81.639999	0.000000
1587.800049	-82.220001	0.000000
1587.816040	-210.000000	0.000000
1587.832031	-87.660004	0.000000
1587.848022	-90.669998	0.000000
1587.864014	-210.000000	0.000000
1587.880005	-210.000000	0.000000
1587.895996	-83.980003	0.000000
1587.911987	-210.000000	0.000000
1587.927979	-210.000000	0.000000
1587.943970	-210.000000	0.000000
1587.959961	-83.129997	0.000000
1587.975952	-210.000000	0.000000
1587.991943	-210.000000	0.000000
1588.008057	-210.000000	0.000000
1588.024048	-210.000000	0.000000
1588.040039	-210.000000	0.000000
1588.056030	-85.430000	0.000000
1588.072021	-82.879997	0.000000
1588.088013	-210.000000	0.000000
1588.104004	-82.419998	0.000000
1588.119995	-210.000000	0.000000
1588.135986	-210.000000	0.000000
1588.151978	-80.809998	0.000000
1588.167969	-210.000000	0.000000
1588.183960	-210.000000	0.000000
1588.199951	-90.660004	0.000000
1588.215942	-210.000000	0.000000
1588.232056	-210.000000	0.000000
1588.248047	-84.639999	0.000000
1588.264038	-210.000000	0.000000
1588.280029	-80.809998	0.000000
1588.296021	-78.900002	0.000000
1588.312012	-210.000000	0.000000
1588.328003	-84.290001	0.000000
1588.343994	-80.809998	0.000000
1588.359985	-86.400002	0.000000
1588.375977	-210.000000	0.000000
1588.391968	-210.000000	0.000000
1588.407959	-210.000000	0.000000
1588.423950	-210.000000	0.000000
1588.439941	-210.000000	0.000000
1588.456055	-77.870003	0.000000
1588.472046	-210.000000	0.000000
1588.488037	-210.000000	0.000000
1588.504028	-210.000000	0.000000
1588.520020	-210.000000	0.000000
1588.536011	-81.809998	0.000000
1588.552002	-210.000000	0.000000
1588.567993	-83.389999	0.000000
1588.583984	-210.000000	0.000000
1588.599976	-210.000000	0.000000
1588.615967	-80.660004	0.000000
1588.631958	-82.419998	0.000000
1588.647949	-89.410004	0.000000
1588.663940	-80.110001	0.000000
1588.680054	-83.970001	0.000000
1588.696045	-210.000000	0.000000
1588.712036	-81.629997	0.000000
1588.728027	-81.809998	0.000000
1588.744019	-210.000000	0.000000
1588.760010	-84.290001	0.000000
1588.776001	-81.279999	0.000000
1588.791992	-86.400002	0.000000
1588.807983	-210.000000	0.000000
1588.823975	-83.669998	0.000000
1588.839966	-210.000000	0.000000
1588.855957	-210.000000	0.000000
1588.871948	-210.000000	0.000000
1588.887939	-82.209999	0.000000
1588.904053	-210.000000	0.000000
1588.920044	-81.120003	0.000000
1588.936035	-210.000000	0.000000
1588.952026	-210.000000	0.000000
1588.968018	-210.000000	0.000000
1588.984009	-83.970001	0.000000
1589.000000	-210.000000	0.000000
1589.015991	-90.660004	0.000000
1589.031982	-210.000000	0.000000
1589.047974	-95.430000	0.000000
1589.063965	-90.660004	0.000000
1589.079956	-88.440002	0.000000
1589.095947	-210.000000	0.000000
1589.112061	-210.000000	0.000000
1589.128052	-89.410004	0.000000
1589.144043	-210.000000	0.000000
1589.160034	-81.449997	0.000000
1589.176025	-210.000000	0.000000
1589.192017	-80.809998	0.000000
1589.208008	-84.639999	0.000000
1589.223999	-210.000000	0.000000
1589.239990	-210.000000	0.000000
1589.255981	-210.000000	0.000000
1589.271973	-85.019997	0.000000
1589.287964	-210.000000	0.000000
1589.303955	-210.000000	0.000000
1589.319946	-86.400002	0.000000
1589.336060	-210.000000	0.000000
1589.352051	-82.639999	0.000000
1589.368042	-82.010002	0.000000
1589.384033	-84.290001	0.000000
1589.400024	-84.639999	0.000000
1589.416016	-78.529999	0.000000
1589.432007	-210.000000	0.000000
1589.447998	-81.279999	0.000000
1589.463989	-210.000000	0.000000
1589.479980	-210.000000	0.000000
1589.495972	-82.419998	0.000000
1589.511963	-80.379997	0.000000
1589.527954	-89.410004	0.000000
1589.543945	-83.669998	0.000000
1589.560059	-210.000000	0.000000
1589.576050	-210.000000	0.000000
1589.592041	-84.290001	0.000000
1589.608032	-82.419998	0.000000
1589.624023	-83.669998	0.000000
1589.640015	-83.970001	0.000000
1589.656006	-210.000000	0.000000
1589.671997	-86.400002	0.000000
1589.687988	-86.400002	0.000000
1589.703979	-80.959999	0.000000
1589.719971	-81.279999	0.000000
1589.735962	-210.000000	0.000000
1589.751953	-90.660004	0.000000
1589.767944	-80.660004	0.000000
1589.784058	-89.410004	0.000000
1589.800049	-210.000000	0.000000
1589.816040	-86.400002	0.000000
1589.832031	-210.000000	0.000000
1589.848022	-210.000000	0.000000
1589.864014	-210.000000	0.000000
1589.880005	-210.000000	0.000000
1589.895996	-87.650002	0.000000
1589.911987	-210.000000	0.000000
1589.927979	-210.000000	0.000000
1589.943970	-85.019997	0.000000
1589.959961	-81.629997	0.000000
1589.975952	-210.000000	0.000000
1589.991943	-79.410004	0.000000
1590.008057	-210.000000	0.000000
1590.024048	-210.000000	0.000000
1590.040039	-85.430000	0.000000
1590.056030	-210.000000	0.000000
1590.072021	-210.000000	0.000000
1590.088013	-210.000000	0.000000
1590.104004	-88.440002	0.000000
1590.119995	-88.440002	0.000000
1590.135986	-81.279999	0.000000
1590.151978	-86.980003	0.000000
1590.167969	-85.889999	0.000000
1590.183960	-210.000000	0.000000
1590.199951	-78.529999	0.000000
1590.215942	-210.000000	0.000000
1590.232056	-82.010002	0.000000
1590.248047	-210.000000	0.000000
1590.264038	-210.000000	0.000000
1590.280029	-210.000000	0.000000
1590.296021	-95.430000	0.000000
1590.312012	-210.000000	0.000000
1590.328003	-83.669998	0.000000
1590.343994	-210.000000	0.000000
1590.359985	-88.440002	0.000000
1590.375977	-81.449997	0.000000
1590.391968	-90.660004	0.000000
1590.407959	-210.000000	0.000000
1590.423950	-80.959999	0.000000
1590.439941	-86.400002	0.000000
1590.456055	-210.000000	0.000000
1590.472046	-85.889999	0.000000
1590.488037	-210.000000	0.000000
1590.504028	-210.000000	0.000000
1590.520020	-210.000000	0.000000
1590.536011	-81.269997	0.000000
1590.552002	-210.000000	0.000000
1590.567993	-210.000000	0.000000
1590.583984	-210.000000	0.000000
1590.599976	-210.000000	0.000000
1590.615967	-210.000000	0.000000
1590.631958	-210.000000	0.000000
1590.647949	-210.000000	0.000000
1590.663940	-210.000000	0.000000
1590.680054	-210.000000	0.000000
1590.696045	-210.000000	0.000000
1590.712036	-210.000000	0.000000
1590.728027	-84.629997	0.000000
1590.744019	-89.400002	0.000000
1590.760010	-210.000000	0.000000
1590.776001	-210.000000	0.000000
1590.791992	-210.000000	0.000000
1590.807983	-87.639999	0.000000
1590.823975	-90.650002	0.000000
1590.839966	-81.620003	0.000000
1590.855957	-81.440002	0.000000
1590.871948	-210.000000	0.000000
1590.887939	-210.000000	0.000000
1590.904053	-85.419998	0.000000
1590.920044	-210.000000	0.000000
1590.936035	-79.400002	0.000000
1590.952026	-210.000000	0.000000
1590.968018	-79.980003	0.000000
1590.984009	-210.000000	0.000000
1591.000000	-210.000000	0.000000
