Wavelength (nm)	Transmission (dBm)	Linear Transmission
1575.000000	-210.000000	0.000000
1575.015991	-210.000000	0.000000
1575.031982	-210.000000	0.000000
1575.047974	-210.000000	0.000000
1575.063965	-87.650002	0.000000
1575.079956	-88.440002	0.000000
1575.095947	-210.000000	0.000000
1575.112061	-83.389999	0.000000
1575.128052	-210.000000	0.000000
1575.144043	-210.000000	0.000000
1575.160034	-95.430000	0.000000
1575.176025	-84.639999	0.000000
1575.192017	-88.440002	0.000000
1575.208008	-210.000000	0.000000
1575.223999	-83.669998	0.000000
1575.239990	-85.889999	0.000000
1575.255981	-210.000000	0.000000
1575.271973	-88.440002	0.000000
1575.287964	-210.000000	0.000000
1575.303955	-210.000000	0.000000
1575.319946	-86.980003	0.000000
1575.336060	-92.419998	0.000000
1575.352051	-79.410004	0.000000
1575.368042	-90.660004	0.000000
1575.384033	-79.870003	0.000000
1575.400024	-83.970001	0.000000
1575.416016	-210.000000	0.000000
1575.432007	-84.290001	0.000000
1575.447998	-80.809998	0.000000
1575.463989	-79.199997	0.000000
1575.479980	-210.000000	0.000000
1575.495972	-210.000000	0.000000
1575.511963	-210.000000	0.000000
1575.527954	-210.000000	0.000000
1575.543945	-88.449997	0.000000
1575.560059	-82.889999	0.000000
1575.576050	-210.000000	0.000000
1575.592041	-81.290001	0.000000
1575.608032	-78.629997	0.000000
1575.624023	-210.000000	0.000000
1575.640015	-85.900002	0.000000
1575.656006	-81.820000	0.000000
1575.671997	-80.120003	0.000000
1575.687988	-210.000000	0.000000
1575.703979	-210.000000	0.000000
1575.719971	-210.000000	0.000000
1575.735962	-210.000000	0.000000
1575.751953	-83.980003	0.000000
1575.767944	-95.440002	0.000000
1575.784058	-83.980003	0.000000
1575.800049	-83.980003	0.000000
1575.816040	-210.000000	0.000000
1575.832031	-90.669998	0.000000
1575.848022	-210.000000	0.000000
1575.864014	-86.410004	0.000000
1575.880005	-85.440002	0.000000
1575.895996	-90.669998	0.000000
1575.911987	-80.529999	0.000000
1575.927979	-89.419998	0.000000
1575.943970	-210.000000	0.000000
1575.959961	-210.000000	0.000000
1575.975952	-95.440002	0.000000
1575.991943	-210.000000	0.000000
1576.008057	-210.000000	0.000000
1576.024048	-210.000000	0.000000
1576.040039	-88.449997	0.000000
1576.056030	-85.029999	0.000000
1576.072021	-81.820000	0.000000
1576.088013	-82.650002	0.000000
1576.104004	-210.000000	0.000000
1576.119995	-210.000000	0.000000
1576.135986	-83.129997	0.000000
1576.151978	-210.000000	0.000000
1576.167969	-85.900002	0.000000
1576.183960	-210.000000	0.000000
1576.199951	-210.000000	0.000000
1576.215942	-82.889999	0.000000
1576.232056	-210.000000	0.000000
1576.248047	-85.900002	0.000000
1576.264038	-89.419998	0.000000
1576.280029	-210.000000	0.000000
1576.296021	-83.980003	0.000000
1576.312012	-210.000000	0.000000
1576.328003	-210.000000	0.000000
1576.343994	-82.019997	0.000000
1576.359985	-83.400002	0.000000
1576.375977	-85.029999	0.000000
1576.391968	-210.000000	0.000000
1576.407959	-210.000000	0.000000
1576.423950	-82.430000	0.000000
1576.439941	-85.029999	0.000000
1576.456055	-85.900002	0.000000
1576.472046	-79.760002	0.000000
1576.488037	-210.000000	0.000000
1576.504028	-84.650002	0.000000
1576.520020	-83.680000	0.000000
1576.536011	-210.000000	0.000000
1576.552002	-210.000000	0.000000
1576.567993	-84.650002	0.000000
1576.583984	-83.400002	0.000000
1576.599976	-85.440002	0.000000
1576.615967	-210.000000	0.000000
1576.631958	-210.000000	0.000000
1576.647949	-210.000000	0.000000
1576.663940	-210.000000	0.000000
1576.680054	-210.000000	0.000000
1576.696045	-85.029999	0.000000
1576.712036	-210.000000	0.000000
1576.728027	-79.000000	0.000000
1576.744019	-210.000000	0.000000
1576.760010	-210.000000	0.000000
1576.776001	-210.000000	0.000000
1576.791992	-85.900002	0.000000
1576.807983	-210.000000	0.000000
1576.823975	-80.120003	0.000000
1576.839966	-210.000000	0.000000
1576.855957	-210.000000	0.000000
1576.871948	-210.000000	0.000000
1576.887939	-80.250000	0.000000
1576.904053	-80.389999	0.000000
1576.920044	-210.000000	0.000000
1576.936035	-210.000000	0.000000
1576.952026	-210.000000	0.000000
1576.968018	-210.000000	0.000000
1576.984009	-95.440002	0.000000
1577.000000	-210.000000	0.000000
1577.015991	-210.000000	0.000000
1577.031982	-90.669998	0.000000
1577.047974	-89.419998	0.000000
1577.063965	-210.000000	0.000000
1577.079956	-210.000000	0.000000
1577.095947	-81.820000	0.000000
1577.112061	-95.440002	0.000000
1577.128052	-210.000000	0.000000
1577.144043	-210.000000	0.000000
1577.160034	-210.000000	0.000000
1577.176025	-86.410004	0.000000
1577.192017	-210.000000	0.000000
1577.208008	-210.000000	0.000000
1577.223999	-80.669998	0.000000
1577.239990	-85.029999	0.000000
1577.255981	-210.000000	0.000000
1577.271973	-210.000000	0.000000
1577.287964	-81.820000	0.000000
1577.303955	-84.650002	0.000000
1577.319946	-210.000000	0.000000
1577.336060	-88.449997	0.000000
1577.352051	-210.000000	0.000000
1577.368042	-210.000000	0.000000
1577.384033	-84.650002	0.000000
1577.400024	-210.000000	0.000000
1577.416016	-82.019997	0.000000
1577.432007	-210.000000	0.000000
1577.447998	-210.000000	0.000000
1577.463989	-84.300003	0.000000
1577.479980	-210.000000	0.000000
1577.495972	-78.449997	0.000000
1577.511963	-82.220001	0.000000
1577.527954	-210.000000	0.000000
1577.543945	-210.000000	0.000000
1577.560059	-210.000000	0.000000
1577.576050	-80.120003	0.000000
1577.592041	-210.000000	0.000000
1577.608032	-210.000000	0.000000
1577.624023	-210.000000	0.000000
1577.640015	-82.430000	0.000000
1577.656006	-210.000000	0.000000
1577.671997	-210.000000	0.000000
1577.687988	-210.000000	0.000000
1577.703979	-210.000000	0.000000
1577.719971	-210.000000	0.000000
1577.735962	-210.000000	0.000000
1577.751953	-83.400002	0.000000
1577.767944	-210.000000	0.000000
1577.784058	-85.900002	0.000000
1577.800049	-210.000000	0.000000
1577.816040	-210.000000	0.000000
1577.832031	-90.669998	0.000000
1577.848022	-80.529999	0.000000
1577.864014	-210.000000	0.000000
1577.880005	-210.000000	0.000000
1577.895996	-210.000000	0.000000
1577.911987	-210.000000	0.000000
1577.927979	-210.000000	0.000000
1577.943970	-82.650002	0.000000
1577.959961	-84.650002	0.000000
1577.975952	-86.989998	0.000000
1577.991943	-81.830002	0.000000
1578.008057	-210.000000	0.000000
1578.024048	-95.449997	0.000000
1578.040039	-210.000000	0.000000
1578.056030	-82.029999	0.000000
1578.072021	-84.660004	0.000000
1578.088013	-210.000000	0.000000
1578.104004	-210.000000	0.000000
1578.119995	-82.660004	0.000000
1578.135986	-82.230003	0.000000
1578.151978	-210.000000	0.000000
1578.167969	-80.129997	0.000000
1578.183960	-210.000000	0.000000
1578.199951	-210.000000	0.000000
1578.215942	-92.440002	0.000000
1578.232056	-210.000000	0.000000
1578.248047	-86.419998	0.000000
1578.264038	-210.000000	0.000000
1578.280029	-210.000000	0.000000
1578.296021	-210.000000	0.000000
1578.312012	-79.540001	0.000000
1578.328003	-87.000000	0.000000
1578.343994	-210.000000	0.000000
1578.359985	-80.830002	0.000000
1578.375977	-210.000000	0.000000
1578.391968	-84.660004	0.000000
1578.407959	-83.410004	0.000000
1578.423950	-80.129997	0.000000
1578.439941	-210.000000	0.000000
1578.456055	-210.000000	0.000000
1578.472046	-210.000000	0.000000
1578.488037	-87.000000	0.000000
1578.504028	-82.230003	0.000000
1578.520020	-95.449997	0.000000
1578.536011	-85.040001	0.000000
1578.552002	-210.000000	0.000000
1578.567993	-85.040001	0.000000
1578.583984	-210.000000	0.000000
1578.599976	-210.000000	0.000000
1578.615967	-79.769997	0.000000
1578.631958	-210.000000	0.000000
1578.647949	-84.660004	0.000000
1578.663940	-210.000000	0.000000
1578.680054	-83.989998	0.000000
1578.696045	-210.000000	0.000000
1578.712036	-210.000000	0.000000
1578.728027	-82.230003	0.000000
1578.744019	-210.000000	0.000000
1578.760010	-210.000000	0.000000
1578.776001	-210.000000	0.000000
1578.791992	-210.000000	0.000000
1578.807983	-85.449997	0.000000
1578.823975	-210.000000	0.000000
1578.839966	-210.000000	0.000000
1578.855957	-210.000000	0.000000
1578.871948	-83.410004	0.000000
1578.887939	-210.000000	0.000000
1578.904053	-210.000000	0.000000
1578.920044	-210.000000	0.000000
1578.936035	-85.449997	0.000000
1578.952026	-210.000000	0.000000
1578.968018	-210.000000	0.000000
1578.984009	-95.449997	0.000000
1579.000000	-82.230003	0.000000
1579.015991	-210.000000	0.000000
1579.031982	-210.000000	0.000000
1579.047974	-87.669998	0.000000
1579.063965	-210.000000	0.000000
1579.079956	-210.000000	0.000000
1579.095947	-81.830002	0.000000
1579.112061	-86.419998	0.000000
1579.128052	-80.010002	0.000000
1579.144043	-85.449997	0.000000
1579.160034	-210.000000	0.000000
1579.176025	-83.690002	0.000000
1579.192017	-87.000000	0.000000
1579.208008	-210.000000	0.000000
1579.223999	-210.000000	0.000000
1579.239990	-210.000000	0.000000
1579.255981	-210.000000	0.000000
1579.271973	-210.000000	0.000000
1579.287964	-82.230003	0.000000
1579.303955	-210.000000	0.000000
1579.319946	-83.690002	0.000000
1579.336060	-210.000000	0.000000
1579.352051	-210.000000	0.000000
1579.368042	-210.000000	0.000000
1579.384033	-210.000000	0.000000
1579.400024	-210.000000	0.000000
1579.416016	-87.000000	0.000000
1579.432007	-210.000000	0.000000
1579.447998	-81.650002	0.000000
1579.463989	-210.000000	0.000000
1579.479980	-210.000000	0.000000
1579.495972	-210.000000	0.000000
1579.511963	-82.029999	0.000000
1579.527954	-83.989998	0.000000
1579.543945	-210.000000	0.000000
1579.560059	-77.970001	0.000000
1579.576050	-83.139999	0.000000
1579.592041	-210.000000	0.000000
1579.608032	-210.000000	0.000000
1579.624023	-210.000000	0.000000
1579.640015	-95.449997	0.000000
1579.656006	-210.000000	0.000000
1579.671997	-210.000000	0.000000
1579.687988	-78.550003	0.000000
1579.703979	-87.669998	0.000000
1579.719971	-210.000000	0.000000
1579.735962	-210.000000	0.000000
1579.751953	-210.000000	0.000000
1579.767944	-210.000000	0.000000
1579.784058	-79.430000	0.000000
1579.800049	-210.000000	0.000000
1579.816040	-210.000000	0.000000
1579.832031	-90.680000	0.000000
1579.848022	-210.000000	0.000000
1579.864014	-210.000000	0.000000
1579.880005	-81.650002	0.000000
1579.895996	-80.129997	0.000000
1579.911987	-81.650002	0.000000
1579.927979	-210.000000	0.000000
1579.943970	-81.300003	0.000000
1579.959961	-78.820000	0.000000
1579.975952	-77.059998	0.000000
1579.991943	-78.129997	0.000000
1580.008057	-81.139999	0.000000
1580.024048	-76.940002	0.000000
1580.040039	-74.730003	0.000000
1580.056030	-74.769997	0.000000
1580.072021	-74.589996	0.000000
1580.088013	-74.180000	0.000000
1580.104004	-75.279999	0.000000
1580.119995	-73.120003	0.000000
1580.135986	-72.500000	0.000000
1580.151978	-72.459999	0.000000
1580.167969	-71.199997	0.000000
1580.183960	-70.339996	0.000000
1580.199951	-70.919998	0.000000
1580.215942	-69.930000	0.000000
1580.232056	-69.580002	0.000000
1580.248047	-69.660004	0.000000
1580.264038	-69.870003	0.000000
1580.280029	-69.370003	0.000000
1580.296021	-69.669998	0.000000
1580.312012	-69.449997	0.000000
1580.328003	-68.559998	0.000000
1580.343994	-68.599998	0.000000
1580.359985	-68.410004	0.000000
1580.375977	-67.790001	0.000000
1580.391968	-67.800003	0.000000
1580.407959	-67.330002	0.000000
1580.423950	-67.220001	0.000000
1580.439941	-67.050003	0.000000
1580.456055	-67.559998	0.000000
1580.472046	-67.250000	0.000000
1580.488037	-67.349998	0.000000
1580.504028	-67.300003	0.000000
1580.520020	-67.419998	0.000000
1580.536011	-66.870003	0.000000
1580.552002	-66.779999	0.000000
1580.567993	-66.330002	0.000000
1580.583984	-66.370003	0.000000
1580.599976	-66.279999	0.000000
1580.615967	-66.349998	0.000000
1580.631958	-66.470001	0.000000
1580.647949	-66.570000	0.000000
1580.663940	-66.690002	0.000000
1580.680054	-66.519997	0.000000
1580.696045	-66.160004	0.000000
1580.712036	-66.209999	0.000000
1580.728027	-65.959999	0.000000
1580.744019	-65.980003	0.000000
1580.760010	-65.989998	0.000000
1580.776001	-66.080002	0.000000
1580.791992	-66.489998	0.000000
1580.807983	-66.430000	0.000000
1580.823975	-66.260002	0.000000
1580.839966	-66.110001	0.000000
1580.855957	-65.900002	0.000000
1580.871948	-65.650002	0.000000
1580.887939	-65.639999	0.000000
1580.904053	-65.620003	0.000000
1580.920044	-65.860001	0.000000
1580.936035	-65.940002	0.000000
1580.952026	-66.029999	0.000000
1580.968018	-66.050003	0.000000
1580.984009	-65.910004	0.000000
1581.000000	-65.739998	0.000000
1581.015991	-65.739998	0.000000
1581.031982	-65.660004	0.000000
1581.047974	-65.620003	0.000000
1581.063965	-65.550003	0.000000
1581.079956	-65.739998	0.000000
1581.095947	-65.839996	0.000000
1581.112061	-65.709999	0.000000
1581.128052	-65.820000	0.000000
1581.144043	-65.900002	0.000000
1581.160034	-65.769997	0.000000
1581.176025	-65.419998	0.000000
1581.192017	-65.330002	0.000000
1581.208008	-65.620003	0.000000
1581.223999	-65.489998	0.000000
1581.239990	-66.029999	0.000000
1581.255981	-66.029999	0.000000
1581.271973	-66.190002	0.000000
1581.287964	-66.010002	0.000000
1581.303955	-66.059998	0.000000
1581.319946	-65.870003	0.000000
1581.336060	-65.980003	0.000000
1581.352051	-66.099998	0.000000
1581.368042	-66.040001	0.000000
1581.384033	-66.360001	0.000000
1581.400024	-66.550003	0.000000
1581.416016	-66.830002	0.000000
1581.432007	-66.690002	0.000000
1581.447998	-66.589996	0.000000
1581.463989	-66.500000	0.000000
1581.479980	-66.290001	0.000000
1581.495972	-66.650002	0.000000
1581.511963	-66.709999	0.000000
1581.527954	-66.669998	0.000000
1581.543945	-66.820000	0.000000
1581.560059	-66.949997	0.000000
1581.576050	-66.860001	0.000000
1581.592041	-66.620003	0.000000
1581.608032	-66.730003	0.000000
1581.624023	-66.360001	0.000000
1581.640015	-66.489998	0.000000
1581.656006	-66.339996	0.000000
1581.671997	-66.550003	0.000000
1581.687988	-66.559998	0.000000
1581.703979	-66.669998	0.000000
1581.719971	-66.610001	0.000000
1581.735962	-66.290001	0.000000
1581.751953	-65.989998	0.000000
1581.767944	-65.769997	0.000000
1581.784058	-65.580002	0.000000
1581.800049	-65.500000	0.000000
1581.816040	-65.989998	0.000000
1581.832031	-65.809998	0.000000
1581.848022	-65.739998	0.000000
1581.864014	-65.489998	0.000000
1581.880005	-65.489998	0.000000
1581.895996	-65.449997	0.000000
1581.911987	-65.050003	0.000000
1581.927979	-64.949997	0.000000
1581.943970	-64.879997	0.000000
1581.959961	-64.889999	0.000000
1581.975952	-65.110001	0.000000
1581.991943	-65.080002	0.000000
1582.008057	-65.059998	0.000000
1582.024048	-65.010002	0.000000
1582.040039	-64.690002	0.000000
1582.056030	-64.459999	0.000000
1582.072021	-64.440002	0.000000
1582.088013	-64.300003	0.000000
1582.104004	-64.250000	0.000000
1582.119995	-64.389999	0.000000
1582.135986	-64.379997	0.000000
1582.151978	-64.360001	0.000000
1582.167969	-64.410004	0.000000
1582.183960	-64.040001	0.000000
1582.199951	-63.930000	0.000000
1582.215942	-63.680000	0.000000
1582.232056	-63.689999	0.000000
1582.248047	-63.619999	0.000000
1582.264038	-63.810001	0.000000
1582.280029	-63.840000	0.000000
1582.296021	-63.869999	0.000000
1582.312012	-63.669998	0.000000
1582.328003	-63.419998	0.000000
1582.343994	-63.299999	0.000000
1582.359985	-63.070000	0.000000
1582.375977	-62.980000	0.000001
1582.391968	-63.090000	0.000000
1582.407959	-63.070000	0.000000
1582.423950	-63.070000	0.000000
1582.439941	-63.130001	0.000000
1582.456055	-63.169998	0.000000
1582.472046	-63.119999	0.000000
1582.488037	-62.860001	0.000001
1582.504028	-62.669998	0.000001
1582.520020	-62.580002	0.000001
1582.536011	-62.570000	0.000001
1582.552002	-62.750000	0.000001
1582.567993	-62.669998	0.000001
1582.583984	-62.869999	0.000001
1582.599976	-63.000000	0.000001
1582.615967	-62.910000	0.000001
1582.631958	-62.799999	0.000001
1582.647949	-62.779999	0.000001
1582.663940	-62.779999	0.000001
1582.680054	-62.779999	0.000001
1582.696045	-62.709999	0.000001
1582.712036	-62.830002	0.000001
1582.728027	-62.869999	0.000001
1582.744019	-62.939999	0.000001
1582.760010	-62.939999	0.000001
1582.776001	-62.700001	0.000001
1582.791992	-62.389999	0.000001
1582.807983	-62.189999	0.000001
1582.823975	-61.970001	0.000001
1582.839966	-61.900002	0.000001
1582.855957	-61.849998	0.000001
1582.871948	-61.759998	0.000001
1582.887939	-61.520000	0.000001
1582.904053	-61.340000	0.000001
1582.920044	-61.049999	0.000001
1582.936035	-60.529999	0.000001
1582.952026	-60.119999	0.000001
1582.968018	-59.779999	0.000001
1582.984009	-59.389999	0.000001
1583.000000	-59.150002	0.000001
1583.015991	-58.910000	0.000001
1583.031982	-58.650002	0.000001
1583.047974	-58.340000	0.000001
1583.063965	-57.889999	0.000002
1583.079956	-57.169998	0.000002
1583.095947	-56.400002	0.000002
1583.112061	-55.970001	0.000003
1583.128052	-55.630001	0.000003
1583.144043	-55.400002	0.000003
1583.160034	-55.169998	0.000003
1583.176025	-54.790001	0.000003
1583.192017	-54.290001	0.000004
1583.208008	-53.759998	0.000004
1583.223999	-53.110001	0.000005
1583.239990	-52.509998	0.000006
1583.255981	-52.000000	0.000006
1583.271973	-51.490002	0.000007
1583.287964	-51.130001	0.000008
1583.303955	-50.889999	0.000008
1583.319946	-50.570000	0.000009
1583.336060	-50.259998	0.000009
1583.352051	-49.860001	0.000010
1583.368042	-49.279999	0.000012
1583.384033	-48.639999	0.000014
1583.400024	-48.169998	0.000015
1583.416016	-47.779999	0.000017
1583.432007	-47.500000	0.000018
1583.447998	-47.299999	0.000019
1583.463989	-47.119999	0.000019
1583.479980	-46.950001	0.000020
1583.495972	-46.799999	0.000021
1583.511963	-46.599998	0.000022
1583.527954	-46.419998	0.000023
1583.543945	-46.220001	0.000024
1583.560059	-46.000000	0.000025
1583.576050	-45.849998	0.000026
1583.592041	-45.770000	0.000026
1583.608032	-45.750000	0.000027
1583.624023	-45.779999	0.000026
1583.640015	-45.860001	0.000026
1583.656006	-45.950001	0.000025
1583.671997	-45.970001	0.000025
1583.687988	-45.930000	0.000026
1583.703979	-45.869999	0.000026
1583.719971	-45.860001	0.000026
1583.735962	-45.939999	0.000025
1583.751953	-46.110001	0.000024
1583.767944	-46.340000	0.000023
1583.784058	-46.630001	0.000022
1583.800049	-46.900002	0.000020
1583.816040	-47.099998	0.000019
1583.832031	-47.310001	0.000019
1583.848022	-47.459999	0.000018
1583.864014	-47.570000	0.000017
1583.880005	-47.730000	0.000017
1583.895996	-47.910000	0.000016
1583.911987	-48.110001	0.000015
1583.927979	-48.470001	0.000014
1583.943970	-48.919998	0.000013
1583.959961	-49.320000	0.000012
1583.975952	-49.660000	0.000011
1583.991943	-49.810001	0.000010
1584.008057	-49.880001	0.000010
1584.024048	-49.970001	0.000010
1584.040039	-50.110001	0.000010
1584.056030	-50.279999	0.000009
1584.072021	-50.549999	0.000009
1584.088013	-50.869999	0.000008
1584.104004	-51.150002	0.000008
1584.119995	-51.459999	0.000007
1584.135986	-51.560001	0.000007
1584.151978	-51.560001	0.000007
1584.167969	-51.560001	0.000007
1584.183960	-51.610001	0.000007
1584.199951	-51.709999	0.000007
1584.215942	-51.930000	0.000006
1584.232056	-52.209999	0.000006
1584.248047	-52.630001	0.000005
1584.264038	-52.950001	0.000005
1584.280029	-53.029999	0.000005
1584.296021	-53.040001	0.000005
1584.312012	-53.049999	0.000005
1584.328003	-53.099998	0.000005
1584.343994	-53.189999	0.000005
1584.359985	-53.410000	0.000005
1584.375977	-53.639999	0.000004
1584.391968	-53.990002	0.000004
1584.407959	-54.340000	0.000004
1584.423950	-54.529999	0.000004
1584.439941	-54.549999	0.000004
1584.456055	-54.490002	0.000004
1584.472046	-54.520000	0.000004
1584.488037	-54.599998	0.000003
1584.504028	-54.709999	0.000003
1584.520020	-54.910000	0.000003
1584.536011	-55.310001	0.000003
1584.552002	-55.700001	0.000003
1584.567993	-55.849998	0.000003
1584.583984	-55.830002	0.000003
1584.599976	-55.709999	0.000003
1584.615967	-55.680000	0.000003
1584.631958	-55.709999	0.000003
1584.647949	-55.830002	0.000003
1584.663940	-56.009998	0.000003
1584.680054	-56.230000	0.000002
1584.696045	-56.490002	0.000002
1584.712036	-56.570000	0.000002
1584.728027	-56.520000	0.000002
1584.744019	-56.430000	0.000002
1584.760010	-56.410000	0.000002
1584.776001	-56.380001	0.000002
1584.791992	-56.430000	0.000002
1584.807983	-56.520000	0.000002
1584.823975	-56.810001	0.000002
1584.839966	-57.169998	0.000002
1584.855957	-57.389999	0.000002
1584.871948	-57.450001	0.000002
1584.887939	-57.439999	0.000002
1584.904053	-57.299999	0.000002
1584.920044	-57.320000	0.000002
1584.936035	-57.439999	0.000002
1584.952026	-57.549999	0.000002
1584.968018	-57.770000	0.000002
1584.984009	-58.099998	0.000002
1585.000000	-58.389999	0.000001
1585.015991	-58.520000	0.000001
1585.031982	-58.500000	0.000001
1585.047974	-58.490002	0.000001
1585.063965	-58.470001	0.000001
1585.079956	-58.509998	0.000001
1585.095947	-58.650002	0.000001
1585.112061	-58.990002	0.000001
1585.128052	-59.380001	0.000001
1585.144043	-59.619999	0.000001
1585.160034	-59.759998	0.000001
1585.176025	-59.790001	0.000001
1585.192017	-59.689999	0.000001
1585.208008	-59.619999	0.000001
1585.223999	-59.660000	0.000001
1585.239990	-59.750000	0.000001
1585.255981	-59.900002	0.000001
1585.271973	-60.150002	0.000001
1585.287964	-60.310001	0.000001
1585.303955	-60.490002	0.000001
1585.319946	-60.509998	0.000001
1585.336060	-60.369999	0.000001
1585.352051	-60.200001	0.000001
1585.368042	-60.130001	0.000001
1585.384033	-60.090000	0.000001
1585.400024	-60.209999	0.000001
1585.416016	-60.400002	0.000001
1585.432007	-60.590000	0.000001
1585.447998	-60.730000	0.000001
1585.463989	-60.570000	0.000001
1585.479980	-60.430000	0.000001
1585.495972	-60.250000	0.000001
1585.511963	-60.230000	0.000001
1585.527954	-60.220001	0.000001
1585.543945	-60.320000	0.000001
1585.560059	-60.410000	0.000001
1585.576050	-60.560001	0.000001
1585.592041	-60.700001	0.000001
1585.608032	-60.660000	0.000001
1585.624023	-60.580002	0.000001
1585.640015	-60.520000	0.000001
1585.656006	-60.369999	0.000001
1585.671997	-60.330002	0.000001
1585.687988	-60.430000	0.000001
1585.703979	-60.500000	0.000001
1585.719971	-60.709999	0.000001
1585.735962	-60.810001	0.000001
1585.751953	-60.869999	0.000001
1585.767944	-60.830002	0.000001
1585.784058	-60.779999	0.000001
1585.800049	-60.669998	0.000001
1585.816040	-60.630001	0.000001
1585.832031	-60.660000	0.000001
1585.848022	-60.720001	0.000001
1585.864014	-60.860001	0.000001
1585.880005	-61.000000	0.000001
1585.895996	-61.169998	0.000001
1585.911987	-61.180000	0.000001
1585.927979	-61.009998	0.000001
1585.943970	-60.930000	0.000001
1585.959961	-60.900002	0.000001
1585.975952	-60.840000	0.000001
1585.991943	-61.049999	0.000001
1586.008057	-61.099998	0.000001
1586.024048	-61.230000	0.000001
1586.040039	-61.389999	0.000001
1586.056030	-61.360001	0.000001
1586.072021	-61.330002	0.000001
1586.088013	-61.299999	0.000001
1586.104004	-61.320000	0.000001
1586.119995	-61.270000	0.000001
1586.135986	-61.340000	0.000001
1586.151978	-61.450001	0.000001
1586.167969	-61.720001	0.000001
1586.183960	-61.790001	0.000001
1586.199951	-62.000000	0.000001
1586.215942	-61.980000	0.000001
1586.232056	-61.959999	0.000001
1586.248047	-61.910000	0.000001
1586.264038	-61.970001	0.000001
1586.280029	-62.130001	0.000001
1586.296021	-62.279999	0.000001
1586.312012	-62.520000	0.000001
1586.328003	-62.730000	0.000001
1586.343994	-63.009998	0.000001
1586.359985	-63.139999	0.000000
1586.375977	-63.209999	0.000000
1586.391968	-63.310001	0.000000
1586.407959	-63.340000	0.000000
1586.423950	-63.540001	0.000000
1586.439941	-63.779999	0.000000
1586.456055	-64.080002	0.000000
1586.472046	-64.639999	0.000000
1586.488037	-64.940002	0.000000
1586.504028	-65.059998	0.000000
1586.520020	-65.209999	0.000000
1586.536011	-65.449997	0.000000
1586.552002	-65.629997	0.000000
1586.567993	-66.040001	0.000000
1586.583984	-66.400002	0.000000
1586.599976	-66.680000	0.000000
1586.615967	-67.110001	0.000000
1586.631958	-67.750000	0.000000
1586.647949	-68.139999	0.000000
1586.663940	-68.430000	0.000000
1586.680054	-68.820000	0.000000
1586.696045	-69.379997	0.000000
1586.712036	-69.099998	0.000000
1586.728027	-69.849998	0.000000
1586.744019	-69.839996	0.000000
1586.760010	-70.849998	0.000000
1586.776001	-71.489998	0.000000
1586.791992	-72.360001	0.000000
1586.807983	-72.489998	0.000000
1586.823975	-73.430000	0.000000
1586.839966	-72.720001	0.000000
1586.855957	-74.470001	0.000000
1586.871948	-76.519997	0.000000
1586.887939	-76.040001	0.000000
1586.904053	-77.730003	0.000000
1586.920044	-78.629997	0.000000
1586.936035	-78.279999	0.000000
1586.952026	-87.660004	0.000000
1586.968018	-80.529999	0.000000
1586.984009	-85.029999	0.000000
1587.000000	-83.980003	0.000000
1587.015991	-80.389999	0.000000
1587.031982	-210.000000	0.000000
1587.047974	-210.000000	0.000000
1587.063965	-210.000000	0.000000
1587.079956	-210.000000	0.000000
1587.095947	-210.000000	0.000000
1587.112061	-81.820000	0.000000
1587.128052	-210.000000	0.000000
1587.144043	-210.000000	0.000000
1587.160034	-90.669998	0.000000
1587.176025	-210.000000	0.000000
1587.192017	-210.000000	0.000000
1587.208008	-210.000000	0.000000
1587.223999	-210.000000	0.000000
1587.239990	-210.000000	0.000000
1587.255981	-210.000000	0.000000
1587.271973	-92.430000	0.000000
1587.287964	-95.440002	0.000000
1587.303955	-80.669998	0.000000
1587.319946	-85.440002	0.000000
1587.336060	-85.440002	0.000000
1587.352051	-210.000000	0.000000
1587.368042	-210.000000	0.000000
1587.384033	-85.029999	0.000000
1587.400024	-210.000000	0.000000
1587.416016	-95.440002	0.000000
1587.432007	-210.000000	0.000000
1587.447998	-210.000000	0.000000
1587.463989	-80.120003	0.000000
1587.479980	-78.199997	0.000000
1587.495972	-210.000000	0.000000
1587.511963	-85.029999	0.000000
1587.527954	-210.000000	0.000000
1587.543945	-210.000000	0.000000
1587.560059	-210.000000	0.000000
1587.576050	-210.000000	0.000000
1587.592041	-79.879997	0.000000
1587.608032	-87.660004	0.000000
1587.624023	-88.449997	0.000000
1587.640015	-85.440002	0.000000
1587.656006	-85.440002	0.000000
1587.671997	-210.000000	0.000000
1587.687988	-80.000000	0.000000
1587.703979	-210.000000	0.000000
1587.719971	-210.000000	0.000000
1587.735962	-210.000000	0.000000
1587.751953	-82.019997	0.000000
1587.767944	-92.430000	0.000000
1587.784058	-210.000000	0.000000
1587.800049	-85.900002	0.000000
1587.816040	-210.000000	0.000000
1587.832031	-85.029999	0.000000
1587.848022	-83.400002	0.000000
1587.864014	-210.000000	0.000000
1587.880005	-82.430000	0.000000
1587.895996	-210.000000	0.000000
1587.911987	-210.000000	0.000000
1587.927979	-210.000000	0.000000
1587.943970	-210.000000	0.000000
1587.959961	-210.000000	0.000000
1587.975952	-210.000000	0.000000
1587.991943	-210.000000	0.000000
1588.008057	-84.290001	0.000000
1588.024048	-83.669998	0.000000
1588.040039	-83.389999	0.000000
1588.056030	-210.000000	0.000000
1588.072021	-86.400002	0.000000
1588.088013	-210.000000	0.000000
1588.104004	-82.010002	0.000000
1588.119995	-210.000000	0.000000
1588.135986	-80.379997	0.000000
1588.151978	-210.000000	0.000000
1588.167969	-85.430000	0.000000
1588.183960	-210.000000	0.000000
1588.199951	-95.430000	0.000000
1588.215942	-84.290001	0.000000
1588.232056	-81.809998	0.000000
1588.248047	-82.419998	0.000000
1588.264038	-86.980003	0.000000
1588.280029	-89.410004	0.000000
1588.296021	-210.000000	0.000000
1588.312012	-210.000000	0.000000
1588.328003	-81.449997	0.000000
1588.343994	-210.000000	0.000000
1588.359985	-210.000000	0.000000
1588.375977	-79.870003	0.000000
1588.391968	-81.279999	0.000000
1588.407959	-86.400002	0.000000
1588.423950	-210.000000	0.000000
1588.439941	-210.000000	0.000000
1588.456055	-85.430000	0.000000
1588.472046	-83.970001	0.000000
1588.488037	-90.660004	0.000000
1588.504028	-83.120003	0.000000
1588.520020	-210.000000	0.000000
1588.536011	-210.000000	0.000000
1588.552002	-82.879997	0.000000
1588.567993	-92.419998	0.000000
1588.583984	-95.430000	0.000000
1588.599976	-210.000000	0.000000
1588.615967	-210.000000	0.000000
1588.631958	-81.279999	0.000000
1588.647949	-80.110001	0.000000
1588.663940	-210.000000	0.000000
1588.680054	-210.000000	0.000000
1588.696045	-210.000000	0.000000
1588.712036	-85.430000	0.000000
1588.728027	-210.000000	0.000000
1588.744019	-83.120003	0.000000
1588.760010	-210.000000	0.000000
1588.776001	-88.440002	0.000000
1588.791992	-210.000000	0.000000
1588.807983	-86.980003	0.000000
1588.823975	-85.019997	0.000000
1588.839966	-88.440002	0.000000
1588.855957	-83.120003	0.000000
1588.871948	-210.000000	0.000000
1588.887939	-210.000000	0.000000
1588.904053	-86.980003	0.000000
1588.920044	-84.290001	0.000000
1588.936035	-83.120003	0.000000
1588.952026	-210.000000	0.000000
1588.968018	-86.980003	0.000000
1588.984009	-83.970001	0.000000
1589.000000	-84.290001	0.000000
1589.015991	-95.430000	0.000000
1589.031982	-88.440002	0.000000
1589.047974	-210.000000	0.000000
1589.063965	-85.019997	0.000000
1589.079956	-210.000000	0.000000
1589.095947	-210.000000	0.000000
1589.112061	-89.410004	0.000000
1589.128052	-85.889999	0.000000
1589.144043	-210.000000	0.000000
1589.160034	-210.000000	0.000000
1589.176025	-83.970001	0.000000
1589.192017	-210.000000	0.000000
1589.208008	-86.400002	0.000000
1589.223999	-80.809998	0.000000
1589.239990	-89.410004	0.000000
1589.255981	-85.019997	0.000000
1589.271973	-210.000000	0.000000
1589.287964	-86.400002	0.000000
1589.303955	-210.000000	0.000000
1589.319946	-86.980003	0.000000
1589.336060	-210.000000	0.000000
1589.352051	-87.650002	0.000000
1589.368042	-85.019997	0.000000
1589.384033	-210.000000	0.000000
1589.400024	-79.410004	0.000000
1589.416016	-210.000000	0.000000
1589.432007	-210.000000	0.000000
1589.447998	-210.000000	0.000000
1589.463989	-210.000000	0.000000
1589.479980	-87.650002	0.000000
1589.495972	-210.000000	0.000000
1589.511963	-210.000000	0.000000
1589.527954	-210.000000	0.000000
1589.543945	-210.000000	0.000000
1589.560059	-80.379997	0.000000
1589.576050	-210.000000	0.000000
1589.592041	-90.660004	0.000000
1589.608032	-85.889999	0.000000
1589.624023	-90.660004	0.000000
1589.640015	-210.000000	0.000000
1589.656006	-81.279999	0.000000
1589.671997	-210.000000	0.000000
1589.687988	-210.000000	0.000000
1589.703979	-88.440002	0.000000
1589.719971	-210.000000	0.000000
1589.735962	-81.629997	0.000000
1589.751953	-210.000000	0.000000
1589.767944	-210.000000	0.000000
1589.784058	-210.000000	0.000000
1589.800049	-89.410004	0.000000
1589.816040	-82.419998	0.000000
1589.832031	-85.019997	0.000000
1589.848022	-82.209999	0.000000
1589.864014	-210.000000	0.000000
1589.880005	-78.440002	0.000000
1589.895996	-210.000000	0.000000
1589.911987	-81.809998	0.000000
1589.927979	-210.000000	0.000000
1589.943970	-86.400002	0.000000
1589.959961	-210.000000	0.000000
1589.975952	-87.650002	0.000000
1589.991943	-210.000000	0.000000
1590.008057	-210.000000	0.000000
1590.024048	-210.000000	0.000000
1590.040039	-88.440002	0.000000
1590.056030	-210.000000	0.000000
1590.072021	-210.000000	0.000000
1590.088013	-87.650002	0.000000
1590.104004	-210.000000	0.000000
1590.119995	-210.000000	0.000000
1590.135986	-80.379997	0.000000
1590.151978	-79.629997	0.000000
1590.167969	-210.000000	0.000000
1590.183960	-83.669998	0.000000
1590.199951	-210.000000	0.000000
1590.215942	-210.000000	0.000000
1590.232056	-210.000000	0.000000
1590.248047	-85.019997	0.000000
1590.264038	-79.410004	0.000000
1590.280029	-210.000000	0.000000
1590.296021	-210.000000	0.000000
1590.312012	-81.449997	0.000000
1590.328003	-210.000000	0.000000
1590.343994	-210.000000	0.000000
1590.359985	-210.000000	0.000000
1590.375977	-80.110001	0.000000
1590.391968	-95.430000	0.000000
1590.407959	-82.419998	0.000000
1590.423950	-210.000000	0.000000
1590.439941	-210.000000	0.000000
1590.456055	-79.629997	0.000000
1590.472046	-83.669998	0.000000
1590.488037	-210.000000	0.000000
1590.504028	-85.010002	0.000000
1590.520020	-210.000000	0.000000
1590.536011	-82.870003	0.000000
1590.552002	-82.870003	0.000000
1590.567993	-210.000000	0.000000
1590.583984	-210.000000	0.000000
1590.599976	-210.000000	0.000000
1590.615967	-83.379997	0.000000
1590.631958	-81.110001	0.000000
1590.647949	-82.199997	0.000000
1590.663940	-89.400002	0.000000
1590.680054	-210.000000	0.000000
1590.696045	-88.430000	0.000000
1590.712036	-80.230003	0.000000
1590.728027	-78.099998	0.000000
1590.744019	-81.440002	0.000000
1590.760010	-89.400002	0.000000
1590.776001	-210.000000	0.000000
1590.791992	-87.639999	0.000000
1590.807983	-79.190002	0.000000
1590.823975	-210.000000	0.000000
1590.839966	-83.110001	0.000000
1590.855957	-92.410004	0.000000
1590.871948	-210.000000	0.000000
1590.887939	-210.000000	0.000000
1590.904053	-89.400002	0.000000
1590.920044	-82.870003	0.000000
1590.936035	-210.000000	0.000000
1590.952026	-82.870003	0.000000
1590.968018	-82.199997	0.000000
1590.984009	-83.959999	0.000000
1591.000000	-210.000000	0.000000
