Wavelength (nm)	Transmission (dBm)	Linear Transmission
1575.000000	-210.000000	0.000000
1575.015991	-210.000000	0.000000
1575.031982	-210.000000	0.000000
1575.047974	-210.000000	0.000000
1575.063965	-210.000000	0.000000
1575.079956	-90.660004	0.000000
1575.095947	-210.000000	0.000000
1575.112061	-210.000000	0.000000
1575.128052	-210.000000	0.000000
1575.144043	-82.419998	0.000000
1575.160034	-210.000000	0.000000
1575.176025	-210.000000	0.000000
1575.192017	-82.879997	0.000000
1575.208008	-80.959999	0.000000
1575.223999	-82.879997	0.000000
1575.239990	-89.410004	0.000000
1575.255981	-210.000000	0.000000
1575.271973	-210.000000	0.000000
1575.287964	-79.410004	0.000000
1575.303955	-210.000000	0.000000
1575.319946	-210.000000	0.000000
1575.336060	-210.000000	0.000000
1575.352051	-210.000000	0.000000
1575.368042	-210.000000	0.000000
1575.384033	-83.389999	0.000000
1575.400024	-82.879997	0.000000
1575.416016	-210.000000	0.000000
1575.432007	-85.889999	0.000000
1575.447998	-210.000000	0.000000
1575.463989	-95.430000	0.000000
1575.479980	-78.800003	0.000000
1575.495972	-84.650002	0.000000
1575.511963	-210.000000	0.000000
1575.527954	-92.430000	0.000000
1575.543945	-82.019997	0.000000
1575.560059	-210.000000	0.000000
1575.576050	-210.000000	0.000000
1575.592041	-210.000000	0.000000
1575.608032	-210.000000	0.000000
1575.624023	-85.440002	0.000000
1575.640015	-210.000000	0.000000
1575.656006	-210.000000	0.000000
1575.671997	-210.000000	0.000000
1575.687988	-81.459999	0.000000
1575.703979	-210.000000	0.000000
1575.719971	-210.000000	0.000000
1575.735962	-210.000000	0.000000
1575.751953	-210.000000	0.000000
1575.767944	-82.889999	0.000000
1575.784058	-210.000000	0.000000
1575.800049	-82.889999	0.000000
1575.816040	-80.669998	0.000000
1575.832031	-84.300003	0.000000
1575.848022	-210.000000	0.000000
1575.864014	-81.129997	0.000000
1575.880005	-210.000000	0.000000
1575.895996	-87.660004	0.000000
1575.911987	-84.650002	0.000000
1575.927979	-210.000000	0.000000
1575.943970	-80.389999	0.000000
1575.959961	-210.000000	0.000000
1575.975952	-210.000000	0.000000
1575.991943	-210.000000	0.000000
1576.008057	-210.000000	0.000000
1576.024048	-210.000000	0.000000
1576.040039	-90.669998	0.000000
1576.056030	-210.000000	0.000000
1576.072021	-210.000000	0.000000
1576.088013	-210.000000	0.000000
1576.104004	-210.000000	0.000000
1576.119995	-210.000000	0.000000
1576.135986	-85.900002	0.000000
1576.151978	-83.680000	0.000000
1576.167969	-83.980003	0.000000
1576.183960	-210.000000	0.000000
1576.199951	-85.440002	0.000000
1576.215942	-84.300003	0.000000
1576.232056	-210.000000	0.000000
1576.248047	-210.000000	0.000000
1576.264038	-81.290001	0.000000
1576.280029	-82.889999	0.000000
1576.296021	-210.000000	0.000000
1576.312012	-84.650002	0.000000
1576.328003	-83.980003	0.000000
1576.343994	-89.419998	0.000000
1576.359985	-210.000000	0.000000
1576.375977	-81.129997	0.000000
1576.391968	-80.120003	0.000000
1576.407959	-78.809998	0.000000
1576.423950	-79.760002	0.000000
1576.439941	-210.000000	0.000000
1576.456055	-84.650002	0.000000
1576.472046	-210.000000	0.000000
1576.488037	-89.419998	0.000000
1576.504028	-82.889999	0.000000
1576.520020	-81.459999	0.000000
1576.536011	-82.019997	0.000000
1576.552002	-84.650002	0.000000
1576.567993	-210.000000	0.000000
1576.583984	-210.000000	0.000000
1576.599976	-210.000000	0.000000
1576.615967	-80.250000	0.000000
1576.631958	-210.000000	0.000000
1576.647949	-84.650002	0.000000
1576.663940	-88.449997	0.000000
1576.680054	-210.000000	0.000000
1576.696045	-210.000000	0.000000
1576.712036	-83.129997	0.000000
1576.728027	-210.000000	0.000000
1576.744019	-81.459999	0.000000
1576.760010	-85.029999	0.000000
1576.776001	-210.000000	0.000000
1576.791992	-210.000000	0.000000
1576.807983	-83.980003	0.000000
1576.823975	-85.440002	0.000000
1576.839966	-210.000000	0.000000
1576.855957	-84.300003	0.000000
1576.871948	-210.000000	0.000000
1576.887939	-82.019997	0.000000
1576.904053	-210.000000	0.000000
1576.920044	-86.989998	0.000000
1576.936035	-210.000000	0.000000
1576.952026	-210.000000	0.000000
1576.968018	-210.000000	0.000000
1576.984009	-210.000000	0.000000
1577.000000	-81.290001	0.000000
1577.015991	-210.000000	0.000000
1577.031982	-80.820000	0.000000
1577.047974	-82.889999	0.000000
1577.063965	-210.000000	0.000000
1577.079956	-210.000000	0.000000
1577.095947	-83.129997	0.000000
1577.112061	-210.000000	0.000000
1577.128052	-85.029999	0.000000
1577.144043	-95.440002	0.000000
1577.160034	-210.000000	0.000000
1577.176025	-210.000000	0.000000
1577.192017	-210.000000	0.000000
1577.208008	-83.980003	0.000000
1577.223999	-210.000000	0.000000
1577.239990	-210.000000	0.000000
1577.255981	-87.660004	0.000000
1577.271973	-210.000000	0.000000
1577.287964	-80.970001	0.000000
1577.303955	-210.000000	0.000000
1577.319946	-88.449997	0.000000
1577.336060	-210.000000	0.000000
1577.352051	-85.900002	0.000000
1577.368042	-210.000000	0.000000
1577.384033	-83.400002	0.000000
1577.400024	-210.000000	0.000000
1577.416016	-86.410004	0.000000
1577.432007	-210.000000	0.000000
1577.447998	-86.989998	0.000000
1577.463989	-82.650002	0.000000
1577.479980	-81.459999	0.000000
1577.495972	-84.300003	0.000000
1577.511963	-87.660004	0.000000
1577.527954	-210.000000	0.000000
1577.543945	-81.459999	0.000000
1577.560059	-210.000000	0.000000
1577.576050	-210.000000	0.000000
1577.592041	-89.419998	0.000000
1577.608032	-210.000000	0.000000
1577.624023	-84.300003	0.000000
1577.640015	-83.980003	0.000000
1577.656006	-210.000000	0.000000
1577.671997	-89.419998	0.000000
1577.687988	-78.449997	0.000000
1577.703979	-92.430000	0.000000
1577.719971	-210.000000	0.000000
1577.735962	-83.400002	0.000000
1577.751953	-92.430000	0.000000
1577.767944	-81.459999	0.000000
1577.784058	-78.809998	0.000000
1577.800049	-81.290001	0.000000
1577.816040	-210.000000	0.000000
1577.832031	-89.419998	0.000000
1577.848022	-210.000000	0.000000
1577.864014	-210.000000	0.000000
1577.880005	-78.279999	0.000000
1577.895996	-210.000000	0.000000
1577.911987	-210.000000	0.000000
1577.927979	-92.430000	0.000000
1577.943970	-210.000000	0.000000
1577.959961	-210.000000	0.000000
1577.975952	-210.000000	0.000000
1577.991943	-90.680000	0.000000
1578.008057	-210.000000	0.000000
1578.024048	-210.000000	0.000000
1578.040039	-79.540001	0.000000
1578.056030	-85.040001	0.000000
1578.072021	-80.680000	0.000000
1578.088013	-210.000000	0.000000
1578.104004	-210.000000	0.000000
1578.119995	-89.430000	0.000000
1578.135986	-81.300003	0.000000
1578.151978	-210.000000	0.000000
1578.167969	-82.900002	0.000000
1578.183960	-210.000000	0.000000
1578.199951	-80.400002	0.000000
1578.215942	-210.000000	0.000000
1578.232056	-85.910004	0.000000
1578.248047	-80.540001	0.000000
1578.264038	-210.000000	0.000000
1578.280029	-79.889999	0.000000
1578.296021	-88.459999	0.000000
1578.312012	-210.000000	0.000000
1578.328003	-210.000000	0.000000
1578.343994	-210.000000	0.000000
1578.359985	-210.000000	0.000000
1578.375977	-83.410004	0.000000
1578.391968	-210.000000	0.000000
1578.407959	-210.000000	0.000000
1578.423950	-210.000000	0.000000
1578.439941	-81.650002	0.000000
1578.456055	-210.000000	0.000000
1578.472046	-210.000000	0.000000
1578.488037	-210.000000	0.000000
1578.504028	-210.000000	0.000000
1578.520020	-81.139999	0.000000
1578.536011	-210.000000	0.000000
1578.552002	-210.000000	0.000000
1578.567993	-82.440002	0.000000
1578.583984	-210.000000	0.000000
1578.599976	-210.000000	0.000000
1578.615967	-210.000000	0.000000
1578.631958	-88.459999	0.000000
1578.647949	-210.000000	0.000000
1578.663940	-95.449997	0.000000
1578.680054	-85.449997	0.000000
1578.696045	-84.660004	0.000000
1578.712036	-95.449997	0.000000
1578.728027	-88.459999	0.000000
1578.744019	-95.449997	0.000000
1578.760010	-82.440002	0.000000
1578.776001	-210.000000	0.000000
1578.791992	-210.000000	0.000000
1578.807983	-92.440002	0.000000
1578.823975	-79.220001	0.000000
1578.839966	-210.000000	0.000000
1578.855957	-210.000000	0.000000
1578.871948	-82.440002	0.000000
1578.887939	-210.000000	0.000000
1578.904053	-210.000000	0.000000
1578.920044	-83.139999	0.000000
1578.936035	-82.440002	0.000000
1578.952026	-210.000000	0.000000
1578.968018	-210.000000	0.000000
1578.984009	-83.690002	0.000000
1579.000000	-87.669998	0.000000
1579.015991	-210.000000	0.000000
1579.031982	-82.660004	0.000000
1579.047974	-210.000000	0.000000
1579.063965	-210.000000	0.000000
1579.079956	-80.980003	0.000000
1579.095947	-210.000000	0.000000
1579.112061	-210.000000	0.000000
1579.128052	-210.000000	0.000000
1579.144043	-83.989998	0.000000
1579.160034	-210.000000	0.000000
1579.176025	-85.040001	0.000000
1579.192017	-90.680000	0.000000
1579.208008	-88.459999	0.000000
1579.223999	-87.669998	0.000000
1579.239990	-83.410004	0.000000
1579.255981	-82.660004	0.000000
1579.271973	-85.910004	0.000000
1579.287964	-85.910004	0.000000
1579.303955	-83.139999	0.000000
1579.319946	-82.440002	0.000000
1579.336060	-210.000000	0.000000
1579.352051	-210.000000	0.000000
1579.368042	-210.000000	0.000000
1579.384033	-82.029999	0.000000
1579.400024	-210.000000	0.000000
1579.416016	-210.000000	0.000000
1579.432007	-83.139999	0.000000
1579.447998	-210.000000	0.000000
1579.463989	-210.000000	0.000000
1579.479980	-79.110001	0.000000
1579.495972	-210.000000	0.000000
1579.511963	-210.000000	0.000000
1579.527954	-92.440002	0.000000
1579.543945	-84.660004	0.000000
1579.560059	-95.449997	0.000000
1579.576050	-210.000000	0.000000
1579.592041	-83.139999	0.000000
1579.608032	-210.000000	0.000000
1579.624023	-210.000000	0.000000
1579.640015	-83.989998	0.000000
1579.656006	-88.459999	0.000000
1579.671997	-210.000000	0.000000
1579.687988	-82.230003	0.000000
1579.703979	-84.309998	0.000000
1579.719971	-210.000000	0.000000
1579.735962	-210.000000	0.000000
1579.751953	-80.010002	0.000000
1579.767944	-210.000000	0.000000
1579.784058	-210.000000	0.000000
1579.800049	-84.660004	0.000000
1579.816040	-210.000000	0.000000
1579.832031	-90.680000	0.000000
1579.848022	-210.000000	0.000000
1579.864014	-81.300003	0.000000
1579.880005	-85.910004	0.000000
1579.895996	-95.449997	0.000000
1579.911987	-210.000000	0.000000
1579.927979	-89.430000	0.000000
1579.943970	-210.000000	0.000000
1579.959961	-82.900002	0.000000
1579.975952	-92.440002	0.000000
1579.991943	-95.449997	0.000000
1580.008057	-210.000000	0.000000
1580.024048	-84.660004	0.000000
1580.040039	-210.000000	0.000000
1580.056030	-85.910004	0.000000
1580.072021	-87.669998	0.000000
1580.088013	-84.309998	0.000000
1580.104004	-210.000000	0.000000
1580.119995	-210.000000	0.000000
1580.135986	-210.000000	0.000000
1580.151978	-83.139999	0.000000
1580.167969	-210.000000	0.000000
1580.183960	-80.260002	0.000000
1580.199951	-86.419998	0.000000
1580.215942	-210.000000	0.000000
1580.232056	-95.449997	0.000000
1580.248047	-210.000000	0.000000
1580.264038	-79.220001	0.000000
1580.280029	-210.000000	0.000000
1580.296021	-84.309998	0.000000
1580.312012	-88.459999	0.000000
1580.328003	-79.889999	0.000000
1580.343994	-210.000000	0.000000
1580.359985	-78.730003	0.000000
1580.375977	-80.400002	0.000000
1580.391968	-80.980003	0.000000
1580.407959	-78.050003	0.000000
1580.423950	-76.760002	0.000000
1580.439941	-77.529999	0.000000
1580.456055	-85.449997	0.000000
1580.472046	-85.910004	0.000000
1580.488037	-80.010002	0.000000
1580.504028	-81.150002	0.000000
1580.520020	-79.779999	0.000000
1580.536011	-76.769997	0.000000
1580.552002	-80.269997	0.000000
1580.567993	-78.470001	0.000000
1580.583984	-77.260002	0.000000
1580.599976	-90.690002	0.000000
1580.615967	-76.889999	0.000000
1580.631958	-82.040001	0.000000
1580.647949	-80.839996	0.000000
1580.663940	-79.330002	0.000000
1580.680054	-80.139999	0.000000
1580.696045	-82.669998	0.000000
1580.712036	-79.120003	0.000000
1580.728027	-80.839996	0.000000
1580.744019	-77.750000	0.000000
1580.760010	-77.830002	0.000000
1580.776001	-79.779999	0.000000
1580.791992	-79.900002	0.000000
1580.807983	-78.139999	0.000000
1580.823975	-77.540001	0.000000
1580.839966	-79.120003	0.000000
1580.855957	-77.129997	0.000000
1580.871948	-78.650002	0.000000
1580.887939	-81.150002	0.000000
1580.904053	-80.839996	0.000000
1580.920044	-92.449997	0.000000
1580.936035	-80.410004	0.000000
1580.952026	-79.550003	0.000000
1580.968018	-81.839996	0.000000
1580.984009	-76.269997	0.000000
1581.000000	-78.930000	0.000000
1581.015991	-77.980003	0.000000
1581.031982	-77.470001	0.000000
1581.047974	-76.320000	0.000000
1581.063965	-78.559998	0.000000
1581.079956	-79.120003	0.000000
1581.095947	-77.980003	0.000000
1581.112061	-77.540001	0.000000
1581.128052	-85.050003	0.000000
1581.144043	-77.830002	0.000000
1581.160034	-76.589996	0.000000
1581.176025	-80.550003	0.000000
1581.192017	-78.930000	0.000000
1581.208008	-76.430000	0.000000
1581.223999	-79.440002	0.000000
1581.239990	-82.239998	0.000000
1581.255981	-79.660004	0.000000
1581.271973	-79.330002	0.000000
1581.287964	-77.610001	0.000000
1581.303955	-79.900002	0.000000
1581.319946	-83.419998	0.000000
1581.336060	-77.680000	0.000000
1581.352051	-77.400002	0.000000
1581.368042	-76.480003	0.000000
1581.384033	-80.410004	0.000000
1581.400024	-79.660004	0.000000
1581.416016	-79.440002	0.000000
1581.432007	-81.309998	0.000000
1581.447998	-78.379997	0.000000
1581.463989	-78.470001	0.000000
1581.479980	-80.410004	0.000000
1581.495972	-77.680000	0.000000
1581.511963	-77.470001	0.000000
1581.527954	-80.839996	0.000000
1581.543945	-78.470001	0.000000
1581.560059	-80.839996	0.000000
1581.576050	-210.000000	0.000000
1581.592041	-80.989998	0.000000
1581.608032	-81.839996	0.000000
1581.624023	-79.330002	0.000000
1581.640015	-78.559998	0.000000
1581.656006	-81.660004	0.000000
1581.671997	-82.449997	0.000000
1581.687988	-78.930000	0.000000
1581.703979	-79.660004	0.000000
1581.719971	-86.430000	0.000000
1581.735962	-83.150002	0.000000
1581.751953	-82.910004	0.000000
1581.767944	-78.220001	0.000000
1581.784058	-77.610001	0.000000
1581.800049	-210.000000	0.000000
1581.816040	-77.199997	0.000000
1581.832031	-79.440002	0.000000
1581.848022	-82.449997	0.000000
1581.864014	-77.680000	0.000000
1581.880005	-87.680000	0.000000
1581.895996	-78.739998	0.000000
1581.911987	-79.660004	0.000000
1581.927979	-77.980003	0.000000
1581.943970	-78.930000	0.000000
1581.959961	-80.839996	0.000000
1581.975952	-78.470001	0.000000
1581.991943	-77.830002	0.000000
1582.008057	-77.610001	0.000000
1582.024048	-78.930000	0.000000
1582.040039	-76.589996	0.000000
1582.056030	-78.650002	0.000000
1582.072021	-80.269997	0.000000
1582.088013	-76.589996	0.000000
1582.104004	-77.199997	0.000000
1582.119995	-77.750000	0.000000
1582.135986	-79.440002	0.000000
1582.151978	-78.300003	0.000000
1582.167969	-76.769997	0.000000
1582.183960	-79.019997	0.000000
1582.199951	-79.660004	0.000000
1582.215942	-79.330002	0.000000
1582.232056	-79.019997	0.000000
1582.248047	-76.589996	0.000000
1582.264038	-77.610001	0.000000
1582.280029	-80.139999	0.000000
1582.296021	-77.540001	0.000000
1582.312012	-79.330002	0.000000
1582.328003	-77.010002	0.000000
1582.343994	-75.970001	0.000000
1582.359985	-77.750000	0.000000
1582.375977	-79.230003	0.000000
1582.391968	-77.330002	0.000000
1582.407959	-76.110001	0.000000
1582.423950	-85.050003	0.000000
1582.439941	-76.110001	0.000000
1582.456055	-77.900002	0.000000
1582.472046	-80.410004	0.000000
1582.488037	-77.129997	0.000000
1582.504028	-77.470001	0.000000
1582.520020	-76.010002	0.000000
1582.536011	-77.199997	0.000000
1582.552002	-75.589996	0.000000
1582.567993	-77.260002	0.000000
1582.583984	-79.230003	0.000000
1582.599976	-77.199997	0.000000
1582.615967	-79.330002	0.000000
1582.631958	-77.750000	0.000000
1582.647949	-76.949997	0.000000
1582.663940	-80.410004	0.000000
1582.680054	-78.220001	0.000000
1582.696045	-76.169998	0.000000
1582.712036	-75.730003	0.000000
1582.728027	-80.839996	0.000000
1582.744019	-78.059998	0.000000
1582.760010	-77.400002	0.000000
1582.776001	-78.139999	0.000000
1582.791992	-79.120003	0.000000
1582.807983	-79.550003	0.000000
1582.823975	-77.540001	0.000000
1582.839966	-76.430000	0.000000
1582.855957	-77.980003	0.000000
1582.871948	-76.269997	0.000000
1582.887939	-76.059998	0.000000
1582.904053	-74.529999	0.000000
1582.920044	-74.389999	0.000000
1582.936035	-78.220001	0.000000
1582.952026	-74.930000	0.000000
1582.968018	-75.290001	0.000000
1582.984009	-74.349998	0.000000
1583.000000	-75.489998	0.000000
1583.015991	-73.989998	0.000000
1583.031982	-73.300003	0.000000
1583.047974	-73.570000	0.000000
1583.063965	-72.750000	0.000000
1583.079956	-73.930000	0.000000
1583.095947	-72.620003	0.000000
1583.112061	-72.230003	0.000000
1583.128052	-72.099998	0.000000
1583.144043	-71.580002	0.000000
1583.160034	-71.150002	0.000000
1583.176025	-70.919998	0.000000
1583.192017	-70.199997	0.000000
1583.208008	-70.680000	0.000000
1583.223999	-69.739998	0.000000
1583.239990	-69.360001	0.000000
1583.255981	-69.250000	0.000000
1583.271973	-69.120003	0.000000
1583.287964	-69.120003	0.000000
1583.303955	-68.690002	0.000000
1583.319946	-68.190002	0.000000
1583.336060	-67.660004	0.000000
1583.352051	-67.349998	0.000000
1583.368042	-66.379997	0.000000
1583.384033	-65.870003	0.000000
1583.400024	-65.739998	0.000000
1583.416016	-65.389999	0.000000
1583.432007	-65.169998	0.000000
1583.447998	-64.849998	0.000000
1583.463989	-64.250000	0.000000
1583.479980	-63.349998	0.000000
1583.495972	-62.610001	0.000001
1583.511963	-61.910000	0.000001
1583.527954	-61.470001	0.000001
1583.543945	-61.020000	0.000001
1583.560059	-60.619999	0.000001
1583.576050	-60.169998	0.000001
1583.592041	-59.849998	0.000001
1583.608032	-59.570000	0.000001
1583.624023	-59.250000	0.000001
1583.640015	-58.990002	0.000001
1583.656006	-58.580002	0.000001
1583.671997	-58.160000	0.000002
1583.687988	-57.919998	0.000002
1583.703979	-57.779999	0.000002
1583.719971	-57.730000	0.000002
1583.735962	-57.689999	0.000002
1583.751953	-57.689999	0.000002
1583.767944	-57.669998	0.000002
1583.784058	-57.639999	0.000002
1583.800049	-57.590000	0.000002
1583.816040	-57.490002	0.000002
1583.832031	-57.459999	0.000002
1583.848022	-57.439999	0.000002
1583.864014	-57.459999	0.000002
1583.880005	-57.590000	0.000002
1583.895996	-57.779999	0.000002
1583.911987	-57.970001	0.000002
1583.927979	-58.220001	0.000002
1583.943970	-58.450001	0.000001
1583.959961	-58.549999	0.000001
1583.975952	-58.720001	0.000001
1583.991943	-58.910000	0.000001
1584.008057	-59.169998	0.000001
1584.024048	-59.529999	0.000001
1584.040039	-59.930000	0.000001
1584.056030	-60.430000	0.000001
1584.072021	-61.080002	0.000001
1584.088013	-61.650002	0.000001
1584.104004	-61.980000	0.000001
1584.119995	-62.240002	0.000001
1584.135986	-62.450001	0.000001
1584.151978	-62.549999	0.000001
1584.167969	-62.830002	0.000001
1584.183960	-63.029999	0.000000
1584.199951	-63.459999	0.000000
1584.215942	-63.970001	0.000000
1584.232056	-64.500000	0.000000
1584.248047	-64.720001	0.000000
1584.264038	-64.949997	0.000000
1584.280029	-65.080002	0.000000
1584.296021	-65.050003	0.000000
1584.312012	-65.269997	0.000000
1584.328003	-65.449997	0.000000
1584.343994	-65.830002	0.000000
1584.359985	-66.269997	0.000000
1584.375977	-66.610001	0.000000
1584.391968	-66.940002	0.000000
1584.407959	-67.349998	0.000000
1584.423950	-67.050003	0.000000
1584.439941	-67.089996	0.000000
1584.456055	-67.400002	0.000000
1584.472046	-67.529999	0.000000
1584.488037	-67.570000	0.000000
1584.504028	-68.139999	0.000000
1584.520020	-68.620003	0.000000
1584.536011	-68.940002	0.000000
1584.552002	-69.209999	0.000000
1584.567993	-68.769997	0.000000
1584.583984	-68.860001	0.000000
1584.599976	-68.989998	0.000000
1584.615967	-69.360001	0.000000
1584.631958	-69.339996	0.000000
1584.647949	-69.410004	0.000000
1584.663940	-69.900002	0.000000
1584.680054	-70.120003	0.000000
1584.696045	-69.980003	0.000000
1584.712036	-69.930000	0.000000
1584.728027	-69.650002	0.000000
1584.744019	-69.980003	0.000000
1584.760010	-70.239998	0.000000
1584.776001	-70.370003	0.000000
1584.791992	-70.150002	0.000000
1584.807983	-70.400002	0.000000
1584.823975	-70.589996	0.000000
1584.839966	-70.449997	0.000000
1584.855957	-71.139999	0.000000
1584.871948	-71.070000	0.000000
1584.887939	-71.320000	0.000000
1584.904053	-71.180000	0.000000
1584.920044	-71.139999	0.000000
1584.936035	-71.349998	0.000000
1584.952026	-71.790001	0.000000
1584.968018	-71.610001	0.000000
1584.984009	-71.699997	0.000000
1585.000000	-71.540001	0.000000
1585.015991	-72.779999	0.000000
1585.031982	-71.650002	0.000000
1585.047974	-71.500000	0.000000
1585.063965	-71.699997	0.000000
1585.079956	-71.910004	0.000000
1585.095947	-72.230003	0.000000
1585.112061	-74.519997	0.000000
1585.128052	-73.629997	0.000000
1585.144043	-73.169998	0.000000
1585.160034	-74.019997	0.000000
1585.176025	-73.779999	0.000000
1585.192017	-74.309998	0.000000
1585.208008	-74.209999	0.000000
1585.223999	-73.870003	0.000000
1585.239990	-75.040001	0.000000
1585.255981	-74.690002	0.000000
1585.271973	-74.620003	0.000000
1585.287964	-74.839996	0.000000
1585.303955	-75.199997	0.000000
1585.319946	-75.669998	0.000000
1585.336060	-74.519997	0.000000
1585.352051	-75.279999	0.000000
1585.368042	-75.320000	0.000000
1585.384033	-76.000000	0.000000
1585.400024	-76.309998	0.000000
1585.416016	-76.099998	0.000000
1585.432007	-77.120003	0.000000
1585.447998	-78.290001	0.000000
1585.463989	-76.760002	0.000000
1585.479980	-73.809998	0.000000
1585.495972	-75.110001	0.000000
1585.511963	-76.199997	0.000000
1585.527954	-75.620003	0.000000
1585.543945	-76.930000	0.000000
1585.560059	-74.760002	0.000000
1585.576050	-75.570000	0.000000
1585.592041	-75.529999	0.000000
1585.608032	-75.269997	0.000000
1585.624023	-74.040001	0.000000
1585.640015	-74.830002	0.000000
1585.656006	-77.589996	0.000000
1585.671997	-74.300003	0.000000
1585.687988	-76.629997	0.000000
1585.703979	-75.400002	0.000000
1585.719971	-74.910004	0.000000
1585.735962	-75.949997	0.000000
1585.751953	-75.620003	0.000000
1585.767944	-76.870003	0.000000
1585.784058	-75.190002	0.000000
1585.800049	-75.150002	0.000000
1585.816040	-75.849998	0.000000
1585.832031	-76.629997	0.000000
1585.848022	-77.050003	0.000000
1585.864014	-76.199997	0.000000
1585.880005	-75.620003	0.000000
1585.895996	-75.949997	0.000000
1585.911987	-75.029999	0.000000
1585.927979	-77.379997	0.000000
1585.943970	-75.529999	0.000000
1585.959961	-75.230003	0.000000
1585.975952	-76.089996	0.000000
1585.991943	-75.620003	0.000000
1586.008057	-75.440002	0.000000
1586.024048	-78.449997	0.000000
1586.040039	-76.040001	0.000000
1586.056030	-77.309998	0.000000
1586.072021	-75.800003	0.000000
1586.088013	-77.660004	0.000000
1586.104004	-77.309998	0.000000
1586.119995	-76.410004	0.000000
1586.135986	-75.309998	0.000000
1586.151978	-75.750000	0.000000
1586.167969	-74.949997	0.000000
1586.183960	-77.809998	0.000000
1586.199951	-75.750000	0.000000
1586.215942	-76.570000	0.000000
1586.232056	-74.870003	0.000000
1586.248047	-79.000000	0.000000
1586.264038	-77.589996	0.000000
1586.280029	-75.070000	0.000000
1586.296021	-76.930000	0.000000
1586.312012	-76.870003	0.000000
1586.328003	-78.360001	0.000000
1586.343994	-77.809998	0.000000
1586.359985	-76.089996	0.000000
1586.375977	-78.809998	0.000000
1586.391968	-78.449997	0.000000
1586.407959	-78.540001	0.000000
1586.423950	-78.040001	0.000000
1586.439941	-77.660004	0.000000
1586.456055	-80.389999	0.000000
1586.472046	-79.099998	0.000000
1586.488037	-77.379997	0.000000
1586.504028	-78.449997	0.000000
1586.520020	-79.209999	0.000000
1586.536011	-77.959999	0.000000
1586.552002	-78.199997	0.000000
1586.567993	-210.000000	0.000000
1586.583984	-210.000000	0.000000
1586.599976	-80.970001	0.000000
1586.615967	-95.440002	0.000000
1586.631958	-78.540001	0.000000
1586.647949	-85.900002	0.000000
1586.663940	-89.419998	0.000000
1586.680054	-88.449997	0.000000
1586.696045	-210.000000	0.000000
1586.712036	-210.000000	0.000000
1586.728027	-83.129997	0.000000
1586.744019	-82.889999	0.000000
1586.760010	-82.650002	0.000000
1586.776001	-84.650002	0.000000
1586.791992	-210.000000	0.000000
1586.807983	-88.449997	0.000000
1586.823975	-210.000000	0.000000
1586.839966	-87.660004	0.000000
1586.855957	-210.000000	0.000000
1586.871948	-210.000000	0.000000
1586.887939	-89.419998	0.000000
1586.904053	-210.000000	0.000000
1586.920044	-84.300003	0.000000
1586.936035	-83.980003	0.000000
1586.952026	-210.000000	0.000000
1586.968018	-82.220001	0.000000
1586.984009	-84.300003	0.000000
1587.000000	-210.000000	0.000000
1587.015991	-86.989998	0.000000
1587.031982	-210.000000	0.000000
1587.047974	-210.000000	0.000000
1587.063965	-86.989998	0.000000
1587.079956	-210.000000	0.000000
1587.095947	-210.000000	0.000000
1587.112061	-210.000000	0.000000
1587.128052	-82.889999	0.000000
1587.144043	-210.000000	0.000000
1587.160034	-210.000000	0.000000
1587.176025	-210.000000	0.000000
1587.192017	-95.440002	0.000000
1587.208008	-210.000000	0.000000
1587.223999	-90.669998	0.000000
1587.239990	-210.000000	0.000000
1587.255981	-210.000000	0.000000
1587.271973	-210.000000	0.000000
1587.287964	-81.639999	0.000000
1587.303955	-210.000000	0.000000
1587.319946	-210.000000	0.000000
1587.336060	-210.000000	0.000000
1587.352051	-210.000000	0.000000
1587.368042	-210.000000	0.000000
1587.384033	-210.000000	0.000000
1587.400024	-82.019997	0.000000
1587.416016	-85.900002	0.000000
1587.432007	-210.000000	0.000000
1587.447998	-88.449997	0.000000
1587.463989	-210.000000	0.000000
1587.479980	-210.000000	0.000000
1587.495972	-86.410004	0.000000
1587.511963	-210.000000	0.000000
1587.527954	-90.669998	0.000000
1587.543945	-210.000000	0.000000
1587.560059	-210.000000	0.000000
1587.576050	-86.410004	0.000000
1587.592041	-210.000000	0.000000
1587.608032	-81.129997	0.000000
1587.624023	-210.000000	0.000000
1587.640015	-81.129997	0.000000
1587.656006	-92.430000	0.000000
1587.671997	-210.000000	0.000000
1587.687988	-210.000000	0.000000
1587.703979	-210.000000	0.000000
1587.719971	-210.000000	0.000000
1587.735962	-82.650002	0.000000
1587.751953	-210.000000	0.000000
1587.767944	-210.000000	0.000000
1587.784058	-80.529999	0.000000
1587.800049	-210.000000	0.000000
1587.816040	-92.430000	0.000000
1587.832031	-210.000000	0.000000
1587.848022	-92.430000	0.000000
1587.864014	-210.000000	0.000000
1587.880005	-210.000000	0.000000
1587.895996	-210.000000	0.000000
1587.911987	-76.750000	0.000000
1587.927979	-210.000000	0.000000
1587.943970	-82.650002	0.000000
1587.959961	-95.440002	0.000000
1587.975952	-81.459999	0.000000
1587.991943	-210.000000	0.000000
1588.008057	-210.000000	0.000000
1588.024048	-85.430000	0.000000
1588.040039	-82.010002	0.000000
1588.056030	-210.000000	0.000000
1588.072021	-88.440002	0.000000
1588.088013	-210.000000	0.000000
1588.104004	-92.419998	0.000000
1588.119995	-210.000000	0.000000
1588.135986	-210.000000	0.000000
1588.151978	-88.440002	0.000000
1588.167969	-89.410004	0.000000
1588.183960	-82.639999	0.000000
1588.199951	-210.000000	0.000000
1588.215942	-82.639999	0.000000
1588.232056	-81.279999	0.000000
1588.248047	-210.000000	0.000000
1588.264038	-87.650002	0.000000
1588.280029	-210.000000	0.000000
1588.296021	-210.000000	0.000000
1588.312012	-79.629997	0.000000
1588.328003	-83.970001	0.000000
1588.343994	-210.000000	0.000000
1588.359985	-92.419998	0.000000
1588.375977	-210.000000	0.000000
1588.391968	-86.400002	0.000000
1588.407959	-210.000000	0.000000
1588.423950	-210.000000	0.000000
1588.439941	-90.660004	0.000000
1588.456055	-83.970001	0.000000
1588.472046	-84.290001	0.000000
1588.488037	-85.019997	0.000000
1588.504028	-210.000000	0.000000
1588.520020	-210.000000	0.000000
1588.536011	-210.000000	0.000000
1588.552002	-210.000000	0.000000
1588.567993	-210.000000	0.000000
1588.583984	-210.000000	0.000000
1588.599976	-88.440002	0.000000
1588.615967	-89.410004	0.000000
1588.631958	-210.000000	0.000000
1588.647949	-79.989998	0.000000
1588.663940	-210.000000	0.000000
1588.680054	-83.970001	0.000000
1588.696045	-210.000000	0.000000
1588.712036	-90.660004	0.000000
1588.728027	-210.000000	0.000000
1588.744019	-210.000000	0.000000
1588.760010	-81.629997	0.000000
1588.776001	-210.000000	0.000000
1588.791992	-210.000000	0.000000
1588.807983	-82.209999	0.000000
1588.823975	-90.660004	0.000000
1588.839966	-210.000000	0.000000
1588.855957	-210.000000	0.000000
1588.871948	-84.639999	0.000000
1588.887939	-210.000000	0.000000
1588.904053	-210.000000	0.000000
1588.920044	-80.660004	0.000000
1588.936035	-210.000000	0.000000
1588.952026	-210.000000	0.000000
1588.968018	-210.000000	0.000000
1588.984009	-210.000000	0.000000
1589.000000	-90.660004	0.000000
1589.015991	-210.000000	0.000000
1589.031982	-81.449997	0.000000
1589.047974	-210.000000	0.000000
1589.063965	-210.000000	0.000000
1589.079956	-210.000000	0.000000
1589.095947	-83.669998	0.000000
1589.112061	-89.410004	0.000000
1589.128052	-210.000000	0.000000
1589.144043	-210.000000	0.000000
1589.160034	-210.000000	0.000000
1589.176025	-210.000000	0.000000
1589.192017	-80.959999	0.000000
1589.208008	-80.110001	0.000000
1589.223999	-210.000000	0.000000
1589.239990	-83.120003	0.000000
1589.255981	-81.279999	0.000000
1589.271973	-210.000000	0.000000
1589.287964	-210.000000	0.000000
1589.303955	-81.629997	0.000000
1589.319946	-210.000000	0.000000
1589.336060	-210.000000	0.000000
1589.352051	-210.000000	0.000000
1589.368042	-210.000000	0.000000
1589.384033	-210.000000	0.000000
1589.400024	-82.639999	0.000000
1589.416016	-84.290001	0.000000
1589.432007	-210.000000	0.000000
1589.447998	-80.239998	0.000000
1589.463989	-80.110001	0.000000
1589.479980	-210.000000	0.000000
1589.495972	-210.000000	0.000000
1589.511963	-210.000000	0.000000
1589.527954	-210.000000	0.000000
1589.543945	-84.290001	0.000000
1589.560059	-210.000000	0.000000
1589.576050	-210.000000	0.000000
1589.592041	-95.430000	0.000000
1589.608032	-86.980003	0.000000
1589.624023	-210.000000	0.000000
1589.640015	-85.019997	0.000000
1589.656006	-82.419998	0.000000
1589.671997	-83.970001	0.000000
1589.687988	-210.000000	0.000000
1589.703979	-210.000000	0.000000
1589.719971	-210.000000	0.000000
1589.735962	-210.000000	0.000000
1589.751953	-210.000000	0.000000
1589.767944	-210.000000	0.000000
1589.784058	-85.430000	0.000000
1589.800049	-81.279999	0.000000
1589.816040	-89.410004	0.000000
1589.832031	-210.000000	0.000000
1589.848022	-210.000000	0.000000
1589.864014	-80.379997	0.000000
1589.880005	-210.000000	0.000000
1589.895996	-210.000000	0.000000
1589.911987	-89.410004	0.000000
1589.927979	-210.000000	0.000000
1589.943970	-210.000000	0.000000
1589.959961	-210.000000	0.000000
1589.975952	-79.989998	0.000000
1589.991943	-80.379997	0.000000
1590.008057	-83.970001	0.000000
1590.024048	-89.410004	0.000000
1590.040039	-210.000000	0.000000
1590.056030	-210.000000	0.000000
1590.072021	-83.970001	0.000000
1590.088013	-210.000000	0.000000
1590.104004	-95.430000	0.000000
1590.119995	-210.000000	0.000000
1590.135986	-92.419998	0.000000
1590.151978	-80.809998	0.000000
1590.167969	-210.000000	0.000000
1590.183960	-210.000000	0.000000
1590.199951	-80.110001	0.000000
1590.215942	-210.000000	0.000000
1590.232056	-210.000000	0.000000
1590.248047	-210.000000	0.000000
1590.264038	-210.000000	0.000000
1590.280029	-210.000000	0.000000
1590.296021	-82.209999	0.000000
1590.312012	-210.000000	0.000000
1590.328003	-210.000000	0.000000
1590.343994	-89.410004	0.000000
1590.359985	-210.000000	0.000000
1590.375977	-82.639999	0.000000
1590.391968	-86.980003	0.000000
1590.407959	-210.000000	0.000000
1590.423950	-210.000000	0.000000
1590.439941	-210.000000	0.000000
1590.456055	-83.389999	0.000000
1590.472046	-210.000000	0.000000
1590.488037	-210.000000	0.000000
1590.504028	-210.000000	0.000000
1590.520020	-210.000000	0.000000
1590.536011	-87.639999	0.000000
1590.552002	-81.440002	0.000000
1590.567993	-86.970001	0.000000
1590.583984	-210.000000	0.000000
1590.599976	-83.959999	0.000000
1590.615967	-92.410004	0.000000
1590.631958	-83.660004	0.000000
1590.647949	-92.410004	0.000000
1590.663940	-83.959999	0.000000
1590.680054	-79.620003	0.000000
1590.696045	-210.000000	0.000000
1590.712036	-210.000000	0.000000
1590.728027	-85.010002	0.000000
1590.744019	-210.000000	0.000000
1590.760010	-78.430000	0.000000
1590.776001	-82.629997	0.000000
1590.791992	-210.000000	0.000000
1590.807983	-210.000000	0.000000
1590.823975	-85.879997	0.000000
1590.839966	-210.000000	0.000000
1590.855957	-210.000000	0.000000
1590.871948	-95.419998	0.000000
1590.887939	-81.269997	0.000000
1590.904053	-210.000000	0.000000
1590.920044	-210.000000	0.000000
1590.936035	-210.000000	0.000000
1590.952026	-210.000000	0.000000
1590.968018	-210.000000	0.000000
1590.984009	-210.000000	0.000000
1591.000000	-210.000000	0.000000
