Wavelength (nm)	Transmission (dBm)	Linear Transmission
1577.000000	-83.980003	0.000000
1577.010010	-210.000000	0.000000
1577.020020	-81.290001	0.000000
1577.030029	-95.440002	0.000000
1577.040039	-210.000000	0.000000
1577.050049	-210.000000	0.000000
1577.060059	-90.669998	0.000000
1577.069946	-83.129997	0.000000
1577.079956	-80.389999	0.000000
1577.089966	-210.000000	0.000000
1577.099976	-82.430000	0.000000
1577.109985	-210.000000	0.000000
1577.119995	-81.639999	0.000000
1577.130005	-210.000000	0.000000
1577.140015	-210.000000	0.000000
1577.150024	-86.410004	0.000000
1577.160034	-210.000000	0.000000
1577.170044	-83.980003	0.000000
1577.180054	-210.000000	0.000000
1577.189941	-80.120003	0.000000
1577.199951	-210.000000	0.000000
1577.209961	-80.120003	0.000000
1577.219971	-210.000000	0.000000
1577.229980	-210.000000	0.000000
1577.239990	-86.989998	0.000000
1577.250000	-210.000000	0.000000
1577.260010	-95.440002	0.000000
1577.270020	-210.000000	0.000000
1577.280029	-210.000000	0.000000
1577.290039	-210.000000	0.000000
1577.300049	-210.000000	0.000000
1577.310059	-210.000000	0.000000
1577.319946	-210.000000	0.000000
1577.329956	-210.000000	0.000000
1577.339966	-210.000000	0.000000
1577.349976	-210.000000	0.000000
1577.359985	-210.000000	0.000000
1577.369995	-210.000000	0.000000
1577.380005	-210.000000	0.000000
1577.390015	-210.000000	0.000000
1577.400024	-210.000000	0.000000
1577.410034	-78.720001	0.000000
1577.420044	-95.440002	0.000000
1577.430054	-82.430000	0.000000
1577.439941	-210.000000	0.000000
1577.449951	-210.000000	0.000000
1577.459961	-210.000000	0.000000
1577.469971	-210.000000	0.000000
1577.479980	-83.400002	0.000000
1577.489990	-210.000000	0.000000
1577.500000	-78.279999	0.000000
1577.510010	-87.660004	0.000000
1577.520020	-210.000000	0.000000
1577.530029	-210.000000	0.000000
1577.540039	-210.000000	0.000000
1577.550049	-210.000000	0.000000
1577.560059	-86.410004	0.000000
1577.569946	-210.000000	0.000000
1577.579956	-210.000000	0.000000
1577.589966	-210.000000	0.000000
1577.599976	-210.000000	0.000000
1577.609985	-210.000000	0.000000
1577.619995	-210.000000	0.000000
1577.630005	-81.639999	0.000000
1577.640015	-210.000000	0.000000
1577.650024	-95.440002	0.000000
1577.660034	-92.430000	0.000000
1577.670044	-210.000000	0.000000
1577.680054	-210.000000	0.000000
1577.689941	-210.000000	0.000000
1577.699951	-82.889999	0.000000
1577.709961	-83.980003	0.000000
1577.719971	-92.430000	0.000000
1577.729980	-210.000000	0.000000
1577.739990	-210.000000	0.000000
1577.750000	-210.000000	0.000000
1577.760010	-86.410004	0.000000
1577.770020	-82.650002	0.000000
1577.780029	-210.000000	0.000000
1577.790039	-82.430000	0.000000
1577.800049	-210.000000	0.000000
1577.810059	-210.000000	0.000000
1577.819946	-80.970001	0.000000
1577.829956	-87.660004	0.000000
1577.839966	-81.639999	0.000000
1577.849976	-80.120003	0.000000
1577.859985	-88.449997	0.000000
1577.869995	-78.120003	0.000000
1577.880005	-210.000000	0.000000
1577.890015	-79.639999	0.000000
1577.900024	-210.000000	0.000000
1577.910034	-79.000000	0.000000
1577.920044	-210.000000	0.000000
1577.930054	-82.220001	0.000000
1577.939941	-81.290001	0.000000
1577.949951	-82.430000	0.000000
1577.959961	-81.290001	0.000000
1577.969971	-210.000000	0.000000
1577.979980	-81.290001	0.000000
1577.989990	-81.129997	0.000000
1578.000000	-210.000000	0.000000
1578.010010	-210.000000	0.000000
1578.020020	-210.000000	0.000000
1578.030029	-82.440002	0.000000
1578.040039	-80.260002	0.000000
1578.050049	-86.419998	0.000000
1578.060059	-80.260002	0.000000
1578.069946	-80.400002	0.000000
1578.079956	-92.440002	0.000000
1578.089966	-80.680000	0.000000
1578.099976	-210.000000	0.000000
1578.109985	-210.000000	0.000000
1578.119995	-79.540001	0.000000
1578.130005	-85.040001	0.000000
1578.140015	-88.459999	0.000000
1578.150024	-92.440002	0.000000
1578.160034	-85.040001	0.000000
1578.170044	-83.410004	0.000000
1578.180054	-82.660004	0.000000
1578.189941	-79.320000	0.000000
1578.199951	-87.669998	0.000000
1578.209961	-87.000000	0.000000
1578.219971	-210.000000	0.000000
1578.229980	-210.000000	0.000000
1578.239990	-81.300003	0.000000
1578.250000	-95.449997	0.000000
1578.260010	-84.309998	0.000000
1578.270020	-210.000000	0.000000
1578.280029	-210.000000	0.000000
1578.290039	-210.000000	0.000000
1578.300049	-92.440002	0.000000
1578.310059	-79.430000	0.000000
1578.319946	-87.669998	0.000000
1578.329956	-83.139999	0.000000
1578.339966	-210.000000	0.000000
1578.349976	-80.680000	0.000000
1578.359985	-81.139999	0.000000
1578.369995	-79.889999	0.000000
1578.380005	-80.010002	0.000000
1578.390015	-78.820000	0.000000
1578.400024	-78.730003	0.000000
1578.410034	-82.029999	0.000000
1578.420044	-81.300003	0.000000
1578.430054	-80.400002	0.000000
1578.439941	-83.410004	0.000000
1578.449951	-81.650002	0.000000
1578.459961	-81.300003	0.000000
1578.469971	-81.650002	0.000000
1578.479980	-80.400002	0.000000
1578.489990	-79.430000	0.000000
1578.500000	-87.669998	0.000000
1578.510010	-78.290001	0.000000
1578.520020	-82.029999	0.000000
1578.530029	-79.540001	0.000000
1578.540039	-78.820000	0.000000
1578.550049	-79.320000	0.000000
1578.560059	-77.529999	0.000000
1578.569946	-85.040001	0.000000
1578.579956	-78.290001	0.000000
1578.589966	-76.820000	0.000000
1578.599976	-80.540001	0.000000
1578.609985	-78.730003	0.000000
1578.619995	-80.010002	0.000000
1578.630005	-77.820000	0.000000
1578.640015	-78.919998	0.000000
1578.650024	-76.699997	0.000000
1578.660034	-78.290001	0.000000
1578.670044	-76.820000	0.000000
1578.680054	-76.639999	0.000000
1578.689941	-75.629997	0.000000
1578.699951	-77.599998	0.000000
1578.709961	-77.820000	0.000000
1578.719971	-78.919998	0.000000
1578.729980	-74.620003	0.000000
1578.739990	-74.730003	0.000000
1578.750000	-75.489998	0.000000
1578.760010	-79.320000	0.000000
1578.770020	-75.320000	0.000000
1578.780029	-73.690002	0.000000
1578.790039	-75.540001	0.000000
1578.800049	-75.809998	0.000000
1578.810059	-74.239998	0.000000
1578.819946	-75.279999	0.000000
1578.829956	-74.019997	0.000000
1578.839966	-73.629997	0.000000
1578.849976	-72.820000	0.000000
1578.859985	-72.779999	0.000000
1578.869995	-73.019997	0.000000
1578.880005	-73.300003	0.000000
1578.890015	-72.709999	0.000000
1578.900024	-72.970001	0.000000
1578.910034	-71.949997	0.000000
1578.920044	-71.970001	0.000000
1578.930054	-72.080002	0.000000
1578.939941	-72.459999	0.000000
1578.949951	-71.449997	0.000000
1578.959961	-71.680000	0.000000
1578.969971	-72.349998	0.000000
1578.979980	-71.489998	0.000000
1578.989990	-72.080002	0.000000
1579.000000	-71.349998	0.000000
1579.010010	-70.809998	0.000000
1579.020020	-70.160004	0.000000
1579.030029	-70.169998	0.000000
1579.040039	-69.919998	0.000000
1579.050049	-69.949997	0.000000
1579.060059	-69.540001	0.000000
1579.069946	-69.559998	0.000000
1579.079956	-69.400002	0.000000
1579.089966	-69.120003	0.000000
1579.099976	-69.099998	0.000000
1579.109985	-69.010002	0.000000
1579.119995	-68.709999	0.000000
1579.130005	-68.050003	0.000000
1579.140015	-67.959999	0.000000
1579.150024	-67.690002	0.000000
1579.160034	-67.379997	0.000000
1579.170044	-67.639999	0.000000
1579.180054	-67.500000	0.000000
1579.189941	-67.080002	0.000000
1579.199951	-66.989998	0.000000
1579.209961	-67.120003	0.000000
1579.219971	-66.879997	0.000000
1579.229980	-66.500000	0.000000
1579.239990	-66.349998	0.000000
1579.250000	-65.820000	0.000000
1579.260010	-65.690002	0.000000
1579.270020	-65.430000	0.000000
1579.280029	-65.080002	0.000000
1579.290039	-65.180000	0.000000
1579.300049	-64.870003	0.000000
1579.310059	-64.769997	0.000000
1579.319946	-64.589996	0.000000
1579.329956	-64.680000	0.000000
1579.339966	-64.440002	0.000000
1579.349976	-64.379997	0.000000
1579.359985	-64.169998	0.000000
1579.369995	-63.730000	0.000000
1579.380005	-63.500000	0.000000
1579.390015	-63.299999	0.000000
1579.400024	-63.060001	0.000000
1579.410034	-62.770000	0.000001
1579.420044	-62.669998	0.000001
1579.430054	-62.459999	0.000001
1579.439941	-62.480000	0.000001
1579.449951	-62.389999	0.000001
1579.459961	-62.259998	0.000001
1579.469971	-62.150002	0.000001
1579.479980	-62.070000	0.000001
1579.489990	-61.860001	0.000001
1579.500000	-61.709999	0.000001
1579.510010	-61.480000	0.000001
1579.520020	-61.270000	0.000001
1579.530029	-60.970001	0.000001
1579.540039	-60.810001	0.000001
1579.550049	-60.520000	0.000001
1579.560059	-60.439999	0.000001
1579.569946	-60.360001	0.000001
1579.579956	-60.240002	0.000001
1579.589966	-60.220001	0.000001
1579.599976	-60.189999	0.000001
1579.609985	-60.130001	0.000001
1579.619995	-60.070000	0.000001
1579.630005	-60.060001	0.000001
1579.640015	-60.020000	0.000001
1579.650024	-59.880001	0.000001
1579.660034	-59.700001	0.000001
1579.670044	-59.570000	0.000001
1579.680054	-59.290001	0.000001
1579.689941	-59.090000	0.000001
1579.699951	-58.919998	0.000001
1579.709961	-58.709999	0.000001
1579.719971	-58.599998	0.000001
1579.729980	-58.419998	0.000001
1579.739990	-58.290001	0.000001
1579.750000	-58.209999	0.000002
1579.760010	-58.099998	0.000002
1579.770020	-58.040001	0.000002
1579.780029	-57.950001	0.000002
1579.790039	-57.860001	0.000002
1579.800049	-57.869999	0.000002
1579.810059	-57.849998	0.000002
1579.819946	-57.770000	0.000002
1579.829956	-57.730000	0.000002
1579.839966	-57.689999	0.000002
1579.849976	-57.570000	0.000002
1579.859985	-57.459999	0.000002
1579.869995	-57.320000	0.000002
1579.880005	-57.119999	0.000002
1579.890015	-56.910000	0.000002
1579.900024	-56.730000	0.000002
1579.910034	-56.500000	0.000002
1579.920044	-56.369999	0.000002
1579.930054	-56.259998	0.000002
1579.939941	-56.180000	0.000002
1579.949951	-56.080002	0.000002
1579.959961	-56.020000	0.000003
1579.969971	-55.939999	0.000003
1579.979980	-55.919998	0.000003
1579.989990	-55.880001	0.000003
1580.000000	-55.840000	0.000003
1580.010010	-55.770000	0.000003
1580.020020	-55.680000	0.000003
1580.030029	-55.599998	0.000003
1580.040039	-55.520000	0.000003
1580.050049	-55.430000	0.000003
1580.060059	-55.250000	0.000003
1580.069946	-55.139999	0.000003
1580.079956	-55.020000	0.000003
1580.089966	-54.830002	0.000003
1580.099976	-54.709999	0.000003
1580.109985	-54.630001	0.000003
1580.119995	-54.490002	0.000004
1580.130005	-54.380001	0.000004
1580.140015	-54.290001	0.000004
1580.150024	-54.209999	0.000004
1580.160034	-54.160000	0.000004
1580.170044	-54.139999	0.000004
1580.180054	-54.099998	0.000004
1580.189941	-54.040001	0.000004
1580.199951	-53.990002	0.000004
1580.209961	-53.930000	0.000004
1580.219971	-53.880001	0.000004
1580.229980	-53.799999	0.000004
1580.239990	-53.630001	0.000004
1580.250000	-53.459999	0.000005
1580.260010	-53.299999	0.000005
1580.270020	-53.119999	0.000005
1580.280029	-53.040001	0.000005
1580.290039	-52.970001	0.000005
1580.300049	-52.880001	0.000005
1580.310059	-52.840000	0.000005
1580.319946	-52.779999	0.000005
1580.329956	-52.740002	0.000005
1580.339966	-52.730000	0.000005
1580.349976	-52.709999	0.000005
1580.359985	-52.680000	0.000005
1580.369995	-52.660000	0.000005
1580.380005	-52.619999	0.000005
1580.390015	-52.619999	0.000005
1580.400024	-52.580002	0.000006
1580.410034	-52.509998	0.000006
1580.420044	-52.419998	0.000006
1580.430054	-52.299999	0.000006
1580.439941	-52.160000	0.000006
1580.449951	-52.060001	0.000006
1580.459961	-51.939999	0.000006
1580.469971	-51.810001	0.000007
1580.479980	-51.709999	0.000007
1580.489990	-51.610001	0.000007
1580.500000	-51.540001	0.000007
1580.510010	-51.509998	0.000007
1580.520020	-51.480000	0.000007
1580.530029	-51.490002	0.000007
1580.540039	-51.470001	0.000007
1580.550049	-51.439999	0.000007
1580.560059	-51.389999	0.000007
1580.569946	-51.349998	0.000007
1580.579956	-51.169998	0.000008
1580.589966	-50.970001	0.000008
1580.599976	-50.750000	0.000008
1580.609985	-50.540001	0.000009
1580.619995	-50.340000	0.000009
1580.630005	-50.189999	0.000010
1580.640015	-50.060001	0.000010
1580.650024	-49.970001	0.000010
1580.660034	-49.930000	0.000010
1580.670044	-49.900002	0.000010
1580.680054	-49.869999	0.000010
1580.689941	-49.830002	0.000010
1580.699951	-49.759998	0.000011
1580.709961	-49.680000	0.000011
1580.719971	-49.580002	0.000011
1580.729980	-49.470001	0.000011
1580.739990	-49.310001	0.000012
1580.750000	-49.080002	0.000012
1580.760010	-48.840000	0.000013
1580.770020	-48.610001	0.000014
1580.780029	-48.500000	0.000014
1580.790039	-48.419998	0.000014
1580.800049	-48.369999	0.000015
1580.810059	-48.320000	0.000015
1580.819946	-48.270000	0.000015
1580.829956	-48.230000	0.000015
1580.839966	-48.230000	0.000015
1580.849976	-48.220001	0.000015
1580.859985	-48.180000	0.000015
1580.869995	-48.080002	0.000016
1580.880005	-47.950001	0.000016
1580.890015	-47.750000	0.000017
1580.900024	-47.610001	0.000017
1580.910034	-47.490002	0.000018
1580.920044	-47.380001	0.000018
1580.930054	-47.290001	0.000019
1580.939941	-47.200001	0.000019
1580.949951	-47.150002	0.000019
1580.959961	-47.119999	0.000019
1580.969971	-47.130001	0.000019
1580.979980	-47.130001	0.000019
1580.989990	-47.119999	0.000019
1581.000000	-47.119999	0.000019
1581.010010	-47.130001	0.000019
1581.020020	-47.119999	0.000019
1581.030029	-47.099998	0.000019
1581.040039	-47.009998	0.000020
1581.050049	-46.869999	0.000021
1581.060059	-46.720001	0.000021
1581.069946	-46.599998	0.000022
1581.079956	-46.520000	0.000022
1581.089966	-46.490002	0.000022
1581.099976	-46.470001	0.000023
1581.109985	-46.459999	0.000023
1581.119995	-46.450001	0.000023
1581.130005	-46.470001	0.000023
1581.140015	-46.549999	0.000022
1581.150024	-46.619999	0.000022
1581.160034	-46.669998	0.000022
1581.170044	-46.669998	0.000022
1581.180054	-46.619999	0.000022
1581.189941	-46.549999	0.000022
1581.199951	-46.490002	0.000022
1581.209961	-46.410000	0.000023
1581.219971	-46.360001	0.000023
1581.229980	-46.299999	0.000023
1581.239990	-46.259998	0.000024
1581.250000	-46.259998	0.000024
1581.260010	-46.290001	0.000023
1581.270020	-46.360001	0.000023
1581.280029	-46.419998	0.000023
1581.290039	-46.470001	0.000023
1581.300049	-46.520000	0.000022
1581.310059	-46.580002	0.000022
1581.319946	-46.639999	0.000022
1581.329956	-46.669998	0.000022
1581.339966	-46.650002	0.000022
1581.349976	-46.580002	0.000022
1581.359985	-46.509998	0.000022
1581.369995	-46.470001	0.000023
1581.380005	-46.470001	0.000023
1581.390015	-46.480000	0.000022
1581.400024	-46.500000	0.000022
1581.410034	-46.509998	0.000022
1581.420044	-46.549999	0.000022
1581.430054	-46.630001	0.000022
1581.439941	-46.750000	0.000021
1581.449951	-46.889999	0.000020
1581.459961	-47.040001	0.000020
1581.469971	-47.119999	0.000019
1581.479980	-47.169998	0.000019
1581.489990	-47.189999	0.000019
1581.500000	-47.200001	0.000019
1581.510010	-47.200001	0.000019
1581.520020	-47.180000	0.000019
1581.530029	-47.160000	0.000019
1581.540039	-47.150002	0.000019
1581.550049	-47.200001	0.000019
1581.560059	-47.270000	0.000019
1581.569946	-47.360001	0.000018
1581.579956	-47.500000	0.000018
1581.589966	-47.610001	0.000017
1581.599976	-47.689999	0.000017
1581.609985	-47.840000	0.000016
1581.619995	-48.000000	0.000016
1581.630005	-48.110001	0.000015
1581.640015	-48.160000	0.000015
1581.650024	-48.150002	0.000015
1581.660034	-48.130001	0.000015
1581.670044	-48.130001	0.000015
1581.680054	-48.169998	0.000015
1581.689941	-48.209999	0.000015
1581.699951	-48.259998	0.000015
1581.709961	-48.299999	0.000015
1581.719971	-48.400002	0.000014
1581.729980	-48.520000	0.000014
1581.739990	-48.700001	0.000013
1581.750000	-48.889999	0.000013
1581.760010	-49.070000	0.000012
1581.770020	-49.139999	0.000012
1581.780029	-49.180000	0.000012
1581.790039	-49.200001	0.000012
1581.800049	-49.200001	0.000012
1581.810059	-49.180000	0.000012
1581.819946	-49.139999	0.000012
1581.829956	-49.099998	0.000012
1581.839966	-49.080002	0.000012
1581.849976	-49.119999	0.000012
1581.859985	-49.180000	0.000012
1581.869995	-49.270000	0.000012
1581.880005	-49.330002	0.000012
1581.890015	-49.389999	0.000012
1581.900024	-49.459999	0.000011
1581.910034	-49.560001	0.000011
1581.920044	-49.660000	0.000011
1581.930054	-49.689999	0.000011
1581.939941	-49.630001	0.000011
1581.949951	-49.529999	0.000011
1581.959961	-49.430000	0.000011
1581.969971	-49.349998	0.000012
1581.979980	-49.310001	0.000012
1581.989990	-49.279999	0.000012
1582.000000	-49.250000	0.000012
1582.010010	-49.220001	0.000012
1582.020020	-49.230000	0.000012
1582.030029	-49.279999	0.000012
1582.040039	-49.349998	0.000012
1582.050049	-49.419998	0.000011
1582.060059	-49.439999	0.000011
1582.069946	-49.430000	0.000011
1582.079956	-49.389999	0.000012
1582.089966	-49.340000	0.000012
1582.099976	-49.259998	0.000012
1582.109985	-49.119999	0.000012
1582.119995	-49.020000	0.000013
1582.130005	-48.930000	0.000013
1582.140015	-48.869999	0.000013
1582.150024	-48.869999	0.000013
1582.160034	-48.900002	0.000013
1582.170044	-48.919998	0.000013
1582.180054	-48.950001	0.000013
1582.189941	-48.980000	0.000013
1582.199951	-49.020000	0.000013
1582.209961	-49.060001	0.000012
1582.219971	-49.080002	0.000012
1582.229980	-49.000000	0.000013
1582.239990	-48.889999	0.000013
1582.250000	-48.750000	0.000013
1582.260010	-48.650002	0.000014
1582.270020	-48.590000	0.000014
1582.280029	-48.540001	0.000014
1582.290039	-48.490002	0.000014
1582.300049	-48.459999	0.000014
1582.310059	-48.439999	0.000014
1582.319946	-48.459999	0.000014
1582.329956	-48.529999	0.000014
1582.339966	-48.590000	0.000014
1582.349976	-48.660000	0.000014
1582.359985	-48.680000	0.000014
1582.369995	-48.660000	0.000014
1582.380005	-48.619999	0.000014
1582.390015	-48.549999	0.000014
1582.400024	-48.430000	0.000014
1582.410034	-48.250000	0.000015
1582.420044	-48.119999	0.000015
1582.430054	-48.020000	0.000016
1582.439941	-47.959999	0.000016
1582.449951	-47.950001	0.000016
1582.459961	-47.970001	0.000016
1582.469971	-47.990002	0.000016
1582.479980	-48.009998	0.000016
1582.489990	-48.040001	0.000016
1582.500000	-48.099998	0.000015
1582.510010	-48.150002	0.000015
1582.520020	-48.169998	0.000015
1582.530029	-48.090000	0.000016
1582.540039	-47.970001	0.000016
1582.550049	-47.820000	0.000017
1582.560059	-47.720001	0.000017
1582.569946	-47.610001	0.000017
1582.579956	-47.529999	0.000018
1582.589966	-47.439999	0.000018
1582.599976	-47.400002	0.000018
1582.609985	-47.380001	0.000018
1582.619995	-47.419998	0.000018
1582.630005	-47.490002	0.000018
1582.640015	-47.580002	0.000017
1582.650024	-47.630001	0.000017
1582.660034	-47.650002	0.000017
1582.670044	-47.630001	0.000017
1582.680054	-47.580002	0.000017
1582.689941	-47.500000	0.000018
1582.699951	-47.340000	0.000018
1582.709961	-47.209999	0.000019
1582.719971	-47.119999	0.000019
1582.729980	-47.049999	0.000020
1582.739990	-47.040001	0.000020
1582.750000	-47.060001	0.000020
1582.760010	-47.110001	0.000019
1582.770020	-47.160000	0.000019
1582.780029	-47.220001	0.000019
1582.790039	-47.299999	0.000019
1582.800049	-47.389999	0.000018
1582.810059	-47.480000	0.000018
1582.819946	-47.529999	0.000018
1582.829956	-47.509998	0.000018
1582.839966	-47.430000	0.000018
1582.849976	-47.349998	0.000018
1582.859985	-47.270000	0.000019
1582.869995	-47.209999	0.000019
1582.880005	-47.160000	0.000019
1582.890015	-47.150002	0.000019
1582.900024	-47.150002	0.000019
1582.910034	-47.180000	0.000019
1582.920044	-47.240002	0.000019
1582.930054	-47.340000	0.000018
1582.939941	-47.459999	0.000018
1582.949951	-47.549999	0.000018
1582.959961	-47.650002	0.000017
1582.969971	-47.700001	0.000017
1582.979980	-47.720001	0.000017
1582.989990	-47.700001	0.000017
1583.000000	-47.590000	0.000017
1583.010010	-47.509998	0.000018
1583.020020	-47.450001	0.000018
1583.030029	-47.410000	0.000018
1583.040039	-47.410000	0.000018
1583.050049	-47.450001	0.000018
1583.060059	-47.520000	0.000018
1583.069946	-47.590000	0.000017
1583.079956	-47.680000	0.000017
1583.089966	-47.799999	0.000017
1583.099976	-47.939999	0.000016
1583.109985	-48.060001	0.000016
1583.119995	-48.090000	0.000016
1583.130005	-48.040001	0.000016
1583.140015	-47.950001	0.000016
1583.150024	-47.830002	0.000016
1583.160034	-47.740002	0.000017
1583.170044	-47.689999	0.000017
1583.180054	-47.669998	0.000017
1583.189941	-47.669998	0.000017
1583.199951	-47.669998	0.000017
1583.209961	-47.700001	0.000017
1583.219971	-47.770000	0.000017
1583.229980	-47.860001	0.000016
1583.239990	-47.959999	0.000016
1583.250000	-48.049999	0.000016
1583.260010	-48.080002	0.000016
1583.270020	-48.070000	0.000016
1583.280029	-48.009998	0.000016
1583.290039	-47.919998	0.000016
1583.300049	-47.770000	0.000017
1583.310059	-47.669998	0.000017
1583.319946	-47.590000	0.000017
1583.329956	-47.549999	0.000018
1583.339966	-47.540001	0.000018
1583.349976	-47.560001	0.000018
1583.359985	-47.610001	0.000017
1583.369995	-47.660000	0.000017
1583.380005	-47.720001	0.000017
1583.390015	-47.810001	0.000017
1583.400024	-47.900002	0.000016
1583.410034	-47.970001	0.000016
1583.420044	-47.970001	0.000016
1583.430054	-47.910000	0.000016
1583.439941	-47.779999	0.000017
1583.449951	-47.630001	0.000017
1583.459961	-47.520000	0.000018
1583.469971	-47.450001	0.000018
1583.479980	-47.410000	0.000018
1583.489990	-47.389999	0.000018
1583.500000	-47.389999	0.000018
1583.510010	-47.419998	0.000018
1583.520020	-47.480000	0.000018
1583.530029	-47.570000	0.000017
1583.540039	-47.689999	0.000017
1583.550049	-47.779999	0.000017
1583.560059	-47.810001	0.000017
1583.569946	-47.779999	0.000017
1583.579956	-47.700001	0.000017
1583.589966	-47.599998	0.000017
1583.599976	-47.450001	0.000018
1583.609985	-47.369999	0.000018
1583.619995	-47.299999	0.000019
1583.630005	-47.259998	0.000019
1583.640015	-47.270000	0.000019
1583.650024	-47.310001	0.000019
1583.660034	-47.389999	0.000018
1583.670044	-47.450001	0.000018
1583.680054	-47.540001	0.000018
1583.689941	-47.630001	0.000017
1583.699951	-47.720001	0.000017
1583.709961	-47.770000	0.000017
1583.719971	-47.750000	0.000017
1583.729980	-47.660000	0.000017
1583.739990	-47.520000	0.000018
1583.750000	-47.400002	0.000018
1583.760010	-47.320000	0.000019
1583.770020	-47.279999	0.000019
1583.780029	-47.270000	0.000019
1583.790039	-47.259998	0.000019
1583.800049	-47.259998	0.000019
1583.810059	-47.290001	0.000019
1583.819946	-47.369999	0.000018
1583.829956	-47.470001	0.000018
1583.839966	-47.580002	0.000017
1583.849976	-47.709999	0.000017
1583.859985	-47.770000	0.000017
1583.869995	-47.799999	0.000017
1583.880005	-47.799999	0.000017
1583.890015	-47.770000	0.000017
1583.900024	-47.730000	0.000017
1583.910034	-47.680000	0.000017
1583.920044	-47.650002	0.000017
1583.930054	-47.660000	0.000017
1583.939941	-47.720001	0.000017
1583.949951	-47.810001	0.000017
1583.959961	-47.910000	0.000016
1583.969971	-48.020000	0.000016
1583.979980	-48.200001	0.000015
1583.989990	-48.369999	0.000015
1584.000000	-48.570000	0.000014
1584.010010	-48.759998	0.000013
1584.020020	-48.950001	0.000013
1584.030029	-49.080002	0.000012
1584.040039	-49.169998	0.000012
1584.050049	-49.240002	0.000012
1584.060059	-49.320000	0.000012
1584.069946	-49.410000	0.000011
1584.079956	-49.480000	0.000011
1584.089966	-49.570000	0.000011
1584.099976	-49.689999	0.000011
1584.109985	-49.860001	0.000010
1584.119995	-50.110001	0.000010
1584.130005	-50.439999	0.000009
1584.140015	-50.820000	0.000008
1584.150024	-51.200001	0.000008
1584.160034	-51.650002	0.000007
1584.170044	-51.950001	0.000006
1584.180054	-52.169998	0.000006
1584.189941	-52.330002	0.000006
1584.199951	-52.459999	0.000006
1584.209961	-52.580002	0.000006
1584.219971	-52.709999	0.000005
1584.229980	-52.930000	0.000005
1584.239990	-53.139999	0.000005
1584.250000	-53.450001	0.000005
1584.260010	-53.790001	0.000004
1584.270020	-54.230000	0.000004
1584.280029	-54.759998	0.000003
1584.290039	-55.400002	0.000003
1584.300049	-56.049999	0.000002
1584.310059	-56.790001	0.000002
1584.319946	-57.459999	0.000002
1584.329956	-57.939999	0.000002
1584.339966	-58.279999	0.000001
1584.349976	-58.570000	0.000001
1584.359985	-58.689999	0.000001
1584.369995	-58.830002	0.000001
1584.380005	-59.009998	0.000001
1584.390015	-59.090000	0.000001
1584.400024	-59.310001	0.000001
1584.410034	-59.560001	0.000001
1584.420044	-59.830002	0.000001
1584.430054	-60.150002	0.000001
1584.439941	-60.509998	0.000001
1584.449951	-61.029999	0.000001
1584.459961	-61.430000	0.000001
1584.469971	-61.750000	0.000001
1584.479980	-61.950001	0.000001
1584.489990	-62.130001	0.000001
1584.500000	-62.310001	0.000001
1584.510010	-62.500000	0.000001
1584.520020	-62.610001	0.000001
1584.530029	-62.660000	0.000001
1584.540039	-62.910000	0.000001
1584.550049	-63.029999	0.000000
1584.560059	-63.230000	0.000000
1584.569946	-63.430000	0.000000
1584.579956	-63.570000	0.000000
1584.589966	-64.129997	0.000000
1584.599976	-64.360001	0.000000
1584.609985	-64.760002	0.000000
1584.619995	-65.190002	0.000000
1584.630005	-65.260002	0.000000
1584.640015	-65.410004	0.000000
1584.650024	-65.610001	0.000000
1584.660034	-65.510002	0.000000
1584.670044	-65.720001	0.000000
1584.680054	-65.849998	0.000000
1584.689941	-65.699997	0.000000
1584.699951	-66.099998	0.000000
1584.709961	-66.260002	0.000000
1584.719971	-66.589996	0.000000
1584.729980	-66.839996	0.000000
1584.739990	-67.010002	0.000000
1584.750000	-67.180000	0.000000
1584.760010	-67.870003	0.000000
1584.770020	-67.959999	0.000000
1584.780029	-67.790001	0.000000
1584.790039	-68.239998	0.000000
1584.800049	-68.309998	0.000000
1584.810059	-68.419998	0.000000
1584.819946	-68.570000	0.000000
1584.829956	-68.629997	0.000000
1584.839966	-68.650002	0.000000
1584.849976	-68.820000	0.000000
1584.859985	-68.690002	0.000000
1584.869995	-68.790001	0.000000
1584.880005	-68.919998	0.000000
1584.890015	-70.080002	0.000000
1584.900024	-69.690002	0.000000
1584.910034	-70.510002	0.000000
1584.920044	-70.550003	0.000000
1584.930054	-69.900002	0.000000
1584.939941	-70.919998	0.000000
1584.949951	-70.029999	0.000000
1584.959961	-71.269997	0.000000
1584.969971	-70.489998	0.000000
1584.979980	-70.720001	0.000000
1584.989990	-71.070000	0.000000
1585.000000	-70.870003	0.000000
1585.010010	-71.720001	0.000000
1585.020020	-71.470001	0.000000
1585.030029	-72.309998	0.000000
1585.040039	-71.970001	0.000000
1585.050049	-72.620003	0.000000
1585.060059	-73.089996	0.000000
1585.069946	-73.839996	0.000000
1585.079956	-72.680000	0.000000
1585.089966	-72.919998	0.000000
1585.099976	-73.220001	0.000000
1585.109985	-73.019997	0.000000
1585.119995	-74.449997	0.000000
1585.130005	-73.459999	0.000000
1585.140015	-74.519997	0.000000
1585.150024	-73.330002	0.000000
1585.160034	-74.800003	0.000000
1585.170044	-72.989998	0.000000
1585.180054	-74.769997	0.000000
1585.189941	-75.580002	0.000000
1585.199951	-76.760002	0.000000
1585.209961	-75.360001	0.000000
1585.219971	-76.470001	0.000000
1585.229980	-75.629997	0.000000
1585.239990	-76.529999	0.000000
1585.250000	-76.580002	0.000000
1585.260010	-74.339996	0.000000
1585.270020	-74.449997	0.000000
1585.280029	-76.470001	0.000000
1585.290039	-75.489998	0.000000
1585.300049	-76.099998	0.000000
1585.310059	-77.000000	0.000000
1585.319946	-77.120003	0.000000
1585.329956	-75.160004	0.000000
1585.339966	-76.160004	0.000000
1585.349976	-77.669998	0.000000
1585.359985	-77.250000	0.000000
1585.369995	-82.900002	0.000000
1585.380005	-75.120003	0.000000
1585.390015	-80.680000	0.000000
1585.400024	-76.580002	0.000000
1585.410034	-77.889999	0.000000
1585.420044	-78.129997	0.000000
1585.430054	-77.889999	0.000000
1585.439941	-77.889999	0.000000
1585.449951	-77.059998	0.000000
1585.459961	-76.309998	0.000000
1585.469971	-77.970001	0.000000
1585.479980	-77.320000	0.000000
1585.489990	-80.400002	0.000000
1585.500000	-76.300003	0.000000
1585.510010	-81.459999	0.000000
1585.520020	-210.000000	0.000000
1585.530029	-89.419998	0.000000
1585.540039	-84.300003	0.000000
1585.550049	-80.669998	0.000000
1585.560059	-83.980003	0.000000
1585.569946	-82.430000	0.000000
1585.579956	-80.820000	0.000000
1585.589966	-81.290001	0.000000
1585.599976	-82.430000	0.000000
1585.609985	-80.250000	0.000000
1585.619995	-82.220001	0.000000
1585.630005	-87.660004	0.000000
1585.640015	-79.099998	0.000000
1585.650024	-82.220001	0.000000
1585.660034	-78.120003	0.000000
1585.670044	-210.000000	0.000000
1585.680054	-82.650002	0.000000
1585.689941	-87.660004	0.000000
1585.699951	-85.900002	0.000000
1585.709961	-210.000000	0.000000
1585.719971	-77.449997	0.000000
1585.729980	-82.650002	0.000000
1585.739990	-210.000000	0.000000
1585.750000	-210.000000	0.000000
1585.760010	-210.000000	0.000000
1585.770020	-210.000000	0.000000
1585.780029	-210.000000	0.000000
1585.790039	-210.000000	0.000000
1585.800049	-80.389999	0.000000
1585.810059	-95.440002	0.000000
1585.819946	-82.220001	0.000000
1585.829956	-79.099998	0.000000
1585.839966	-89.419998	0.000000
1585.849976	-210.000000	0.000000
1585.859985	-82.650002	0.000000
1585.869995	-79.879997	0.000000
1585.880005	-82.019997	0.000000
1585.890015	-84.300003	0.000000
1585.900024	-82.650002	0.000000
1585.910034	-78.360001	0.000000
1585.920044	-77.809998	0.000000
1585.930054	-84.650002	0.000000
1585.939941	-86.989998	0.000000
1585.949951	-81.129997	0.000000
1585.959961	-210.000000	0.000000
1585.969971	-92.430000	0.000000
1585.979980	-79.529999	0.000000
1585.989990	-210.000000	0.000000
1586.000000	-82.220001	0.000000
1586.010010	-83.680000	0.000000
1586.020020	-210.000000	0.000000
1586.030029	-210.000000	0.000000
1586.040039	-95.440002	0.000000
1586.050049	-80.820000	0.000000
1586.060059	-82.220001	0.000000
1586.069946	-210.000000	0.000000
1586.079956	-80.250000	0.000000
1586.089966	-210.000000	0.000000
1586.099976	-210.000000	0.000000
1586.109985	-210.000000	0.000000
1586.119995	-210.000000	0.000000
1586.130005	-210.000000	0.000000
1586.140015	-210.000000	0.000000
1586.150024	-83.129997	0.000000
1586.160034	-210.000000	0.000000
1586.170044	-210.000000	0.000000
1586.180054	-92.430000	0.000000
1586.189941	-210.000000	0.000000
1586.199951	-210.000000	0.000000
1586.209961	-83.980003	0.000000
1586.219971	-85.029999	0.000000
1586.229980	-210.000000	0.000000
1586.239990	-85.029999	0.000000
1586.250000	-210.000000	0.000000
1586.260010	-210.000000	0.000000
1586.270020	-83.680000	0.000000
1586.280029	-82.019997	0.000000
1586.290039	-86.989998	0.000000
1586.300049	-81.290001	0.000000
1586.310059	-95.440002	0.000000
1586.319946	-210.000000	0.000000
1586.329956	-210.000000	0.000000
1586.339966	-85.440002	0.000000
1586.349976	-210.000000	0.000000
1586.359985	-86.410004	0.000000
1586.369995	-210.000000	0.000000
1586.380005	-210.000000	0.000000
1586.390015	-210.000000	0.000000
1586.400024	-210.000000	0.000000
1586.410034	-89.419998	0.000000
1586.420044	-210.000000	0.000000
1586.430054	-92.430000	0.000000
1586.439941	-210.000000	0.000000
1586.449951	-210.000000	0.000000
1586.459961	-85.440002	0.000000
1586.469971	-83.680000	0.000000
1586.479980	-210.000000	0.000000
1586.489990	-92.430000	0.000000
1586.500000	-210.000000	0.000000
1586.510010	-210.000000	0.000000
1586.520020	-82.220001	0.000000
1586.530029	-210.000000	0.000000
1586.540039	-85.440002	0.000000
1586.550049	-86.989998	0.000000
1586.560059	-210.000000	0.000000
1586.569946	-81.820000	0.000000
1586.579956	-81.290001	0.000000
1586.589966	-210.000000	0.000000
1586.599976	-80.820000	0.000000
1586.609985	-86.989998	0.000000
1586.619995	-210.000000	0.000000
1586.630005	-210.000000	0.000000
1586.640015	-82.650002	0.000000
1586.650024	-210.000000	0.000000
1586.660034	-210.000000	0.000000
1586.670044	-210.000000	0.000000
1586.680054	-210.000000	0.000000
1586.689941	-82.220001	0.000000
1586.699951	-79.529999	0.000000
1586.709961	-81.820000	0.000000
1586.719971	-210.000000	0.000000
1586.729980	-210.000000	0.000000
1586.739990	-210.000000	0.000000
1586.750000	-210.000000	0.000000
1586.760010	-81.129997	0.000000
1586.770020	-86.989998	0.000000
1586.780029	-84.300003	0.000000
1586.790039	-82.650002	0.000000
1586.800049	-210.000000	0.000000
1586.810059	-86.410004	0.000000
1586.819946	-82.889999	0.000000
1586.829956	-85.440002	0.000000
1586.839966	-85.440002	0.000000
1586.849976	-210.000000	0.000000
1586.859985	-83.980003	0.000000
1586.869995	-78.199997	0.000000
1586.880005	-210.000000	0.000000
1586.890015	-84.650002	0.000000
1586.900024	-210.000000	0.000000
1586.910034	-210.000000	0.000000
1586.920044	-210.000000	0.000000
1586.930054	-210.000000	0.000000
1586.939941	-86.989998	0.000000
1586.949951	-81.459999	0.000000
1586.959961	-85.440002	0.000000
1586.969971	-92.430000	0.000000
1586.979980	-210.000000	0.000000
1586.989990	-81.290001	0.000000
1587.000000	-210.000000	0.000000
