Wavelength (nm)	Transmission (dBm)	Linear Transmission
1577.000000	-210.000000	0.000000
1577.010010	-78.629997	0.000000
1577.020020	-210.000000	0.000000
1577.030029	-210.000000	0.000000
1577.040039	-210.000000	0.000000
1577.050049	-210.000000	0.000000
1577.060059	-210.000000	0.000000
1577.069946	-86.410004	0.000000
1577.079956	-210.000000	0.000000
1577.089966	-89.419998	0.000000
1577.099976	-210.000000	0.000000
1577.109985	-92.430000	0.000000
1577.119995	-80.970001	0.000000
1577.130005	-82.889999	0.000000
1577.140015	-89.419998	0.000000
1577.150024	-210.000000	0.000000
1577.160034	-86.989998	0.000000
1577.170044	-210.000000	0.000000
1577.180054	-86.989998	0.000000
1577.189941	-88.449997	0.000000
1577.199951	-82.889999	0.000000
1577.209961	-88.449997	0.000000
1577.219971	-210.000000	0.000000
1577.229980	-210.000000	0.000000
1577.239990	-81.459999	0.000000
1577.250000	-82.220001	0.000000
1577.260010	-210.000000	0.000000
1577.270020	-210.000000	0.000000
1577.280029	-210.000000	0.000000
1577.290039	-210.000000	0.000000
1577.300049	-210.000000	0.000000
1577.310059	-210.000000	0.000000
1577.319946	-210.000000	0.000000
1577.329956	-210.000000	0.000000
1577.339966	-210.000000	0.000000
1577.349976	-82.650002	0.000000
1577.359985	-210.000000	0.000000
1577.369995	-210.000000	0.000000
1577.380005	-210.000000	0.000000
1577.390015	-210.000000	0.000000
1577.400024	-210.000000	0.000000
1577.410034	-210.000000	0.000000
1577.420044	-210.000000	0.000000
1577.430054	-90.669998	0.000000
1577.439941	-210.000000	0.000000
1577.449951	-210.000000	0.000000
1577.459961	-210.000000	0.000000
1577.469971	-83.680000	0.000000
1577.479980	-83.680000	0.000000
1577.489990	-210.000000	0.000000
1577.500000	-86.989998	0.000000
1577.510010	-210.000000	0.000000
1577.520020	-85.440002	0.000000
1577.530029	-87.660004	0.000000
1577.540039	-210.000000	0.000000
1577.550049	-83.129997	0.000000
1577.560059	-83.980003	0.000000
1577.569946	-210.000000	0.000000
1577.579956	-210.000000	0.000000
1577.589966	-210.000000	0.000000
1577.599976	-210.000000	0.000000
1577.609985	-82.889999	0.000000
1577.619995	-210.000000	0.000000
1577.630005	-210.000000	0.000000
1577.640015	-95.440002	0.000000
1577.650024	-210.000000	0.000000
1577.660034	-210.000000	0.000000
1577.670044	-210.000000	0.000000
1577.680054	-210.000000	0.000000
1577.689941	-210.000000	0.000000
1577.699951	-85.440002	0.000000
1577.709961	-210.000000	0.000000
1577.719971	-210.000000	0.000000
1577.729980	-210.000000	0.000000
1577.739990	-86.410004	0.000000
1577.750000	-86.410004	0.000000
1577.760010	-210.000000	0.000000
1577.770020	-86.989998	0.000000
1577.780029	-77.879997	0.000000
1577.790039	-92.430000	0.000000
1577.800049	-210.000000	0.000000
1577.810059	-80.820000	0.000000
1577.819946	-85.900002	0.000000
1577.829956	-210.000000	0.000000
1577.839966	-210.000000	0.000000
1577.849976	-85.029999	0.000000
1577.859985	-82.650002	0.000000
1577.869995	-210.000000	0.000000
1577.880005	-82.220001	0.000000
1577.890015	-86.410004	0.000000
1577.900024	-210.000000	0.000000
1577.910034	-82.650002	0.000000
1577.920044	-210.000000	0.000000
1577.930054	-210.000000	0.000000
1577.939941	-86.989998	0.000000
1577.949951	-210.000000	0.000000
1577.959961	-210.000000	0.000000
1577.969971	-90.669998	0.000000
1577.979980	-81.820000	0.000000
1577.989990	-85.900002	0.000000
1578.000000	-210.000000	0.000000
1578.010010	-80.010002	0.000000
1578.020020	-210.000000	0.000000
1578.030029	-82.660004	0.000000
1578.040039	-210.000000	0.000000
1578.050049	-86.419998	0.000000
1578.060059	-89.430000	0.000000
1578.069946	-210.000000	0.000000
1578.079956	-210.000000	0.000000
1578.089966	-210.000000	0.000000
1578.099976	-90.680000	0.000000
1578.109985	-210.000000	0.000000
1578.119995	-80.830002	0.000000
1578.130005	-210.000000	0.000000
1578.140015	-86.419998	0.000000
1578.150024	-80.830002	0.000000
1578.160034	-210.000000	0.000000
1578.170044	-210.000000	0.000000
1578.180054	-210.000000	0.000000
1578.189941	-210.000000	0.000000
1578.199951	-210.000000	0.000000
1578.209961	-210.000000	0.000000
1578.219971	-89.430000	0.000000
1578.229980	-210.000000	0.000000
1578.239990	-210.000000	0.000000
1578.250000	-210.000000	0.000000
1578.260010	-95.449997	0.000000
1578.270020	-81.139999	0.000000
1578.280029	-210.000000	0.000000
1578.290039	-85.040001	0.000000
1578.300049	-81.650002	0.000000
1578.310059	-82.230003	0.000000
1578.319946	-81.470001	0.000000
1578.329956	-82.230003	0.000000
1578.339966	-92.440002	0.000000
1578.349976	-210.000000	0.000000
1578.359985	-210.000000	0.000000
1578.369995	-81.300003	0.000000
1578.380005	-210.000000	0.000000
1578.390015	-82.029999	0.000000
1578.400024	-81.470001	0.000000
1578.410034	-89.430000	0.000000
1578.420044	-210.000000	0.000000
1578.430054	-210.000000	0.000000
1578.439941	-87.669998	0.000000
1578.449951	-95.449997	0.000000
1578.459961	-81.470001	0.000000
1578.469971	-79.010002	0.000000
1578.479980	-82.230003	0.000000
1578.489990	-81.650002	0.000000
1578.500000	-210.000000	0.000000
1578.510010	-210.000000	0.000000
1578.520020	-79.769997	0.000000
1578.530029	-210.000000	0.000000
1578.540039	-210.000000	0.000000
1578.550049	-210.000000	0.000000
1578.560059	-86.419998	0.000000
1578.569946	-79.010002	0.000000
1578.579956	-89.430000	0.000000
1578.589966	-81.650002	0.000000
1578.599976	-89.430000	0.000000
1578.609985	-83.690002	0.000000
1578.619995	-80.540001	0.000000
1578.630005	-79.320000	0.000000
1578.640015	-80.680000	0.000000
1578.650024	-78.459999	0.000000
1578.660034	-77.669998	0.000000
1578.670044	-83.139999	0.000000
1578.680054	-78.820000	0.000000
1578.689941	-76.879997	0.000000
1578.699951	-81.139999	0.000000
1578.709961	-210.000000	0.000000
1578.719971	-80.680000	0.000000
1578.729980	-80.129997	0.000000
1578.739990	-80.400002	0.000000
1578.750000	-80.010002	0.000000
1578.760010	-77.970001	0.000000
1578.770020	-76.820000	0.000000
1578.780029	-75.540001	0.000000
1578.790039	-76.639999	0.000000
1578.800049	-77.529999	0.000000
1578.810059	-76.760002	0.000000
1578.819946	-77.459999	0.000000
1578.829956	-79.320000	0.000000
1578.839966	-76.360001	0.000000
1578.849976	-78.129997	0.000000
1578.859985	-76.160004	0.000000
1578.869995	-76.099998	0.000000
1578.880005	-78.050003	0.000000
1578.890015	-75.239998	0.000000
1578.900024	-75.120003	0.000000
1578.910034	-76.309998	0.000000
1578.920044	-74.519997	0.000000
1578.930054	-75.160004	0.000000
1578.939941	-76.580002	0.000000
1578.949951	-75.540001	0.000000
1578.959961	-74.660004	0.000000
1578.969971	-74.339996	0.000000
1578.979980	-74.279999	0.000000
1578.989990	-74.110001	0.000000
1579.000000	-73.989998	0.000000
1579.010010	-72.660004	0.000000
1579.020020	-73.120003	0.000000
1579.030029	-72.550003	0.000000
1579.040039	-72.800003	0.000000
1579.050049	-72.570000	0.000000
1579.060059	-73.599998	0.000000
1579.069946	-72.570000	0.000000
1579.079956	-72.309998	0.000000
1579.089966	-72.250000	0.000000
1579.099976	-71.680000	0.000000
1579.109985	-72.169998	0.000000
1579.119995	-71.120003	0.000000
1579.130005	-70.980003	0.000000
1579.140015	-70.370003	0.000000
1579.150024	-71.269997	0.000000
1579.160034	-69.919998	0.000000
1579.170044	-70.070000	0.000000
1579.180054	-70.250000	0.000000
1579.189941	-70.290001	0.000000
1579.199951	-69.730003	0.000000
1579.209961	-69.639999	0.000000
1579.219971	-69.690002	0.000000
1579.229980	-69.250000	0.000000
1579.239990	-69.199997	0.000000
1579.250000	-68.610001	0.000000
1579.260010	-68.480003	0.000000
1579.270020	-68.290001	0.000000
1579.280029	-67.639999	0.000000
1579.290039	-67.860001	0.000000
1579.300049	-67.940002	0.000000
1579.310059	-67.550003	0.000000
1579.319946	-67.540001	0.000000
1579.329956	-67.120003	0.000000
1579.339966	-67.250000	0.000000
1579.349976	-67.129997	0.000000
1579.359985	-66.889999	0.000000
1579.369995	-66.720001	0.000000
1579.380005	-66.239998	0.000000
1579.390015	-65.709999	0.000000
1579.400024	-65.779999	0.000000
1579.410034	-65.500000	0.000000
1579.420044	-65.089996	0.000000
1579.430054	-65.080002	0.000000
1579.439941	-64.839996	0.000000
1579.449951	-64.820000	0.000000
1579.459961	-64.629997	0.000000
1579.469971	-64.360001	0.000000
1579.479980	-64.389999	0.000000
1579.489990	-64.290001	0.000000
1579.500000	-64.010002	0.000000
1579.510010	-63.810001	0.000000
1579.520020	-63.549999	0.000000
1579.530029	-63.270000	0.000000
1579.540039	-63.070000	0.000000
1579.550049	-62.750000	0.000001
1579.560059	-62.709999	0.000001
1579.569946	-62.669998	0.000001
1579.579956	-62.509998	0.000001
1579.589966	-62.450001	0.000001
1579.599976	-62.410000	0.000001
1579.609985	-62.299999	0.000001
1579.619995	-62.240002	0.000001
1579.630005	-62.189999	0.000001
1579.640015	-62.090000	0.000001
1579.650024	-61.930000	0.000001
1579.660034	-61.860001	0.000001
1579.670044	-61.630001	0.000001
1579.680054	-61.389999	0.000001
1579.689941	-61.180000	0.000001
1579.699951	-61.000000	0.000001
1579.709961	-60.799999	0.000001
1579.719971	-60.680000	0.000001
1579.729980	-60.439999	0.000001
1579.739990	-60.290001	0.000001
1579.750000	-60.200001	0.000001
1579.760010	-60.080002	0.000001
1579.770020	-60.000000	0.000001
1579.780029	-59.939999	0.000001
1579.790039	-59.849998	0.000001
1579.800049	-59.759998	0.000001
1579.810059	-59.740002	0.000001
1579.819946	-59.660000	0.000001
1579.829956	-59.590000	0.000001
1579.839966	-59.529999	0.000001
1579.849976	-59.360001	0.000001
1579.859985	-59.209999	0.000001
1579.869995	-59.110001	0.000001
1579.880005	-58.849998	0.000001
1579.890015	-58.669998	0.000001
1579.900024	-58.470001	0.000001
1579.910034	-58.200001	0.000002
1579.920044	-58.070000	0.000002
1579.930054	-57.930000	0.000002
1579.939941	-57.860001	0.000002
1579.949951	-57.750000	0.000002
1579.959961	-57.720001	0.000002
1579.969971	-57.610001	0.000002
1579.979980	-57.549999	0.000002
1579.989990	-57.509998	0.000002
1580.000000	-57.470001	0.000002
1580.010010	-57.360001	0.000002
1580.020020	-57.290001	0.000002
1580.030029	-57.119999	0.000002
1580.040039	-57.040001	0.000002
1580.050049	-56.919998	0.000002
1580.060059	-56.689999	0.000002
1580.069946	-56.520000	0.000002
1580.079956	-56.360001	0.000002
1580.089966	-56.119999	0.000002
1580.099976	-55.990002	0.000003
1580.109985	-55.830002	0.000003
1580.119995	-55.730000	0.000003
1580.130005	-55.630001	0.000003
1580.140015	-55.560001	0.000003
1580.150024	-55.450001	0.000003
1580.160034	-55.419998	0.000003
1580.170044	-55.389999	0.000003
1580.180054	-55.360001	0.000003
1580.189941	-55.299999	0.000003
1580.199951	-55.259998	0.000003
1580.209961	-55.150002	0.000003
1580.219971	-55.090000	0.000003
1580.229980	-54.980000	0.000003
1580.239990	-54.779999	0.000003
1580.250000	-54.630001	0.000003
1580.260010	-54.439999	0.000004
1580.270020	-54.209999	0.000004
1580.280029	-54.110001	0.000004
1580.290039	-54.029999	0.000004
1580.300049	-53.910000	0.000004
1580.310059	-53.869999	0.000004
1580.319946	-53.799999	0.000004
1580.329956	-53.720001	0.000004
1580.339966	-53.680000	0.000004
1580.349976	-53.669998	0.000004
1580.359985	-53.650002	0.000004
1580.369995	-53.610001	0.000004
1580.380005	-53.560001	0.000004
1580.390015	-53.500000	0.000004
1580.400024	-53.450001	0.000005
1580.410034	-53.360001	0.000005
1580.420044	-53.279999	0.000005
1580.430054	-53.180000	0.000005
1580.439941	-53.000000	0.000005
1580.449951	-52.869999	0.000005
1580.459961	-52.750000	0.000005
1580.469971	-52.599998	0.000005
1580.479980	-52.509998	0.000006
1580.489990	-52.419998	0.000006
1580.500000	-52.340000	0.000006
1580.510010	-52.270000	0.000006
1580.520020	-52.230000	0.000006
1580.530029	-52.220001	0.000006
1580.540039	-52.220001	0.000006
1580.550049	-52.180000	0.000006
1580.560059	-52.130001	0.000006
1580.569946	-52.040001	0.000006
1580.579956	-51.889999	0.000006
1580.589966	-51.720001	0.000007
1580.599976	-51.490002	0.000007
1580.609985	-51.200001	0.000008
1580.619995	-51.020000	0.000008
1580.630005	-50.869999	0.000008
1580.640015	-50.750000	0.000008
1580.650024	-50.650002	0.000009
1580.660034	-50.560001	0.000009
1580.670044	-50.529999	0.000009
1580.680054	-50.509998	0.000009
1580.689941	-50.470001	0.000009
1580.699951	-50.400002	0.000009
1580.709961	-50.290001	0.000009
1580.719971	-50.160000	0.000010
1580.729980	-50.029999	0.000010
1580.739990	-49.869999	0.000010
1580.750000	-49.639999	0.000011
1580.760010	-49.410000	0.000011
1580.770020	-49.130001	0.000012
1580.780029	-48.980000	0.000013
1580.790039	-48.900002	0.000013
1580.800049	-48.840000	0.000013
1580.810059	-48.799999	0.000013
1580.819946	-48.759998	0.000013
1580.829956	-48.709999	0.000013
1580.839966	-48.680000	0.000014
1580.849976	-48.650002	0.000014
1580.859985	-48.610001	0.000014
1580.869995	-48.520000	0.000014
1580.880005	-48.360001	0.000015
1580.890015	-48.130001	0.000015
1580.900024	-47.959999	0.000016
1580.910034	-47.810001	0.000017
1580.920044	-47.720001	0.000017
1580.930054	-47.630001	0.000017
1580.939941	-47.529999	0.000018
1580.949951	-47.450001	0.000018
1580.959961	-47.389999	0.000018
1580.969971	-47.380001	0.000018
1580.979980	-47.380001	0.000018
1580.989990	-47.380001	0.000018
1581.000000	-47.360001	0.000018
1581.010010	-47.320000	0.000019
1581.020020	-47.270000	0.000019
1581.030029	-47.220001	0.000019
1581.040039	-47.130001	0.000019
1581.050049	-46.970001	0.000020
1581.060059	-46.799999	0.000021
1581.069946	-46.650002	0.000022
1581.079956	-46.520000	0.000022
1581.089966	-46.490002	0.000022
1581.099976	-46.459999	0.000023
1581.109985	-46.450001	0.000023
1581.119995	-46.419998	0.000023
1581.130005	-46.430000	0.000023
1581.140015	-46.450001	0.000023
1581.150024	-46.509998	0.000022
1581.160034	-46.540001	0.000022
1581.170044	-46.529999	0.000022
1581.180054	-46.450001	0.000023
1581.189941	-46.330002	0.000023
1581.199951	-46.230000	0.000024
1581.209961	-46.139999	0.000024
1581.219971	-46.090000	0.000025
1581.229980	-46.029999	0.000025
1581.239990	-45.980000	0.000025
1581.250000	-45.950001	0.000025
1581.260010	-45.959999	0.000025
1581.270020	-46.020000	0.000025
1581.280029	-46.070000	0.000025
1581.290039	-46.119999	0.000024
1581.300049	-46.169998	0.000024
1581.310059	-46.189999	0.000024
1581.319946	-46.220001	0.000024
1581.329956	-46.240002	0.000024
1581.339966	-46.230000	0.000024
1581.349976	-46.169998	0.000024
1581.359985	-46.099998	0.000025
1581.369995	-46.049999	0.000025
1581.380005	-46.029999	0.000025
1581.390015	-46.040001	0.000025
1581.400024	-46.080002	0.000025
1581.410034	-46.090000	0.000025
1581.420044	-46.130001	0.000024
1581.430054	-46.169998	0.000024
1581.439941	-46.279999	0.000024
1581.449951	-46.410000	0.000023
1581.459961	-46.580002	0.000022
1581.469971	-46.689999	0.000021
1581.479980	-46.730000	0.000021
1581.489990	-46.740002	0.000021
1581.500000	-46.750000	0.000021
1581.510010	-46.770000	0.000021
1581.520020	-46.770000	0.000021
1581.530029	-46.770000	0.000021
1581.540039	-46.779999	0.000021
1581.550049	-46.810001	0.000021
1581.560059	-46.880001	0.000021
1581.569946	-47.000000	0.000020
1581.579956	-47.169998	0.000019
1581.589966	-47.290001	0.000019
1581.599976	-47.380001	0.000018
1581.609985	-47.529999	0.000018
1581.619995	-47.689999	0.000017
1581.630005	-47.820000	0.000017
1581.640015	-47.910000	0.000016
1581.650024	-47.939999	0.000016
1581.660034	-47.919998	0.000016
1581.670044	-47.910000	0.000016
1581.680054	-47.950001	0.000016
1581.689941	-47.980000	0.000016
1581.699951	-48.049999	0.000016
1581.709961	-48.119999	0.000015
1581.719971	-48.200001	0.000015
1581.729980	-48.310001	0.000015
1581.739990	-48.470001	0.000014
1581.750000	-48.660000	0.000014
1581.760010	-48.849998	0.000013
1581.770020	-48.939999	0.000013
1581.780029	-48.959999	0.000013
1581.790039	-48.959999	0.000013
1581.800049	-48.939999	0.000013
1581.810059	-48.930000	0.000013
1581.819946	-48.889999	0.000013
1581.829956	-48.849998	0.000013
1581.839966	-48.830002	0.000013
1581.849976	-48.840000	0.000013
1581.859985	-48.889999	0.000013
1581.869995	-48.970001	0.000013
1581.880005	-49.040001	0.000012
1581.890015	-49.090000	0.000012
1581.900024	-49.150002	0.000012
1581.910034	-49.220001	0.000012
1581.920044	-49.299999	0.000012
1581.930054	-49.330002	0.000012
1581.939941	-49.279999	0.000012
1581.949951	-49.189999	0.000012
1581.959961	-49.080002	0.000012
1581.969971	-48.990002	0.000013
1581.979980	-48.950001	0.000013
1581.989990	-48.939999	0.000013
1582.000000	-48.919998	0.000013
1582.010010	-48.910000	0.000013
1582.020020	-48.919998	0.000013
1582.030029	-48.939999	0.000013
1582.040039	-49.009998	0.000013
1582.050049	-49.090000	0.000012
1582.060059	-49.130001	0.000012
1582.069946	-49.130001	0.000012
1582.079956	-49.090000	0.000012
1582.089966	-49.029999	0.000013
1582.099976	-48.950001	0.000013
1582.109985	-48.840000	0.000013
1582.119995	-48.750000	0.000013
1582.130005	-48.680000	0.000014
1582.140015	-48.619999	0.000014
1582.150024	-48.590000	0.000014
1582.160034	-48.619999	0.000014
1582.170044	-48.650002	0.000014
1582.180054	-48.680000	0.000014
1582.189941	-48.720001	0.000013
1582.199951	-48.740002	0.000013
1582.209961	-48.759998	0.000013
1582.219971	-48.779999	0.000013
1582.229980	-48.730000	0.000013
1582.239990	-48.639999	0.000014
1582.250000	-48.520000	0.000014
1582.260010	-48.410000	0.000014
1582.270020	-48.330002	0.000015
1582.280029	-48.290001	0.000015
1582.290039	-48.250000	0.000015
1582.300049	-48.230000	0.000015
1582.310059	-48.220001	0.000015
1582.319946	-48.230000	0.000015
1582.329956	-48.270000	0.000015
1582.339966	-48.349998	0.000015
1582.349976	-48.439999	0.000014
1582.359985	-48.470001	0.000014
1582.369995	-48.459999	0.000014
1582.380005	-48.410000	0.000014
1582.390015	-48.330002	0.000015
1582.400024	-48.220001	0.000015
1582.410034	-48.060001	0.000016
1582.420044	-47.939999	0.000016
1582.430054	-47.840000	0.000016
1582.439941	-47.759998	0.000017
1582.449951	-47.740002	0.000017
1582.459961	-47.759998	0.000017
1582.469971	-47.790001	0.000017
1582.479980	-47.830002	0.000016
1582.489990	-47.869999	0.000016
1582.500000	-47.900002	0.000016
1582.510010	-47.939999	0.000016
1582.520020	-47.959999	0.000016
1582.530029	-47.889999	0.000016
1582.540039	-47.779999	0.000017
1582.550049	-47.639999	0.000017
1582.560059	-47.520000	0.000018
1582.569946	-47.389999	0.000018
1582.579956	-47.310001	0.000019
1582.589966	-47.240002	0.000019
1582.599976	-47.220001	0.000019
1582.609985	-47.200001	0.000019
1582.619995	-47.220001	0.000019
1582.630005	-47.270000	0.000019
1582.640015	-47.360001	0.000018
1582.650024	-47.419998	0.000018
1582.660034	-47.450001	0.000018
1582.670044	-47.439999	0.000018
1582.680054	-47.369999	0.000018
1582.689941	-47.270000	0.000019
1582.699951	-47.119999	0.000019
1582.709961	-47.009998	0.000020
1582.719971	-46.919998	0.000020
1582.729980	-46.860001	0.000021
1582.739990	-46.830002	0.000021
1582.750000	-46.840000	0.000021
1582.760010	-46.889999	0.000020
1582.770020	-46.950001	0.000020
1582.780029	-47.020000	0.000020
1582.790039	-47.090000	0.000020
1582.800049	-47.160000	0.000019
1582.810059	-47.240002	0.000019
1582.819946	-47.299999	0.000019
1582.829956	-47.290001	0.000019
1582.839966	-47.230000	0.000019
1582.849976	-47.139999	0.000019
1582.859985	-47.040001	0.000020
1582.869995	-46.970001	0.000020
1582.880005	-46.919998	0.000020
1582.890015	-46.930000	0.000020
1582.900024	-46.930000	0.000020
1582.910034	-46.950001	0.000020
1582.920044	-46.990002	0.000020
1582.930054	-47.080002	0.000020
1582.939941	-47.200001	0.000019
1582.949951	-47.299999	0.000019
1582.959961	-47.410000	0.000018
1582.969971	-47.459999	0.000018
1582.979980	-47.470001	0.000018
1582.989990	-47.430000	0.000018
1583.000000	-47.340000	0.000018
1583.010010	-47.270000	0.000019
1583.020020	-47.209999	0.000019
1583.030029	-47.180000	0.000019
1583.040039	-47.150002	0.000019
1583.050049	-47.180000	0.000019
1583.060059	-47.250000	0.000019
1583.069946	-47.330002	0.000018
1583.079956	-47.430000	0.000018
1583.089966	-47.540001	0.000018
1583.099976	-47.669998	0.000017
1583.109985	-47.770000	0.000017
1583.119995	-47.820000	0.000017
1583.130005	-47.790001	0.000017
1583.140015	-47.709999	0.000017
1583.150024	-47.590000	0.000017
1583.160034	-47.480000	0.000018
1583.170044	-47.419998	0.000018
1583.180054	-47.400002	0.000018
1583.189941	-47.410000	0.000018
1583.199951	-47.419998	0.000018
1583.209961	-47.450001	0.000018
1583.219971	-47.500000	0.000018
1583.229980	-47.570000	0.000017
1583.239990	-47.680000	0.000017
1583.250000	-47.779999	0.000017
1583.260010	-47.830002	0.000016
1583.270020	-47.820000	0.000017
1583.280029	-47.740002	0.000017
1583.290039	-47.650002	0.000017
1583.300049	-47.509998	0.000018
1583.310059	-47.419998	0.000018
1583.319946	-47.349998	0.000018
1583.329956	-47.299999	0.000019
1583.339966	-47.279999	0.000019
1583.349976	-47.290001	0.000019
1583.359985	-47.340000	0.000018
1583.369995	-47.410000	0.000018
1583.380005	-47.470001	0.000018
1583.390015	-47.549999	0.000018
1583.400024	-47.619999	0.000017
1583.410034	-47.700001	0.000017
1583.420044	-47.720001	0.000017
1583.430054	-47.680000	0.000017
1583.439941	-47.560001	0.000018
1583.449951	-47.410000	0.000018
1583.459961	-47.279999	0.000019
1583.469971	-47.200001	0.000019
1583.479980	-47.169998	0.000019
1583.489990	-47.169998	0.000019
1583.500000	-47.169998	0.000019
1583.510010	-47.189999	0.000019
1583.520020	-47.220001	0.000019
1583.530029	-47.310001	0.000019
1583.540039	-47.450001	0.000018
1583.550049	-47.549999	0.000018
1583.560059	-47.599998	0.000017
1583.569946	-47.570000	0.000017
1583.579956	-47.490002	0.000018
1583.589966	-47.389999	0.000018
1583.599976	-47.259998	0.000019
1583.609985	-47.189999	0.000019
1583.619995	-47.130001	0.000019
1583.630005	-47.080002	0.000020
1583.640015	-47.070000	0.000020
1583.650024	-47.110001	0.000019
1583.660034	-47.209999	0.000019
1583.670044	-47.299999	0.000019
1583.680054	-47.389999	0.000018
1583.689941	-47.470001	0.000018
1583.699951	-47.560001	0.000018
1583.709961	-47.610001	0.000017
1583.719971	-47.619999	0.000017
1583.729980	-47.549999	0.000018
1583.739990	-47.430000	0.000018
1583.750000	-47.299999	0.000019
1583.760010	-47.200001	0.000019
1583.770020	-47.160000	0.000019
1583.780029	-47.150002	0.000019
1583.790039	-47.160000	0.000019
1583.800049	-47.169998	0.000019
1583.810059	-47.180000	0.000019
1583.819946	-47.240002	0.000019
1583.829956	-47.349998	0.000018
1583.839966	-47.480000	0.000018
1583.849976	-47.639999	0.000017
1583.859985	-47.720001	0.000017
1583.869995	-47.759998	0.000017
1583.880005	-47.759998	0.000017
1583.890015	-47.759998	0.000017
1583.900024	-47.750000	0.000017
1583.910034	-47.730000	0.000017
1583.920044	-47.720001	0.000017
1583.930054	-47.720001	0.000017
1583.939941	-47.770000	0.000017
1583.949951	-47.860001	0.000016
1583.959961	-47.980000	0.000016
1583.969971	-48.110001	0.000015
1583.979980	-48.299999	0.000015
1583.989990	-48.470001	0.000014
1584.000000	-48.650002	0.000014
1584.010010	-48.869999	0.000013
1584.020020	-49.090000	0.000012
1584.030029	-49.250000	0.000012
1584.040039	-49.380001	0.000012
1584.050049	-49.430000	0.000011
1584.060059	-49.520000	0.000011
1584.069946	-49.610001	0.000011
1584.079956	-49.709999	0.000011
1584.089966	-49.810001	0.000010
1584.099976	-49.939999	0.000010
1584.109985	-50.099998	0.000010
1584.119995	-50.340000	0.000009
1584.130005	-50.680000	0.000009
1584.140015	-51.099998	0.000008
1584.150024	-51.529999	0.000007
1584.160034	-52.040001	0.000006
1584.170044	-52.340000	0.000006
1584.180054	-52.599998	0.000005
1584.189941	-52.779999	0.000005
1584.199951	-52.959999	0.000005
1584.209961	-53.119999	0.000005
1584.219971	-53.299999	0.000005
1584.229980	-53.549999	0.000004
1584.239990	-53.750000	0.000004
1584.250000	-54.020000	0.000004
1584.260010	-54.380001	0.000004
1584.270020	-54.799999	0.000003
1584.280029	-55.360001	0.000003
1584.290039	-56.000000	0.000003
1584.300049	-56.740002	0.000002
1584.310059	-57.520000	0.000002
1584.319946	-58.150002	0.000002
1584.329956	-58.709999	0.000001
1584.339966	-59.049999	0.000001
1584.349976	-59.360001	0.000001
1584.359985	-59.549999	0.000001
1584.369995	-59.709999	0.000001
1584.380005	-59.810001	0.000001
1584.390015	-59.970001	0.000001
1584.400024	-60.150002	0.000001
1584.410034	-60.380001	0.000001
1584.420044	-60.720001	0.000001
1584.430054	-61.029999	0.000001
1584.439941	-61.430000	0.000001
1584.449951	-61.939999	0.000001
1584.459961	-62.299999	0.000001
1584.469971	-62.639999	0.000001
1584.479980	-62.950001	0.000001
1584.489990	-63.020000	0.000000
1584.500000	-63.200001	0.000000
1584.510010	-63.410000	0.000000
1584.520020	-63.540001	0.000000
1584.530029	-63.759998	0.000000
1584.540039	-63.939999	0.000000
1584.550049	-64.019997	0.000000
1584.560059	-64.290001	0.000000
1584.569946	-64.610001	0.000000
1584.579956	-64.660004	0.000000
1584.589966	-64.989998	0.000000
1584.599976	-65.500000	0.000000
1584.609985	-65.849998	0.000000
1584.619995	-66.300003	0.000000
1584.630005	-66.410004	0.000000
1584.640015	-66.480003	0.000000
1584.650024	-66.519997	0.000000
1584.660034	-66.940002	0.000000
1584.670044	-66.889999	0.000000
1584.680054	-66.739998	0.000000
1584.689941	-67.209999	0.000000
1584.699951	-67.339996	0.000000
1584.709961	-67.230003	0.000000
1584.719971	-67.730003	0.000000
1584.729980	-67.849998	0.000000
1584.739990	-68.260002	0.000000
1584.750000	-68.629997	0.000000
1584.760010	-69.220001	0.000000
1584.770020	-69.580002	0.000000
1584.780029	-69.519997	0.000000
1584.790039	-69.839996	0.000000
1584.800049	-69.660004	0.000000
1584.810059	-69.510002	0.000000
1584.819946	-70.360001	0.000000
1584.829956	-70.010002	0.000000
1584.839966	-70.029999	0.000000
1584.849976	-70.889999	0.000000
1584.859985	-70.099998	0.000000
1584.869995	-70.510002	0.000000
1584.880005	-71.010002	0.000000
1584.890015	-71.269997	0.000000
1584.900024	-71.910004	0.000000
1584.910034	-71.419998	0.000000
1584.920044	-72.190002	0.000000
1584.930054	-72.029999	0.000000
1584.939941	-72.330002	0.000000
1584.949951	-72.290001	0.000000
1584.959961	-72.730003	0.000000
1584.969971	-71.739998	0.000000
1584.979980	-72.129997	0.000000
1584.989990	-73.349998	0.000000
1585.000000	-73.959999	0.000000
1585.010010	-73.750000	0.000000
1585.020020	-74.839996	0.000000
1585.030029	-73.199997	0.000000
1585.040039	-73.959999	0.000000
1585.050049	-73.900002	0.000000
1585.060059	-74.550003	0.000000
1585.069946	-74.959999	0.000000
1585.079956	-74.410004	0.000000
1585.089966	-75.760002	0.000000
1585.099976	-76.160004	0.000000
1585.109985	-75.040001	0.000000
1585.119995	-74.769997	0.000000
1585.130005	-75.580002	0.000000
1585.140015	-76.529999	0.000000
1585.150024	-75.860001	0.000000
1585.160034	-75.959999	0.000000
1585.170044	-76.580002	0.000000
1585.180054	-77.820000	0.000000
1585.189941	-77.669998	0.000000
1585.199951	-81.300003	0.000000
1585.209961	-76.760002	0.000000
1585.219971	-77.820000	0.000000
1585.229980	-81.300003	0.000000
1585.239990	-81.300003	0.000000
1585.250000	-77.000000	0.000000
1585.260010	-78.550003	0.000000
1585.270020	-82.230003	0.000000
1585.280029	-80.010002	0.000000
1585.290039	-80.680000	0.000000
1585.300049	-79.540001	0.000000
1585.310059	-92.440002	0.000000
1585.319946	-79.220001	0.000000
1585.329956	-79.220001	0.000000
1585.339966	-83.139999	0.000000
1585.349976	-77.739998	0.000000
1585.359985	-79.320000	0.000000
1585.369995	-79.650002	0.000000
1585.380005	-210.000000	0.000000
1585.390015	-210.000000	0.000000
1585.400024	-81.139999	0.000000
1585.410034	-78.209999	0.000000
1585.420044	-80.010002	0.000000
1585.430054	-78.209999	0.000000
1585.439941	-88.459999	0.000000
1585.449951	-80.830002	0.000000
1585.459961	-85.040001	0.000000
1585.469971	-78.550003	0.000000
1585.479980	-210.000000	0.000000
1585.489990	-210.000000	0.000000
1585.500000	-210.000000	0.000000
1585.510010	-210.000000	0.000000
1585.520020	-80.529999	0.000000
1585.530029	-79.760002	0.000000
1585.540039	-210.000000	0.000000
1585.550049	-89.419998	0.000000
1585.560059	-84.650002	0.000000
1585.569946	-210.000000	0.000000
1585.579956	-77.309998	0.000000
1585.589966	-83.680000	0.000000
1585.599976	-83.129997	0.000000
1585.609985	-210.000000	0.000000
1585.619995	-90.669998	0.000000
1585.630005	-80.820000	0.000000
1585.640015	-210.000000	0.000000
1585.650024	-81.459999	0.000000
1585.660034	-210.000000	0.000000
1585.670044	-210.000000	0.000000
1585.680054	-86.989998	0.000000
1585.689941	-85.440002	0.000000
1585.699951	-79.879997	0.000000
1585.709961	-95.440002	0.000000
1585.719971	-210.000000	0.000000
1585.729980	-210.000000	0.000000
1585.739990	-210.000000	0.000000
1585.750000	-210.000000	0.000000
1585.760010	-81.639999	0.000000
1585.770020	-210.000000	0.000000
1585.780029	-81.459999	0.000000
1585.790039	-82.430000	0.000000
1585.800049	-80.669998	0.000000
1585.810059	-80.389999	0.000000
1585.819946	-210.000000	0.000000
1585.829956	-88.449997	0.000000
1585.839966	-210.000000	0.000000
1585.849976	-82.430000	0.000000
1585.859985	-210.000000	0.000000
1585.869995	-84.300003	0.000000
1585.880005	-210.000000	0.000000
1585.890015	-210.000000	0.000000
1585.900024	-92.430000	0.000000
1585.910034	-81.639999	0.000000
1585.920044	-210.000000	0.000000
1585.930054	-83.400002	0.000000
1585.939941	-210.000000	0.000000
1585.949951	-80.120003	0.000000
1585.959961	-82.650002	0.000000
1585.969971	-210.000000	0.000000
1585.979980	-92.430000	0.000000
1585.989990	-210.000000	0.000000
1586.000000	-83.129997	0.000000
1586.010010	-210.000000	0.000000
1586.020020	-210.000000	0.000000
1586.030029	-81.129997	0.000000
1586.040039	-210.000000	0.000000
1586.050049	-80.120003	0.000000
1586.060059	-210.000000	0.000000
1586.069946	-210.000000	0.000000
1586.079956	-210.000000	0.000000
1586.089966	-210.000000	0.000000
1586.099976	-89.419998	0.000000
1586.109985	-210.000000	0.000000
1586.119995	-210.000000	0.000000
1586.130005	-85.440002	0.000000
1586.140015	-85.029999	0.000000
1586.150024	-83.980003	0.000000
1586.160034	-210.000000	0.000000
1586.170044	-95.440002	0.000000
1586.180054	-85.029999	0.000000
1586.189941	-83.400002	0.000000
1586.199951	-79.309998	0.000000
1586.209961	-210.000000	0.000000
1586.219971	-210.000000	0.000000
1586.229980	-210.000000	0.000000
1586.239990	-87.660004	0.000000
1586.250000	-92.430000	0.000000
1586.260010	-92.430000	0.000000
1586.270020	-85.029999	0.000000
1586.280029	-210.000000	0.000000
1586.290039	-210.000000	0.000000
1586.300049	-210.000000	0.000000
1586.310059	-83.129997	0.000000
1586.319946	-80.000000	0.000000
1586.329956	-210.000000	0.000000
1586.339966	-85.900002	0.000000
1586.349976	-81.639999	0.000000
1586.359985	-84.300003	0.000000
1586.369995	-80.970001	0.000000
1586.380005	-85.029999	0.000000
1586.390015	-210.000000	0.000000
1586.400024	-210.000000	0.000000
1586.410034	-210.000000	0.000000
1586.420044	-210.000000	0.000000
1586.430054	-210.000000	0.000000
1586.439941	-81.639999	0.000000
1586.449951	-210.000000	0.000000
1586.459961	-82.019997	0.000000
1586.469971	-210.000000	0.000000
1586.479980	-210.000000	0.000000
1586.489990	-210.000000	0.000000
1586.500000	-210.000000	0.000000
1586.510010	-210.000000	0.000000
1586.520020	-210.000000	0.000000
1586.530029	-210.000000	0.000000
1586.540039	-78.540001	0.000000
1586.550049	-85.440002	0.000000
1586.560059	-210.000000	0.000000
1586.569946	-89.419998	0.000000
1586.579956	-80.120003	0.000000
1586.589966	-210.000000	0.000000
1586.599976	-83.980003	0.000000
1586.609985	-82.889999	0.000000
1586.619995	-210.000000	0.000000
1586.630005	-210.000000	0.000000
1586.640015	-210.000000	0.000000
1586.650024	-84.300003	0.000000
1586.660034	-210.000000	0.000000
1586.670044	-84.650002	0.000000
1586.680054	-210.000000	0.000000
1586.689941	-210.000000	0.000000
1586.699951	-210.000000	0.000000
1586.709961	-210.000000	0.000000
1586.719971	-210.000000	0.000000
1586.729980	-83.980003	0.000000
1586.739990	-210.000000	0.000000
1586.750000	-79.760002	0.000000
1586.760010	-89.419998	0.000000
1586.770020	-210.000000	0.000000
1586.780029	-79.309998	0.000000
1586.790039	-210.000000	0.000000
1586.800049	-210.000000	0.000000
1586.810059	-210.000000	0.000000
1586.819946	-210.000000	0.000000
1586.829956	-83.680000	0.000000
1586.839966	-81.820000	0.000000
1586.849976	-210.000000	0.000000
1586.859985	-80.529999	0.000000
1586.869995	-210.000000	0.000000
1586.880005	-86.410004	0.000000
1586.890015	-210.000000	0.000000
1586.900024	-85.900002	0.000000
1586.910034	-84.650002	0.000000
1586.920044	-210.000000	0.000000
1586.930054	-82.889999	0.000000
1586.939941	-81.459999	0.000000
1586.949951	-210.000000	0.000000
1586.959961	-210.000000	0.000000
1586.969971	-87.660004	0.000000
1586.979980	-83.980003	0.000000
1586.989990	-87.660004	0.000000
1587.000000	-78.629997	0.000000
