Wavelength (nm)	Transmission (dBm)	Linear Transmission
1577.000000	-210.000000	0.000000
1577.010010	-210.000000	0.000000
1577.020020	-210.000000	0.000000
1577.030029	-92.430000	0.000000
1577.040039	-210.000000	0.000000
1577.050049	-82.220001	0.000000
1577.060059	-82.019997	0.000000
1577.069946	-210.000000	0.000000
1577.079956	-210.000000	0.000000
1577.089966	-210.000000	0.000000
1577.099976	-210.000000	0.000000
1577.109985	-85.440002	0.000000
1577.119995	-86.989998	0.000000
1577.130005	-210.000000	0.000000
1577.140015	-210.000000	0.000000
1577.150024	-85.440002	0.000000
1577.160034	-210.000000	0.000000
1577.170044	-87.660004	0.000000
1577.180054	-80.529999	0.000000
1577.189941	-210.000000	0.000000
1577.199951	-210.000000	0.000000
1577.209961	-86.410004	0.000000
1577.219971	-82.889999	0.000000
1577.229980	-210.000000	0.000000
1577.239990	-210.000000	0.000000
1577.250000	-92.430000	0.000000
1577.260010	-210.000000	0.000000
1577.270020	-210.000000	0.000000
1577.280029	-210.000000	0.000000
1577.290039	-210.000000	0.000000
1577.300049	-85.440002	0.000000
1577.310059	-90.669998	0.000000
1577.319946	-210.000000	0.000000
1577.329956	-210.000000	0.000000
1577.339966	-82.019997	0.000000
1577.349976	-210.000000	0.000000
1577.359985	-210.000000	0.000000
1577.369995	-84.300003	0.000000
1577.380005	-210.000000	0.000000
1577.390015	-210.000000	0.000000
1577.400024	-83.980003	0.000000
1577.410034	-210.000000	0.000000
1577.420044	-210.000000	0.000000
1577.430054	-210.000000	0.000000
1577.439941	-210.000000	0.000000
1577.449951	-210.000000	0.000000
1577.459961	-210.000000	0.000000
1577.469971	-95.440002	0.000000
1577.479980	-84.650002	0.000000
1577.489990	-86.410004	0.000000
1577.500000	-80.669998	0.000000
1577.510010	-89.419998	0.000000
1577.520020	-85.900002	0.000000
1577.530029	-210.000000	0.000000
1577.540039	-83.400002	0.000000
1577.550049	-210.000000	0.000000
1577.560059	-210.000000	0.000000
1577.569946	-85.440002	0.000000
1577.579956	-79.639999	0.000000
1577.589966	-210.000000	0.000000
1577.599976	-210.000000	0.000000
1577.609985	-82.889999	0.000000
1577.619995	-95.440002	0.000000
1577.630005	-87.660004	0.000000
1577.640015	-85.440002	0.000000
1577.650024	-86.410004	0.000000
1577.660034	-82.889999	0.000000
1577.670044	-90.669998	0.000000
1577.680054	-210.000000	0.000000
1577.689941	-210.000000	0.000000
1577.699951	-78.629997	0.000000
1577.709961	-210.000000	0.000000
1577.719971	-90.669998	0.000000
1577.729980	-210.000000	0.000000
1577.739990	-210.000000	0.000000
1577.750000	-210.000000	0.000000
1577.760010	-92.430000	0.000000
1577.770020	-210.000000	0.000000
1577.780029	-210.000000	0.000000
1577.790039	-78.629997	0.000000
1577.800049	-210.000000	0.000000
1577.810059	-80.970001	0.000000
1577.819946	-87.660004	0.000000
1577.829956	-83.400002	0.000000
1577.839966	-90.669998	0.000000
1577.849976	-85.900002	0.000000
1577.859985	-210.000000	0.000000
1577.869995	-82.889999	0.000000
1577.880005	-210.000000	0.000000
1577.890015	-210.000000	0.000000
1577.900024	-210.000000	0.000000
1577.910034	-85.440002	0.000000
1577.920044	-87.660004	0.000000
1577.930054	-210.000000	0.000000
1577.939941	-210.000000	0.000000
1577.949951	-83.129997	0.000000
1577.959961	-210.000000	0.000000
1577.969971	-83.129997	0.000000
1577.979980	-210.000000	0.000000
1577.989990	-83.400002	0.000000
1578.000000	-210.000000	0.000000
1578.010010	-210.000000	0.000000
1578.020020	-210.000000	0.000000
1578.030029	-83.139999	0.000000
1578.040039	-210.000000	0.000000
1578.050049	-82.440002	0.000000
1578.060059	-210.000000	0.000000
1578.069946	-210.000000	0.000000
1578.079956	-210.000000	0.000000
1578.089966	-210.000000	0.000000
1578.099976	-90.680000	0.000000
1578.109985	-83.139999	0.000000
1578.119995	-210.000000	0.000000
1578.130005	-81.139999	0.000000
1578.140015	-210.000000	0.000000
1578.150024	-210.000000	0.000000
1578.160034	-84.309998	0.000000
1578.170044	-210.000000	0.000000
1578.180054	-210.000000	0.000000
1578.189941	-210.000000	0.000000
1578.199951	-210.000000	0.000000
1578.209961	-210.000000	0.000000
1578.219971	-86.419998	0.000000
1578.229980	-92.440002	0.000000
1578.239990	-80.260002	0.000000
1578.250000	-95.449997	0.000000
1578.260010	-210.000000	0.000000
1578.270020	-92.440002	0.000000
1578.280029	-210.000000	0.000000
1578.290039	-80.540001	0.000000
1578.300049	-77.970001	0.000000
1578.310059	-210.000000	0.000000
1578.319946	-210.000000	0.000000
1578.329956	-210.000000	0.000000
1578.339966	-210.000000	0.000000
1578.349976	-210.000000	0.000000
1578.359985	-80.540001	0.000000
1578.369995	-210.000000	0.000000
1578.380005	-210.000000	0.000000
1578.390015	-210.000000	0.000000
1578.400024	-210.000000	0.000000
1578.410034	-210.000000	0.000000
1578.420044	-210.000000	0.000000
1578.430054	-86.419998	0.000000
1578.439941	-81.139999	0.000000
1578.449951	-210.000000	0.000000
1578.459961	-210.000000	0.000000
1578.469971	-92.440002	0.000000
1578.479980	-210.000000	0.000000
1578.489990	-79.889999	0.000000
1578.500000	-80.980003	0.000000
1578.510010	-210.000000	0.000000
1578.520020	-85.040001	0.000000
1578.530029	-210.000000	0.000000
1578.540039	-82.029999	0.000000
1578.550049	-210.000000	0.000000
1578.560059	-85.449997	0.000000
1578.569946	-210.000000	0.000000
1578.579956	-210.000000	0.000000
1578.589966	-210.000000	0.000000
1578.599976	-82.900002	0.000000
1578.609985	-210.000000	0.000000
1578.619995	-210.000000	0.000000
1578.630005	-210.000000	0.000000
1578.640015	-79.650002	0.000000
1578.650024	-210.000000	0.000000
1578.660034	-210.000000	0.000000
1578.670044	-86.419998	0.000000
1578.680054	-89.430000	0.000000
1578.689941	-86.419998	0.000000
1578.699951	-210.000000	0.000000
1578.709961	-210.000000	0.000000
1578.719971	-83.410004	0.000000
1578.729980	-85.910004	0.000000
1578.739990	-210.000000	0.000000
1578.750000	-210.000000	0.000000
1578.760010	-210.000000	0.000000
1578.770020	-84.660004	0.000000
1578.780029	-90.680000	0.000000
1578.790039	-79.540001	0.000000
1578.800049	-83.989998	0.000000
1578.810059	-210.000000	0.000000
1578.819946	-82.660004	0.000000
1578.829956	-210.000000	0.000000
1578.839966	-210.000000	0.000000
1578.849976	-210.000000	0.000000
1578.859985	-210.000000	0.000000
1578.869995	-210.000000	0.000000
1578.880005	-210.000000	0.000000
1578.890015	-210.000000	0.000000
1578.900024	-81.830002	0.000000
1578.910034	-88.459999	0.000000
1578.920044	-210.000000	0.000000
1578.930054	-210.000000	0.000000
1578.939941	-83.989998	0.000000
1578.949951	-87.669998	0.000000
1578.959961	-81.470001	0.000000
1578.969971	-210.000000	0.000000
1578.979980	-210.000000	0.000000
1578.989990	-87.000000	0.000000
1579.000000	-210.000000	0.000000
1579.010010	-79.889999	0.000000
1579.020020	-80.680000	0.000000
1579.030029	-78.820000	0.000000
1579.040039	-82.900002	0.000000
1579.050049	-210.000000	0.000000
1579.060059	-83.690002	0.000000
1579.069946	-80.400002	0.000000
1579.079956	-82.440002	0.000000
1579.089966	-81.650002	0.000000
1579.099976	-210.000000	0.000000
1579.109985	-85.910004	0.000000
1579.119995	-210.000000	0.000000
1579.130005	-210.000000	0.000000
1579.140015	-81.300003	0.000000
1579.150024	-82.660004	0.000000
1579.160034	-79.769997	0.000000
1579.170044	-86.419998	0.000000
1579.180054	-89.430000	0.000000
1579.189941	-210.000000	0.000000
1579.199951	-80.540001	0.000000
1579.209961	-78.639999	0.000000
1579.219971	-81.470001	0.000000
1579.229980	-210.000000	0.000000
1579.239990	-78.290001	0.000000
1579.250000	-83.989998	0.000000
1579.260010	-80.980003	0.000000
1579.270020	-89.430000	0.000000
1579.280029	-80.129997	0.000000
1579.290039	-85.449997	0.000000
1579.300049	-80.540001	0.000000
1579.310059	-83.989998	0.000000
1579.319946	-79.650002	0.000000
1579.329956	-210.000000	0.000000
1579.339966	-79.220001	0.000000
1579.349976	-79.110001	0.000000
1579.359985	-78.919998	0.000000
1579.369995	-82.230003	0.000000
1579.380005	-79.889999	0.000000
1579.390015	-78.550003	0.000000
1579.400024	-95.449997	0.000000
1579.410034	-79.769997	0.000000
1579.420044	-84.309998	0.000000
1579.430054	-83.989998	0.000000
1579.439941	-82.230003	0.000000
1579.449951	-77.970001	0.000000
1579.459961	-76.820000	0.000000
1579.469971	-78.820000	0.000000
1579.479980	-78.639999	0.000000
1579.489990	-77.459999	0.000000
1579.500000	-76.209999	0.000000
1579.510010	-76.820000	0.000000
1579.520020	-76.099998	0.000000
1579.530029	-77.250000	0.000000
1579.540039	-75.080002	0.000000
1579.550049	-77.889999	0.000000
1579.560059	-76.309998	0.000000
1579.569946	-77.389999	0.000000
1579.579956	-77.059998	0.000000
1579.589966	-75.760002	0.000000
1579.599976	-76.639999	0.000000
1579.609985	-75.580002	0.000000
1579.619995	-76.050003	0.000000
1579.630005	-73.570000	0.000000
1579.640015	-75.199997	0.000000
1579.650024	-77.889999	0.000000
1579.660034	-75.449997	0.000000
1579.670044	-74.919998	0.000000
1579.680054	-74.589996	0.000000
1579.689941	-74.519997	0.000000
1579.699951	-75.809998	0.000000
1579.709961	-74.690002	0.000000
1579.719971	-75.959999	0.000000
1579.729980	-75.279999	0.000000
1579.739990	-72.970001	0.000000
1579.750000	-73.070000	0.000000
1579.760010	-73.089996	0.000000
1579.770020	-74.730003	0.000000
1579.780029	-72.750000	0.000000
1579.790039	-74.379997	0.000000
1579.800049	-73.930000	0.000000
1579.810059	-72.870003	0.000000
1579.819946	-72.620003	0.000000
1579.829956	-73.599998	0.000000
1579.839966	-72.099998	0.000000
1579.849976	-72.370003	0.000000
1579.859985	-71.910004	0.000000
1579.869995	-72.250000	0.000000
1579.880005	-71.949997	0.000000
1579.890015	-72.059998	0.000000
1579.900024	-71.889999	0.000000
1579.910034	-71.500000	0.000000
1579.920044	-70.320000	0.000000
1579.930054	-70.949997	0.000000
1579.939941	-70.339996	0.000000
1579.949951	-71.040001	0.000000
1579.959961	-70.190002	0.000000
1579.969971	-69.949997	0.000000
1579.979980	-69.949997	0.000000
1579.989990	-70.150002	0.000000
1580.000000	-69.620003	0.000000
1580.010010	-69.779999	0.000000
1580.020020	-69.540001	0.000000
1580.030029	-69.360001	0.000000
1580.040039	-69.470001	0.000000
1580.050049	-69.510002	0.000000
1580.060059	-68.889999	0.000000
1580.069946	-68.769997	0.000000
1580.079956	-68.570000	0.000000
1580.089966	-68.309998	0.000000
1580.099976	-68.129997	0.000000
1580.109985	-67.980003	0.000000
1580.119995	-67.889999	0.000000
1580.130005	-67.620003	0.000000
1580.140015	-67.559998	0.000000
1580.150024	-67.379997	0.000000
1580.160034	-67.220001	0.000000
1580.170044	-67.250000	0.000000
1580.180054	-66.910004	0.000000
1580.189941	-66.760002	0.000000
1580.199951	-66.760002	0.000000
1580.209961	-66.639999	0.000000
1580.219971	-66.570000	0.000000
1580.229980	-66.230003	0.000000
1580.239990	-66.220001	0.000000
1580.250000	-65.889999	0.000000
1580.260010	-65.669998	0.000000
1580.270020	-65.349998	0.000000
1580.280029	-65.199997	0.000000
1580.290039	-64.949997	0.000000
1580.300049	-64.940002	0.000000
1580.310059	-64.820000	0.000000
1580.319946	-64.559998	0.000000
1580.329956	-64.529999	0.000000
1580.339966	-64.330002	0.000000
1580.349976	-64.470001	0.000000
1580.359985	-64.220001	0.000000
1580.369995	-64.269997	0.000000
1580.380005	-64.199997	0.000000
1580.390015	-63.970001	0.000000
1580.400024	-63.849998	0.000000
1580.410034	-63.700001	0.000000
1580.420044	-63.610001	0.000000
1580.430054	-63.459999	0.000000
1580.439941	-63.299999	0.000000
1580.449951	-63.070000	0.000000
1580.459961	-62.950001	0.000001
1580.469971	-62.570000	0.000001
1580.479980	-62.490002	0.000001
1580.489990	-62.310001	0.000001
1580.500000	-62.119999	0.000001
1580.510010	-62.000000	0.000001
1580.520020	-61.880001	0.000001
1580.530029	-61.799999	0.000001
1580.540039	-61.689999	0.000001
1580.550049	-61.630001	0.000001
1580.560059	-61.450001	0.000001
1580.569946	-61.369999	0.000001
1580.579956	-61.189999	0.000001
1580.589966	-60.950001	0.000001
1580.599976	-60.650002	0.000001
1580.609985	-60.180000	0.000001
1580.619995	-59.919998	0.000001
1580.630005	-59.650002	0.000001
1580.640015	-59.520000	0.000001
1580.650024	-59.360001	0.000001
1580.660034	-59.270000	0.000001
1580.670044	-59.139999	0.000001
1580.680054	-59.040001	0.000001
1580.689941	-59.009998	0.000001
1580.699951	-58.919998	0.000001
1580.709961	-58.849998	0.000001
1580.719971	-58.720001	0.000001
1580.729980	-58.549999	0.000001
1580.739990	-58.360001	0.000001
1580.750000	-58.209999	0.000002
1580.760010	-58.009998	0.000002
1580.770020	-57.730000	0.000002
1580.780029	-57.470001	0.000002
1580.790039	-57.259998	0.000002
1580.800049	-57.139999	0.000002
1580.810059	-57.049999	0.000002
1580.819946	-56.990002	0.000002
1580.829956	-56.930000	0.000002
1580.839966	-56.830002	0.000002
1580.849976	-56.730000	0.000002
1580.859985	-56.619999	0.000002
1580.869995	-56.520000	0.000002
1580.880005	-56.380001	0.000002
1580.890015	-56.150002	0.000002
1580.900024	-55.910000	0.000003
1580.910034	-55.639999	0.000003
1580.920044	-55.410000	0.000003
1580.930054	-55.259998	0.000003
1580.939941	-55.099998	0.000003
1580.949951	-54.970001	0.000003
1580.959961	-54.820000	0.000003
1580.969971	-54.730000	0.000003
1580.979980	-54.639999	0.000003
1580.989990	-54.630001	0.000003
1581.000000	-54.599998	0.000003
1581.010010	-54.520000	0.000004
1581.020020	-54.410000	0.000004
1581.030029	-54.270000	0.000004
1581.040039	-54.080002	0.000004
1581.050049	-53.840000	0.000004
1581.060059	-53.549999	0.000004
1581.069946	-53.259998	0.000005
1581.079956	-52.919998	0.000005
1581.089966	-52.709999	0.000005
1581.099976	-52.580002	0.000006
1581.109985	-52.500000	0.000006
1581.119995	-52.430000	0.000006
1581.130005	-52.349998	0.000006
1581.140015	-52.250000	0.000006
1581.150024	-52.139999	0.000006
1581.160034	-52.009998	0.000006
1581.170044	-51.880001	0.000006
1581.180054	-51.700001	0.000007
1581.189941	-51.459999	0.000007
1581.199951	-51.150002	0.000008
1581.209961	-50.860001	0.000008
1581.219971	-50.700001	0.000009
1581.229980	-50.480000	0.000009
1581.239990	-50.320000	0.000009
1581.250000	-50.209999	0.000010
1581.260010	-50.150002	0.000010
1581.270020	-50.090000	0.000010
1581.280029	-50.029999	0.000010
1581.290039	-49.950001	0.000010
1581.300049	-49.880001	0.000010
1581.310059	-49.810001	0.000010
1581.319946	-49.759998	0.000011
1581.329956	-49.630001	0.000011
1581.339966	-49.480000	0.000011
1581.349976	-49.270000	0.000012
1581.359985	-49.060001	0.000012
1581.369995	-48.889999	0.000013
1581.380005	-48.790001	0.000013
1581.390015	-48.700001	0.000013
1581.400024	-48.630001	0.000014
1581.410034	-48.570000	0.000014
1581.420044	-48.509998	0.000014
1581.430054	-48.490002	0.000014
1581.439941	-48.490002	0.000014
1581.449951	-48.480000	0.000014
1581.459961	-48.459999	0.000014
1581.469971	-48.410000	0.000014
1581.479980	-48.330002	0.000015
1581.489990	-48.250000	0.000015
1581.500000	-48.180000	0.000015
1581.510010	-48.080002	0.000016
1581.520020	-47.910000	0.000016
1581.530029	-47.779999	0.000017
1581.540039	-47.689999	0.000017
1581.550049	-47.630001	0.000017
1581.560059	-47.619999	0.000017
1581.569946	-47.610001	0.000017
1581.579956	-47.619999	0.000017
1581.589966	-47.599998	0.000017
1581.599976	-47.590000	0.000017
1581.609985	-47.619999	0.000017
1581.619995	-47.660000	0.000017
1581.630005	-47.660000	0.000017
1581.640015	-47.580002	0.000017
1581.650024	-47.450001	0.000018
1581.660034	-47.299999	0.000019
1581.670044	-47.180000	0.000019
1581.680054	-47.110001	0.000019
1581.689941	-47.060001	0.000020
1581.699951	-46.990002	0.000020
1581.709961	-46.939999	0.000020
1581.719971	-46.900002	0.000020
1581.729980	-46.910000	0.000020
1581.739990	-46.950001	0.000020
1581.750000	-46.990002	0.000020
1581.760010	-47.009998	0.000020
1581.770020	-46.980000	0.000020
1581.780029	-46.910000	0.000020
1581.790039	-46.860001	0.000021
1581.800049	-46.779999	0.000021
1581.810059	-46.669998	0.000022
1581.819946	-46.509998	0.000022
1581.829956	-46.389999	0.000023
1581.839966	-46.290001	0.000023
1581.849976	-46.259998	0.000024
1581.859985	-46.240002	0.000024
1581.869995	-46.230000	0.000024
1581.880005	-46.230000	0.000024
1581.890015	-46.220001	0.000024
1581.900024	-46.220001	0.000024
1581.910034	-46.270000	0.000024
1581.920044	-46.310001	0.000023
1581.930054	-46.290001	0.000023
1581.939941	-46.220001	0.000024
1581.949951	-46.119999	0.000024
1581.959961	-46.009998	0.000025
1581.969971	-45.930000	0.000026
1581.979980	-45.880001	0.000026
1581.989990	-45.830002	0.000026
1582.000000	-45.750000	0.000027
1582.010010	-45.709999	0.000027
1582.020020	-45.700001	0.000027
1582.030029	-45.730000	0.000027
1582.040039	-45.790001	0.000026
1582.050049	-45.860001	0.000026
1582.060059	-45.910000	0.000026
1582.069946	-45.939999	0.000025
1582.079956	-45.959999	0.000025
1582.089966	-45.980000	0.000025
1582.099976	-45.980000	0.000025
1582.109985	-45.919998	0.000026
1582.119995	-45.849998	0.000026
1582.130005	-45.779999	0.000026
1582.140015	-45.740002	0.000027
1582.150024	-45.750000	0.000027
1582.160034	-45.779999	0.000026
1582.170044	-45.830002	0.000026
1582.180054	-45.860001	0.000026
1582.189941	-45.919998	0.000026
1582.199951	-46.020000	0.000025
1582.209961	-46.139999	0.000024
1582.219971	-46.240002	0.000024
1582.229980	-46.310001	0.000023
1582.239990	-46.279999	0.000024
1582.250000	-46.230000	0.000024
1582.260010	-46.169998	0.000024
1582.270020	-46.139999	0.000024
1582.280029	-46.110001	0.000024
1582.290039	-46.080002	0.000025
1582.300049	-46.049999	0.000025
1582.310059	-46.040001	0.000025
1582.319946	-46.070000	0.000025
1582.329956	-46.160000	0.000024
1582.339966	-46.270000	0.000024
1582.349976	-46.400002	0.000023
1582.359985	-46.490002	0.000022
1582.369995	-46.529999	0.000022
1582.380005	-46.599998	0.000022
1582.390015	-46.639999	0.000022
1582.400024	-46.639999	0.000022
1582.410034	-46.540001	0.000022
1582.420044	-46.439999	0.000023
1582.430054	-46.340000	0.000023
1582.439941	-46.279999	0.000024
1582.449951	-46.270000	0.000024
1582.459961	-46.279999	0.000024
1582.469971	-46.310001	0.000023
1582.479980	-46.330002	0.000023
1582.489990	-46.360001	0.000023
1582.500000	-46.439999	0.000023
1582.510010	-46.549999	0.000022
1582.520020	-46.650002	0.000022
1582.530029	-46.709999	0.000021
1582.540039	-46.689999	0.000021
1582.550049	-46.619999	0.000022
1582.560059	-46.560001	0.000022
1582.569946	-46.490002	0.000022
1582.579956	-46.410000	0.000023
1582.589966	-46.310001	0.000023
1582.599976	-46.250000	0.000024
1582.609985	-46.209999	0.000024
1582.619995	-46.230000	0.000024
1582.630005	-46.310001	0.000023
1582.640015	-46.410000	0.000023
1582.650024	-46.490002	0.000022
1582.660034	-46.549999	0.000022
1582.670044	-46.639999	0.000022
1582.680054	-46.720001	0.000021
1582.689941	-46.770000	0.000021
1582.699951	-46.740002	0.000021
1582.709961	-46.669998	0.000022
1582.719971	-46.570000	0.000022
1582.729980	-46.490002	0.000022
1582.739990	-46.459999	0.000023
1582.750000	-46.470001	0.000023
1582.760010	-46.500000	0.000022
1582.770020	-46.529999	0.000022
1582.780029	-46.580002	0.000022
1582.790039	-46.660000	0.000022
1582.800049	-46.799999	0.000021
1582.810059	-46.970001	0.000020
1582.819946	-47.160000	0.000019
1582.829956	-47.259998	0.000019
1582.839966	-47.299999	0.000019
1582.849976	-47.310001	0.000019
1582.859985	-47.320000	0.000019
1582.869995	-47.299999	0.000019
1582.880005	-47.259998	0.000019
1582.890015	-47.240002	0.000019
1582.900024	-47.220001	0.000019
1582.910034	-47.230000	0.000019
1582.920044	-47.290001	0.000019
1582.930054	-47.389999	0.000018
1582.939941	-47.529999	0.000018
1582.949951	-47.650002	0.000017
1582.959961	-47.810001	0.000017
1582.969971	-48.000000	0.000016
1582.979980	-48.200001	0.000015
1582.989990	-48.380001	0.000015
1583.000000	-48.470001	0.000014
1583.010010	-48.470001	0.000014
1583.020020	-48.430000	0.000014
1583.030029	-48.410000	0.000014
1583.040039	-48.419998	0.000014
1583.050049	-48.450001	0.000014
1583.060059	-48.520000	0.000014
1583.069946	-48.590000	0.000014
1583.079956	-48.680000	0.000014
1583.089966	-48.840000	0.000013
1583.099976	-49.070000	0.000012
1583.109985	-49.330002	0.000012
1583.119995	-49.619999	0.000011
1583.130005	-49.750000	0.000011
1583.140015	-49.810001	0.000010
1583.150024	-49.820000	0.000010
1583.160034	-49.820000	0.000010
1583.170044	-49.820000	0.000010
1583.180054	-49.810001	0.000010
1583.189941	-49.820000	0.000010
1583.199951	-49.820000	0.000010
1583.209961	-49.869999	0.000010
1583.219971	-49.950001	0.000010
1583.229980	-50.049999	0.000010
1583.239990	-50.220001	0.000010
1583.250000	-50.389999	0.000009
1583.260010	-50.580002	0.000009
1583.270020	-50.770000	0.000008
1583.280029	-50.939999	0.000008
1583.290039	-51.020000	0.000008
1583.300049	-51.000000	0.000008
1583.310059	-50.930000	0.000008
1583.319946	-50.849998	0.000008
1583.329956	-50.810001	0.000008
1583.339966	-50.810001	0.000008
1583.349976	-50.830002	0.000008
1583.359985	-50.869999	0.000008
1583.369995	-50.919998	0.000008
1583.380005	-51.009998	0.000008
1583.390015	-51.119999	0.000008
1583.400024	-51.299999	0.000007
1583.410034	-51.529999	0.000007
1583.420044	-51.669998	0.000007
1583.430054	-51.740002	0.000007
1583.439941	-51.759998	0.000007
1583.449951	-51.689999	0.000007
1583.459961	-51.610001	0.000007
1583.469971	-51.520000	0.000007
1583.479980	-51.459999	0.000007
1583.489990	-51.430000	0.000007
1583.500000	-51.430000	0.000007
1583.510010	-51.450001	0.000007
1583.520020	-51.520000	0.000007
1583.530029	-51.610001	0.000007
1583.540039	-51.790001	0.000007
1583.550049	-51.950001	0.000006
1583.560059	-52.080002	0.000006
1583.569946	-52.209999	0.000006
1583.579956	-52.259998	0.000006
1583.589966	-52.220001	0.000006
1583.599976	-52.080002	0.000006
1583.609985	-51.970001	0.000006
1583.619995	-51.869999	0.000007
1583.630005	-51.799999	0.000007
1583.640015	-51.779999	0.000007
1583.650024	-51.810001	0.000007
1583.660034	-51.869999	0.000007
1583.670044	-51.930000	0.000006
1583.680054	-52.020000	0.000006
1583.689941	-52.150002	0.000006
1583.699951	-52.310001	0.000006
1583.709961	-52.430000	0.000006
1583.719971	-52.520000	0.000006
1583.729980	-52.500000	0.000006
1583.739990	-52.400002	0.000006
1583.750000	-52.259998	0.000006
1583.760010	-52.150002	0.000006
1583.770020	-52.060001	0.000006
1583.780029	-51.990002	0.000006
1583.790039	-51.959999	0.000006
1583.800049	-51.930000	0.000006
1583.810059	-51.950001	0.000006
1583.819946	-52.009998	0.000006
1583.829956	-52.110001	0.000006
1583.839966	-52.230000	0.000006
1583.849976	-52.419998	0.000006
1583.859985	-52.549999	0.000006
1583.869995	-52.700001	0.000005
1583.880005	-52.820000	0.000005
1583.890015	-52.900002	0.000005
1583.900024	-52.939999	0.000005
1583.910034	-52.950001	0.000005
1583.920044	-52.959999	0.000005
1583.930054	-52.980000	0.000005
1583.939941	-53.060001	0.000005
1583.949951	-53.119999	0.000005
1583.959961	-53.220001	0.000005
1583.969971	-53.349998	0.000005
1583.979980	-53.580002	0.000004
1583.989990	-53.759998	0.000004
1584.000000	-53.930000	0.000004
1584.010010	-54.150002	0.000004
1584.020020	-54.439999	0.000004
1584.030029	-54.700001	0.000003
1584.040039	-54.910000	0.000003
1584.050049	-55.029999	0.000003
1584.060059	-55.040001	0.000003
1584.069946	-55.060001	0.000003
1584.079956	-55.099998	0.000003
1584.089966	-55.200001	0.000003
1584.099976	-55.330002	0.000003
1584.109985	-55.480000	0.000003
1584.119995	-55.689999	0.000003
1584.130005	-55.970001	0.000003
1584.140015	-56.400002	0.000002
1584.150024	-56.980000	0.000002
1584.160034	-57.720001	0.000002
1584.170044	-58.270000	0.000001
1584.180054	-58.669998	0.000001
1584.189941	-58.919998	0.000001
1584.199951	-59.130001	0.000001
1584.209961	-59.380001	0.000001
1584.219971	-59.459999	0.000001
1584.229980	-59.709999	0.000001
1584.239990	-59.919998	0.000001
1584.250000	-60.029999	0.000001
1584.260010	-60.290001	0.000001
1584.270020	-60.580002	0.000001
1584.280029	-60.880001	0.000001
1584.290039	-61.320000	0.000001
1584.300049	-61.709999	0.000001
1584.310059	-62.060001	0.000001
1584.319946	-62.430000	0.000001
1584.329956	-62.669998	0.000001
1584.339966	-62.770000	0.000001
1584.349976	-62.860001	0.000001
1584.359985	-62.860001	0.000001
1584.369995	-62.959999	0.000001
1584.380005	-62.939999	0.000001
1584.390015	-62.980000	0.000001
1584.400024	-63.160000	0.000000
1584.410034	-63.220001	0.000000
1584.420044	-63.439999	0.000000
1584.430054	-63.700001	0.000000
1584.439941	-63.970001	0.000000
1584.449951	-64.290001	0.000000
1584.459961	-64.769997	0.000000
1584.469971	-65.040001	0.000000
1584.479980	-65.540001	0.000000
1584.489990	-65.680000	0.000000
1584.500000	-65.980003	0.000000
1584.510010	-66.019997	0.000000
1584.520020	-66.139999	0.000000
1584.530029	-66.220001	0.000000
1584.540039	-66.370003	0.000000
1584.550049	-66.300003	0.000000
1584.560059	-66.410004	0.000000
1584.569946	-66.510002	0.000000
1584.579956	-66.730003	0.000000
1584.589966	-67.019997	0.000000
1584.599976	-67.550003	0.000000
1584.609985	-67.790001	0.000000
1584.619995	-68.089996	0.000000
1584.630005	-68.790001	0.000000
1584.640015	-68.800003	0.000000
1584.650024	-69.070000	0.000000
1584.660034	-68.940002	0.000000
1584.670044	-69.269997	0.000000
1584.680054	-69.139999	0.000000
1584.689941	-69.269997	0.000000
1584.699951	-68.980003	0.000000
1584.709961	-69.870003	0.000000
1584.719971	-69.809998	0.000000
1584.729980	-69.800003	0.000000
1584.739990	-69.900002	0.000000
1584.750000	-70.400002	0.000000
1584.760010	-71.400002	0.000000
1584.770020	-71.070000	0.000000
1584.780029	-70.860001	0.000000
1584.790039	-71.790001	0.000000
1584.800049	-71.790001	0.000000
1584.810059	-71.489998	0.000000
1584.819946	-72.730003	0.000000
1584.829956	-71.489998	0.000000
1584.839966	-72.779999	0.000000
1584.849976	-73.269997	0.000000
1584.859985	-72.129997	0.000000
1584.869995	-72.419998	0.000000
1584.880005	-72.709999	0.000000
1584.890015	-72.269997	0.000000
1584.900024	-73.410004	0.000000
1584.910034	-74.589996	0.000000
1584.920044	-75.959999	0.000000
1584.930054	-74.480003	0.000000
1584.939941	-74.180000	0.000000
1584.949951	-74.480003	0.000000
1584.959961	-75.279999	0.000000
1584.969971	-74.879997	0.000000
1584.979980	-75.040001	0.000000
1584.989990	-74.180000	0.000000
1585.000000	-74.110001	0.000000
1585.010010	-74.879997	0.000000
1585.020020	-77.059998	0.000000
1585.030029	-75.760002	0.000000
1585.040039	-77.669998	0.000000
1585.050049	-74.919998	0.000000
1585.060059	-80.260002	0.000000
1585.069946	-80.400002	0.000000
1585.079956	-76.419998	0.000000
1585.089966	-77.599998	0.000000
1585.099976	-78.919998	0.000000
1585.109985	-77.820000	0.000000
1585.119995	-75.809998	0.000000
1585.130005	-77.739998	0.000000
1585.140015	-76.529999	0.000000
1585.150024	-80.830002	0.000000
1585.160034	-75.540001	0.000000
1585.170044	-79.769997	0.000000
1585.180054	-81.650002	0.000000
1585.189941	-81.139999	0.000000
1585.199951	-77.389999	0.000000
1585.209961	-78.129997	0.000000
1585.219971	-77.320000	0.000000
1585.229980	-77.120003	0.000000
1585.239990	-78.370003	0.000000
1585.250000	-81.830002	0.000000
1585.260010	-76.639999	0.000000
1585.270020	-77.739998	0.000000
1585.280029	-77.599998	0.000000
1585.290039	-83.410004	0.000000
1585.300049	-79.540001	0.000000
1585.310059	-79.320000	0.000000
1585.319946	-79.320000	0.000000
1585.329956	-79.320000	0.000000
1585.339966	-79.010002	0.000000
1585.349976	-83.410004	0.000000
1585.359985	-210.000000	0.000000
1585.369995	-79.320000	0.000000
1585.380005	-210.000000	0.000000
1585.390015	-77.889999	0.000000
1585.400024	-81.139999	0.000000
1585.410034	-80.129997	0.000000
1585.420044	-77.320000	0.000000
1585.430054	-80.010002	0.000000
1585.439941	-80.010002	0.000000
1585.449951	-82.440002	0.000000
1585.459961	-81.300003	0.000000
1585.469971	-79.540001	0.000000
1585.479980	-80.129997	0.000000
1585.489990	-78.820000	0.000000
1585.500000	-79.000000	0.000000
1585.510010	-85.900002	0.000000
1585.520020	-77.309998	0.000000
1585.530029	-83.980003	0.000000
1585.540039	-210.000000	0.000000
1585.550049	-89.419998	0.000000
1585.560059	-210.000000	0.000000
1585.569946	-81.820000	0.000000
1585.579956	-88.449997	0.000000
1585.589966	-79.760002	0.000000
1585.599976	-210.000000	0.000000
1585.609985	-83.680000	0.000000
1585.619995	-81.459999	0.000000
1585.630005	-77.519997	0.000000
1585.640015	-210.000000	0.000000
1585.650024	-81.129997	0.000000
1585.660034	-82.220001	0.000000
1585.670044	-85.029999	0.000000
1585.680054	-78.809998	0.000000
1585.689941	-210.000000	0.000000
1585.699951	-81.639999	0.000000
1585.709961	-83.680000	0.000000
1585.719971	-88.449997	0.000000
1585.729980	-210.000000	0.000000
1585.739990	-88.449997	0.000000
1585.750000	-87.660004	0.000000
1585.760010	-90.669998	0.000000
1585.770020	-89.419998	0.000000
1585.780029	-84.300003	0.000000
1585.790039	-83.400002	0.000000
1585.800049	-84.300003	0.000000
1585.810059	-210.000000	0.000000
1585.819946	-210.000000	0.000000
1585.829956	-79.639999	0.000000
1585.839966	-210.000000	0.000000
1585.849976	-80.389999	0.000000
1585.859985	-85.440002	0.000000
1585.869995	-85.029999	0.000000
1585.880005	-85.900002	0.000000
1585.890015	-83.680000	0.000000
1585.900024	-210.000000	0.000000
1585.910034	-210.000000	0.000000
1585.920044	-84.650002	0.000000
1585.930054	-80.820000	0.000000
1585.939941	-80.669998	0.000000
1585.949951	-210.000000	0.000000
1585.959961	-210.000000	0.000000
1585.969971	-90.669998	0.000000
1585.979980	-90.669998	0.000000
1585.989990	-85.900002	0.000000
1586.000000	-210.000000	0.000000
1586.010010	-78.540001	0.000000
1586.020020	-210.000000	0.000000
1586.030029	-82.019997	0.000000
1586.040039	-85.440002	0.000000
1586.050049	-210.000000	0.000000
1586.060059	-210.000000	0.000000
1586.069946	-210.000000	0.000000
1586.079956	-210.000000	0.000000
1586.089966	-83.980003	0.000000
1586.099976	-85.029999	0.000000
1586.109985	-85.900002	0.000000
1586.119995	-79.639999	0.000000
1586.130005	-210.000000	0.000000
1586.140015	-85.900002	0.000000
1586.150024	-210.000000	0.000000
1586.160034	-210.000000	0.000000
1586.170044	-210.000000	0.000000
1586.180054	-210.000000	0.000000
1586.189941	-210.000000	0.000000
1586.199951	-210.000000	0.000000
1586.209961	-210.000000	0.000000
1586.219971	-210.000000	0.000000
1586.229980	-77.180000	0.000000
1586.239990	-210.000000	0.000000
1586.250000	-210.000000	0.000000
1586.260010	-210.000000	0.000000
1586.270020	-86.989998	0.000000
1586.280029	-210.000000	0.000000
1586.290039	-79.099998	0.000000
1586.300049	-210.000000	0.000000
1586.310059	-87.660004	0.000000
1586.319946	-210.000000	0.000000
1586.329956	-88.449997	0.000000
1586.339966	-210.000000	0.000000
1586.349976	-80.389999	0.000000
1586.359985	-82.220001	0.000000
1586.369995	-80.389999	0.000000
1586.380005	-210.000000	0.000000
1586.390015	-89.419998	0.000000
1586.400024	-210.000000	0.000000
1586.410034	-210.000000	0.000000
1586.420044	-210.000000	0.000000
1586.430054	-210.000000	0.000000
1586.439941	-210.000000	0.000000
1586.449951	-95.440002	0.000000
1586.459961	-92.430000	0.000000
1586.469971	-210.000000	0.000000
1586.479980	-84.300003	0.000000
1586.489990	-210.000000	0.000000
1586.500000	-210.000000	0.000000
1586.510010	-210.000000	0.000000
1586.520020	-85.900002	0.000000
1586.530029	-210.000000	0.000000
1586.540039	-210.000000	0.000000
1586.550049	-210.000000	0.000000
1586.560059	-87.660004	0.000000
1586.569946	-83.129997	0.000000
1586.579956	-87.660004	0.000000
1586.589966	-80.669998	0.000000
1586.599976	-210.000000	0.000000
1586.609985	-210.000000	0.000000
1586.619995	-210.000000	0.000000
1586.630005	-210.000000	0.000000
1586.640015	-210.000000	0.000000
1586.650024	-83.680000	0.000000
1586.660034	-210.000000	0.000000
1586.670044	-82.650002	0.000000
1586.680054	-210.000000	0.000000
1586.689941	-210.000000	0.000000
1586.699951	-210.000000	0.000000
1586.709961	-80.970001	0.000000
1586.719971	-82.430000	0.000000
1586.729980	-81.820000	0.000000
1586.739990	-83.400002	0.000000
1586.750000	-81.820000	0.000000
1586.760010	-83.129997	0.000000
1586.770020	-79.879997	0.000000
1586.780029	-210.000000	0.000000
1586.790039	-80.120003	0.000000
1586.800049	-87.660004	0.000000
1586.810059	-210.000000	0.000000
1586.819946	-82.430000	0.000000
1586.829956	-210.000000	0.000000
1586.839966	-80.820000	0.000000
1586.849976	-210.000000	0.000000
1586.859985	-210.000000	0.000000
1586.869995	-210.000000	0.000000
1586.880005	-210.000000	0.000000
1586.890015	-77.959999	0.000000
1586.900024	-79.879997	0.000000
1586.910034	-210.000000	0.000000
1586.920044	-92.430000	0.000000
1586.930054	-78.910004	0.000000
1586.939941	-210.000000	0.000000
1586.949951	-210.000000	0.000000
1586.959961	-210.000000	0.000000
1586.969971	-210.000000	0.000000
1586.979980	-210.000000	0.000000
1586.989990	-80.970001	0.000000
1587.000000	-210.000000	0.000000
