Wavelength (nm)	Transmission (dBm)	Linear Transmission
1577.000000	-79.879997	0.000000
1577.010010	-210.000000	0.000000
1577.020020	-210.000000	0.000000
1577.030029	-85.900002	0.000000
1577.040039	-80.000000	0.000000
1577.050049	-210.000000	0.000000
1577.060059	-210.000000	0.000000
1577.069946	-90.669998	0.000000
1577.079956	-80.529999	0.000000
1577.089966	-210.000000	0.000000
1577.099976	-95.440002	0.000000
1577.109985	-87.660004	0.000000
1577.119995	-210.000000	0.000000
1577.130005	-85.440002	0.000000
1577.140015	-210.000000	0.000000
1577.150024	-210.000000	0.000000
1577.160034	-82.889999	0.000000
1577.170044	-210.000000	0.000000
1577.180054	-210.000000	0.000000
1577.189941	-210.000000	0.000000
1577.199951	-210.000000	0.000000
1577.209961	-210.000000	0.000000
1577.219971	-83.680000	0.000000
1577.229980	-81.459999	0.000000
1577.239990	-210.000000	0.000000
1577.250000	-210.000000	0.000000
1577.260010	-82.430000	0.000000
1577.270020	-210.000000	0.000000
1577.280029	-210.000000	0.000000
1577.290039	-210.000000	0.000000
1577.300049	-210.000000	0.000000
1577.310059	-210.000000	0.000000
1577.319946	-85.029999	0.000000
1577.329956	-210.000000	0.000000
1577.339966	-84.300003	0.000000
1577.349976	-77.660004	0.000000
1577.359985	-81.639999	0.000000
1577.369995	-210.000000	0.000000
1577.380005	-210.000000	0.000000
1577.390015	-82.650002	0.000000
1577.400024	-210.000000	0.000000
1577.410034	-86.989998	0.000000
1577.420044	-210.000000	0.000000
1577.430054	-210.000000	0.000000
1577.439941	-210.000000	0.000000
1577.449951	-210.000000	0.000000
1577.459961	-83.680000	0.000000
1577.469971	-83.129997	0.000000
1577.479980	-210.000000	0.000000
1577.489990	-210.000000	0.000000
1577.500000	-210.000000	0.000000
1577.510010	-210.000000	0.000000
1577.520020	-210.000000	0.000000
1577.530029	-210.000000	0.000000
1577.540039	-85.440002	0.000000
1577.550049	-83.400002	0.000000
1577.560059	-210.000000	0.000000
1577.569946	-210.000000	0.000000
1577.579956	-86.989998	0.000000
1577.589966	-210.000000	0.000000
1577.599976	-90.669998	0.000000
1577.609985	-210.000000	0.000000
1577.619995	-89.419998	0.000000
1577.630005	-210.000000	0.000000
1577.640015	-210.000000	0.000000
1577.650024	-210.000000	0.000000
1577.660034	-80.389999	0.000000
1577.670044	-85.440002	0.000000
1577.680054	-210.000000	0.000000
1577.689941	-210.000000	0.000000
1577.699951	-210.000000	0.000000
1577.709961	-210.000000	0.000000
1577.719971	-83.129997	0.000000
1577.729980	-210.000000	0.000000
1577.739990	-210.000000	0.000000
1577.750000	-210.000000	0.000000
1577.760010	-210.000000	0.000000
1577.770020	-210.000000	0.000000
1577.780029	-85.900002	0.000000
1577.790039	-210.000000	0.000000
1577.800049	-210.000000	0.000000
1577.810059	-210.000000	0.000000
1577.819946	-210.000000	0.000000
1577.829956	-210.000000	0.000000
1577.839966	-210.000000	0.000000
1577.849976	-210.000000	0.000000
1577.859985	-210.000000	0.000000
1577.869995	-80.820000	0.000000
1577.880005	-210.000000	0.000000
1577.890015	-84.650002	0.000000
1577.900024	-78.540001	0.000000
1577.910034	-87.660004	0.000000
1577.920044	-95.440002	0.000000
1577.930054	-82.220001	0.000000
1577.939941	-87.660004	0.000000
1577.949951	-210.000000	0.000000
1577.959961	-210.000000	0.000000
1577.969971	-85.900002	0.000000
1577.979980	-210.000000	0.000000
1577.989990	-210.000000	0.000000
1578.000000	-210.000000	0.000000
1578.010010	-89.430000	0.000000
1578.020020	-90.680000	0.000000
1578.030029	-90.680000	0.000000
1578.040039	-78.820000	0.000000
1578.050049	-85.040001	0.000000
1578.060059	-210.000000	0.000000
1578.069946	-87.000000	0.000000
1578.079956	-210.000000	0.000000
1578.089966	-210.000000	0.000000
1578.099976	-210.000000	0.000000
1578.109985	-85.910004	0.000000
1578.119995	-90.680000	0.000000
1578.130005	-210.000000	0.000000
1578.140015	-210.000000	0.000000
1578.150024	-90.680000	0.000000
1578.160034	-210.000000	0.000000
1578.170044	-92.440002	0.000000
1578.180054	-210.000000	0.000000
1578.189941	-210.000000	0.000000
1578.199951	-210.000000	0.000000
1578.209961	-90.680000	0.000000
1578.219971	-210.000000	0.000000
1578.229980	-89.430000	0.000000
1578.239990	-88.459999	0.000000
1578.250000	-79.220001	0.000000
1578.260010	-82.900002	0.000000
1578.270020	-210.000000	0.000000
1578.280029	-81.650002	0.000000
1578.290039	-210.000000	0.000000
1578.300049	-210.000000	0.000000
1578.310059	-210.000000	0.000000
1578.319946	-210.000000	0.000000
1578.329956	-84.660004	0.000000
1578.339966	-210.000000	0.000000
1578.349976	-210.000000	0.000000
1578.359985	-210.000000	0.000000
1578.369995	-210.000000	0.000000
1578.380005	-210.000000	0.000000
1578.390015	-83.690002	0.000000
1578.400024	-83.410004	0.000000
1578.410034	-79.889999	0.000000
1578.420044	-85.910004	0.000000
1578.430054	-210.000000	0.000000
1578.439941	-79.110001	0.000000
1578.449951	-85.040001	0.000000
1578.459961	-86.419998	0.000000
1578.469971	-82.440002	0.000000
1578.479980	-210.000000	0.000000
1578.489990	-210.000000	0.000000
1578.500000	-210.000000	0.000000
1578.510010	-89.430000	0.000000
1578.520020	-85.910004	0.000000
1578.530029	-82.900002	0.000000
1578.540039	-210.000000	0.000000
1578.550049	-210.000000	0.000000
1578.560059	-210.000000	0.000000
1578.569946	-210.000000	0.000000
1578.579956	-81.470001	0.000000
1578.589966	-79.889999	0.000000
1578.599976	-82.029999	0.000000
1578.609985	-80.260002	0.000000
1578.619995	-210.000000	0.000000
1578.630005	-210.000000	0.000000
1578.640015	-210.000000	0.000000
1578.650024	-83.989998	0.000000
1578.660034	-78.919998	0.000000
1578.670044	-85.910004	0.000000
1578.680054	-210.000000	0.000000
1578.689941	-82.900002	0.000000
1578.699951	-86.419998	0.000000
1578.709961	-80.260002	0.000000
1578.719971	-81.650002	0.000000
1578.729980	-82.230003	0.000000
1578.739990	-210.000000	0.000000
1578.750000	-78.639999	0.000000
1578.760010	-210.000000	0.000000
1578.770020	-85.040001	0.000000
1578.780029	-210.000000	0.000000
1578.790039	-210.000000	0.000000
1578.800049	-210.000000	0.000000
1578.810059	-81.650002	0.000000
1578.819946	-210.000000	0.000000
1578.829956	-79.650002	0.000000
1578.839966	-80.830002	0.000000
1578.849976	-79.889999	0.000000
1578.859985	-210.000000	0.000000
1578.869995	-83.989998	0.000000
1578.880005	-78.639999	0.000000
1578.890015	-78.290001	0.000000
1578.900024	-81.300003	0.000000
1578.910034	-79.110001	0.000000
1578.920044	-81.830002	0.000000
1578.930054	-81.139999	0.000000
1578.939941	-78.050003	0.000000
1578.949951	-79.010002	0.000000
1578.959961	-79.010002	0.000000
1578.969971	-78.820000	0.000000
1578.979980	-79.650002	0.000000
1578.989990	-77.459999	0.000000
1579.000000	-77.000000	0.000000
1579.010010	-77.970001	0.000000
1579.020020	-79.320000	0.000000
1579.030029	-76.820000	0.000000
1579.040039	-77.120003	0.000000
1579.050049	-80.010002	0.000000
1579.060059	-82.029999	0.000000
1579.069946	-78.820000	0.000000
1579.079956	-76.470001	0.000000
1579.089966	-76.260002	0.000000
1579.099976	-76.470001	0.000000
1579.109985	-79.540001	0.000000
1579.119995	-76.470001	0.000000
1579.130005	-75.410004	0.000000
1579.140015	-76.260002	0.000000
1579.150024	-76.529999	0.000000
1579.160034	-76.309998	0.000000
1579.170044	-73.930000	0.000000
1579.180054	-75.959999	0.000000
1579.189941	-74.309998	0.000000
1579.199951	-74.339996	0.000000
1579.209961	-75.540001	0.000000
1579.219971	-75.540001	0.000000
1579.229980	-75.199997	0.000000
1579.239990	-74.410004	0.000000
1579.250000	-73.989998	0.000000
1579.260010	-72.750000	0.000000
1579.270020	-72.660004	0.000000
1579.280029	-72.919998	0.000000
1579.290039	-73.269997	0.000000
1579.300049	-72.709999	0.000000
1579.310059	-72.459999	0.000000
1579.319946	-73.250000	0.000000
1579.329956	-72.169998	0.000000
1579.339966	-72.129997	0.000000
1579.349976	-72.040001	0.000000
1579.359985	-71.199997	0.000000
1579.369995	-71.370003	0.000000
1579.380005	-71.519997	0.000000
1579.390015	-71.300003	0.000000
1579.400024	-71.099998	0.000000
1579.410034	-70.610001	0.000000
1579.420044	-70.750000	0.000000
1579.430054	-70.320000	0.000000
1579.439941	-70.019997	0.000000
1579.449951	-70.059998	0.000000
1579.459961	-70.220001	0.000000
1579.469971	-69.690002	0.000000
1579.479980	-69.889999	0.000000
1579.489990	-69.449997	0.000000
1579.500000	-70.070000	0.000000
1579.510010	-69.650002	0.000000
1579.520020	-69.239998	0.000000
1579.530029	-68.589996	0.000000
1579.540039	-68.699997	0.000000
1579.550049	-68.089996	0.000000
1579.560059	-68.169998	0.000000
1579.569946	-68.040001	0.000000
1579.579956	-67.790001	0.000000
1579.589966	-67.879997	0.000000
1579.599976	-67.730003	0.000000
1579.609985	-67.639999	0.000000
1579.619995	-67.739998	0.000000
1579.630005	-68.150002	0.000000
1579.640015	-67.430000	0.000000
1579.650024	-67.410004	0.000000
1579.660034	-67.110001	0.000000
1579.670044	-67.260002	0.000000
1579.680054	-66.930000	0.000000
1579.689941	-66.949997	0.000000
1579.699951	-66.419998	0.000000
1579.709961	-66.250000	0.000000
1579.719971	-66.120003	0.000000
1579.729980	-65.940002	0.000000
1579.739990	-65.610001	0.000000
1579.750000	-65.400002	0.000000
1579.760010	-65.220001	0.000000
1579.770020	-65.190002	0.000000
1579.780029	-64.930000	0.000000
1579.790039	-64.820000	0.000000
1579.800049	-64.900002	0.000000
1579.810059	-64.849998	0.000000
1579.819946	-64.720001	0.000000
1579.829956	-64.660004	0.000000
1579.839966	-64.629997	0.000000
1579.849976	-64.589996	0.000000
1579.859985	-64.519997	0.000000
1579.869995	-64.349998	0.000000
1579.880005	-64.000000	0.000000
1579.890015	-63.790001	0.000000
1579.900024	-63.529999	0.000000
1579.910034	-63.389999	0.000000
1579.920044	-63.160000	0.000000
1579.930054	-63.020000	0.000000
1579.939941	-62.799999	0.000001
1579.949951	-62.750000	0.000001
1579.959961	-62.779999	0.000001
1579.969971	-62.650002	0.000001
1579.979980	-62.570000	0.000001
1579.989990	-62.570000	0.000001
1580.000000	-62.439999	0.000001
1580.010010	-62.340000	0.000001
1580.020020	-62.240002	0.000001
1580.030029	-62.209999	0.000001
1580.040039	-61.980000	0.000001
1580.050049	-61.869999	0.000001
1580.060059	-61.580002	0.000001
1580.069946	-61.520000	0.000001
1580.079956	-61.310001	0.000001
1580.089966	-61.110001	0.000001
1580.099976	-60.939999	0.000001
1580.109985	-60.799999	0.000001
1580.119995	-60.540001	0.000001
1580.130005	-60.389999	0.000001
1580.140015	-60.340000	0.000001
1580.150024	-60.250000	0.000001
1580.160034	-60.139999	0.000001
1580.170044	-60.099998	0.000001
1580.180054	-59.980000	0.000001
1580.189941	-59.840000	0.000001
1580.199951	-59.810001	0.000001
1580.209961	-59.709999	0.000001
1580.219971	-59.610001	0.000001
1580.229980	-59.439999	0.000001
1580.239990	-59.180000	0.000001
1580.250000	-59.009998	0.000001
1580.260010	-58.810001	0.000001
1580.270020	-58.500000	0.000001
1580.280029	-58.299999	0.000001
1580.290039	-58.099998	0.000002
1580.300049	-57.860001	0.000002
1580.310059	-57.750000	0.000002
1580.319946	-57.709999	0.000002
1580.329956	-57.619999	0.000002
1580.339966	-57.549999	0.000002
1580.349976	-57.459999	0.000002
1580.359985	-57.349998	0.000002
1580.369995	-57.320000	0.000002
1580.380005	-57.279999	0.000002
1580.390015	-57.220001	0.000002
1580.400024	-57.150002	0.000002
1580.410034	-57.029999	0.000002
1580.420044	-56.939999	0.000002
1580.430054	-56.810001	0.000002
1580.439941	-56.650002	0.000002
1580.449951	-56.540001	0.000002
1580.459961	-56.360001	0.000002
1580.469971	-56.090000	0.000002
1580.479980	-55.910000	0.000003
1580.489990	-55.759998	0.000003
1580.500000	-55.639999	0.000003
1580.510010	-55.540001	0.000003
1580.520020	-55.450001	0.000003
1580.530029	-55.360001	0.000003
1580.540039	-55.259998	0.000003
1580.550049	-55.230000	0.000003
1580.560059	-55.169998	0.000003
1580.569946	-55.090000	0.000003
1580.579956	-54.959999	0.000003
1580.589966	-54.779999	0.000003
1580.599976	-54.529999	0.000004
1580.609985	-54.290001	0.000004
1580.619995	-54.090000	0.000004
1580.630005	-53.900002	0.000004
1580.640015	-53.740002	0.000004
1580.650024	-53.599998	0.000004
1580.660034	-53.450001	0.000005
1580.670044	-53.349998	0.000005
1580.680054	-53.290001	0.000005
1580.689941	-53.230000	0.000005
1580.699951	-53.119999	0.000005
1580.709961	-53.029999	0.000005
1580.719971	-52.970001	0.000005
1580.729980	-52.869999	0.000005
1580.739990	-52.770000	0.000005
1580.750000	-52.610001	0.000005
1580.760010	-52.419998	0.000006
1580.770020	-52.139999	0.000006
1580.780029	-51.970001	0.000006
1580.790039	-51.840000	0.000007
1580.800049	-51.779999	0.000007
1580.810059	-51.730000	0.000007
1580.819946	-51.669998	0.000007
1580.829956	-51.610001	0.000007
1580.839966	-51.560001	0.000007
1580.849976	-51.529999	0.000007
1580.859985	-51.509998	0.000007
1580.869995	-51.450001	0.000007
1580.880005	-51.340000	0.000007
1580.890015	-51.119999	0.000008
1580.900024	-50.939999	0.000008
1580.910034	-50.740002	0.000008
1580.920044	-50.540001	0.000009
1580.930054	-50.389999	0.000009
1580.939941	-50.270000	0.000009
1580.949951	-50.180000	0.000010
1580.959961	-50.090000	0.000010
1580.969971	-50.040001	0.000010
1580.979980	-49.990002	0.000010
1580.989990	-49.950001	0.000010
1581.000000	-49.939999	0.000010
1581.010010	-49.950001	0.000010
1581.020020	-49.919998	0.000010
1581.030029	-49.869999	0.000010
1581.040039	-49.770000	0.000011
1581.050049	-49.650002	0.000011
1581.060059	-49.509998	0.000011
1581.069946	-49.360001	0.000012
1581.079956	-49.209999	0.000012
1581.089966	-49.110001	0.000012
1581.099976	-49.040001	0.000012
1581.109985	-49.000000	0.000013
1581.119995	-48.990002	0.000013
1581.130005	-49.000000	0.000013
1581.140015	-49.020000	0.000013
1581.150024	-49.040001	0.000012
1581.160034	-49.040001	0.000012
1581.170044	-49.040001	0.000012
1581.180054	-49.040001	0.000012
1581.189941	-48.980000	0.000013
1581.199951	-48.889999	0.000013
1581.209961	-48.759998	0.000013
1581.219971	-48.660000	0.000014
1581.229980	-48.570000	0.000014
1581.239990	-48.520000	0.000014
1581.250000	-48.509998	0.000014
1581.260010	-48.500000	0.000014
1581.270020	-48.490002	0.000014
1581.280029	-48.490002	0.000014
1581.290039	-48.520000	0.000014
1581.300049	-48.560001	0.000014
1581.310059	-48.619999	0.000014
1581.319946	-48.650002	0.000014
1581.329956	-48.639999	0.000014
1581.339966	-48.590000	0.000014
1581.349976	-48.520000	0.000014
1581.359985	-48.430000	0.000014
1581.369995	-48.340000	0.000015
1581.380005	-48.270000	0.000015
1581.390015	-48.209999	0.000015
1581.400024	-48.150002	0.000015
1581.410034	-48.130001	0.000015
1581.420044	-48.150002	0.000015
1581.430054	-48.180000	0.000015
1581.439941	-48.220001	0.000015
1581.449951	-48.240002	0.000015
1581.459961	-48.290001	0.000015
1581.469971	-48.330002	0.000015
1581.479980	-48.360001	0.000015
1581.489990	-48.340000	0.000015
1581.500000	-48.290001	0.000015
1581.510010	-48.200001	0.000015
1581.520020	-48.060001	0.000016
1581.530029	-47.970001	0.000016
1581.540039	-47.910000	0.000016
1581.550049	-47.880001	0.000016
1581.560059	-47.849998	0.000016
1581.569946	-47.840000	0.000016
1581.579956	-47.830002	0.000016
1581.589966	-47.849998	0.000016
1581.599976	-47.889999	0.000016
1581.609985	-47.950001	0.000016
1581.619995	-47.980000	0.000016
1581.630005	-47.980000	0.000016
1581.640015	-47.900002	0.000016
1581.650024	-47.799999	0.000017
1581.660034	-47.700001	0.000017
1581.670044	-47.599998	0.000017
1581.680054	-47.509998	0.000018
1581.689941	-47.439999	0.000018
1581.699951	-47.360001	0.000018
1581.709961	-47.340000	0.000018
1581.719971	-47.349998	0.000018
1581.729980	-47.369999	0.000018
1581.739990	-47.389999	0.000018
1581.750000	-47.419998	0.000018
1581.760010	-47.450001	0.000018
1581.770020	-47.450001	0.000018
1581.780029	-47.439999	0.000018
1581.790039	-47.410000	0.000018
1581.800049	-47.320000	0.000019
1581.810059	-47.200001	0.000019
1581.819946	-47.060001	0.000020
1581.829956	-46.970001	0.000020
1581.839966	-46.930000	0.000020
1581.849976	-46.900002	0.000020
1581.859985	-46.880001	0.000021
1581.869995	-46.869999	0.000021
1581.880005	-46.860001	0.000021
1581.890015	-46.880001	0.000021
1581.900024	-46.939999	0.000020
1581.910034	-46.980000	0.000020
1581.920044	-47.009998	0.000020
1581.930054	-47.000000	0.000020
1581.939941	-46.959999	0.000020
1581.949951	-46.900002	0.000020
1581.959961	-46.830002	0.000021
1581.969971	-46.779999	0.000021
1581.979980	-46.709999	0.000021
1581.989990	-46.650002	0.000022
1582.000000	-46.580002	0.000022
1582.010010	-46.580002	0.000022
1582.020020	-46.599998	0.000022
1582.030029	-46.639999	0.000022
1582.040039	-46.689999	0.000021
1582.050049	-46.759998	0.000021
1582.060059	-46.820000	0.000021
1582.069946	-46.889999	0.000020
1582.079956	-46.959999	0.000020
1582.089966	-47.000000	0.000020
1582.099976	-47.000000	0.000020
1582.109985	-46.939999	0.000020
1582.119995	-46.880001	0.000021
1582.130005	-46.849998	0.000021
1582.140015	-46.840000	0.000021
1582.150024	-46.840000	0.000021
1582.160034	-46.849998	0.000021
1582.170044	-46.880001	0.000021
1582.180054	-46.919998	0.000020
1582.189941	-47.020000	0.000020
1582.199951	-47.150002	0.000019
1582.209961	-47.270000	0.000019
1582.219971	-47.369999	0.000018
1582.229980	-47.419998	0.000018
1582.239990	-47.410000	0.000018
1582.250000	-47.380001	0.000018
1582.260010	-47.340000	0.000018
1582.270020	-47.299999	0.000019
1582.280029	-47.250000	0.000019
1582.290039	-47.189999	0.000019
1582.300049	-47.150002	0.000019
1582.310059	-47.160000	0.000019
1582.319946	-47.220001	0.000019
1582.329956	-47.310001	0.000019
1582.339966	-47.410000	0.000018
1582.349976	-47.509998	0.000018
1582.359985	-47.590000	0.000017
1582.369995	-47.650002	0.000017
1582.380005	-47.740002	0.000017
1582.390015	-47.779999	0.000017
1582.400024	-47.750000	0.000017
1582.410034	-47.610001	0.000017
1582.420044	-47.490002	0.000018
1582.430054	-47.400002	0.000018
1582.439941	-47.349998	0.000018
1582.449951	-47.330002	0.000018
1582.459961	-47.310001	0.000019
1582.469971	-47.299999	0.000019
1582.479980	-47.299999	0.000019
1582.489990	-47.349998	0.000018
1582.500000	-47.439999	0.000018
1582.510010	-47.529999	0.000018
1582.520020	-47.580002	0.000017
1582.530029	-47.590000	0.000017
1582.540039	-47.549999	0.000018
1582.550049	-47.490002	0.000018
1582.560059	-47.450001	0.000018
1582.569946	-47.360001	0.000018
1582.579956	-47.250000	0.000019
1582.589966	-47.099998	0.000019
1582.599976	-47.020000	0.000020
1582.609985	-47.009998	0.000020
1582.619995	-47.029999	0.000020
1582.630005	-47.090000	0.000020
1582.640015	-47.160000	0.000019
1582.650024	-47.200001	0.000019
1582.660034	-47.259998	0.000019
1582.670044	-47.349998	0.000018
1582.680054	-47.430000	0.000018
1582.689941	-47.450001	0.000018
1582.699951	-47.389999	0.000018
1582.709961	-47.270000	0.000019
1582.719971	-47.160000	0.000019
1582.729980	-47.090000	0.000020
1582.739990	-47.080002	0.000020
1582.750000	-47.070000	0.000020
1582.760010	-47.070000	0.000020
1582.770020	-47.070000	0.000020
1582.780029	-47.110001	0.000019
1582.790039	-47.200001	0.000019
1582.800049	-47.349998	0.000018
1582.810059	-47.500000	0.000018
1582.819946	-47.639999	0.000017
1582.829956	-47.709999	0.000017
1582.839966	-47.740002	0.000017
1582.849976	-47.770000	0.000017
1582.859985	-47.770000	0.000017
1582.869995	-47.740002	0.000017
1582.880005	-47.669998	0.000017
1582.890015	-47.619999	0.000017
1582.900024	-47.599998	0.000017
1582.910034	-47.639999	0.000017
1582.920044	-47.709999	0.000017
1582.930054	-47.790001	0.000017
1582.939941	-47.889999	0.000016
1582.949951	-47.970001	0.000016
1582.959961	-48.130001	0.000015
1582.969971	-48.330002	0.000015
1582.979980	-48.540001	0.000014
1582.989990	-48.680000	0.000014
1583.000000	-48.740002	0.000013
1583.010010	-48.700001	0.000013
1583.020020	-48.669998	0.000014
1583.030029	-48.669998	0.000014
1583.040039	-48.680000	0.000014
1583.050049	-48.709999	0.000013
1583.060059	-48.740002	0.000013
1583.069946	-48.779999	0.000013
1583.079956	-48.880001	0.000013
1583.089966	-49.049999	0.000012
1583.099976	-49.270000	0.000012
1583.109985	-49.490002	0.000011
1583.119995	-49.740002	0.000011
1583.130005	-49.840000	0.000010
1583.140015	-49.889999	0.000010
1583.150024	-49.930000	0.000010
1583.160034	-49.919998	0.000010
1583.170044	-49.880001	0.000010
1583.180054	-49.830002	0.000010
1583.189941	-49.820000	0.000010
1583.199951	-49.830002	0.000010
1583.209961	-49.900002	0.000010
1583.219971	-49.980000	0.000010
1583.229980	-50.070000	0.000010
1583.239990	-50.200001	0.000010
1583.250000	-50.320000	0.000009
1583.260010	-50.509998	0.000009
1583.270020	-50.709999	0.000008
1583.280029	-50.860001	0.000008
1583.290039	-50.910000	0.000008
1583.300049	-50.849998	0.000008
1583.310059	-50.740002	0.000008
1583.319946	-50.689999	0.000009
1583.329956	-50.660000	0.000009
1583.339966	-50.650002	0.000009
1583.349976	-50.650002	0.000009
1583.359985	-50.650002	0.000009
1583.369995	-50.680000	0.000009
1583.380005	-50.770000	0.000008
1583.390015	-50.900002	0.000008
1583.400024	-51.070000	0.000008
1583.410034	-51.250000	0.000007
1583.420044	-51.349998	0.000007
1583.430054	-51.419998	0.000007
1583.439941	-51.439999	0.000007
1583.449951	-51.389999	0.000007
1583.459961	-51.299999	0.000007
1583.469971	-51.189999	0.000008
1583.479980	-51.070000	0.000008
1583.489990	-51.040001	0.000008
1583.500000	-51.049999	0.000008
1583.510010	-51.080002	0.000008
1583.520020	-51.130001	0.000008
1583.530029	-51.209999	0.000008
1583.540039	-51.320000	0.000007
1583.550049	-51.450001	0.000007
1583.560059	-51.630001	0.000007
1583.569946	-51.750000	0.000007
1583.579956	-51.770000	0.000007
1583.589966	-51.709999	0.000007
1583.599976	-51.529999	0.000007
1583.609985	-51.410000	0.000007
1583.619995	-51.330002	0.000007
1583.630005	-51.270000	0.000007
1583.640015	-51.240002	0.000008
1583.650024	-51.250000	0.000007
1583.660034	-51.270000	0.000007
1583.670044	-51.330002	0.000007
1583.680054	-51.439999	0.000007
1583.689941	-51.580002	0.000007
1583.699951	-51.700001	0.000007
1583.709961	-51.790001	0.000007
1583.719971	-51.840000	0.000007
1583.729980	-51.810001	0.000007
1583.739990	-51.709999	0.000007
1583.750000	-51.610001	0.000007
1583.760010	-51.480000	0.000007
1583.770020	-51.360001	0.000007
1583.780029	-51.259998	0.000007
1583.790039	-51.209999	0.000008
1583.800049	-51.220001	0.000008
1583.810059	-51.250000	0.000007
1583.819946	-51.290001	0.000007
1583.829956	-51.349998	0.000007
1583.839966	-51.430000	0.000007
1583.849976	-51.590000	0.000007
1583.859985	-51.750000	0.000007
1583.869995	-51.900002	0.000006
1583.880005	-51.990002	0.000006
1583.890015	-52.029999	0.000006
1583.900024	-52.029999	0.000006
1583.910034	-52.020000	0.000006
1583.920044	-52.040001	0.000006
1583.930054	-52.070000	0.000006
1583.939941	-52.099998	0.000006
1583.949951	-52.160000	0.000006
1583.959961	-52.200001	0.000006
1583.969971	-52.299999	0.000006
1583.979980	-52.490002	0.000006
1583.989990	-52.689999	0.000005
1584.000000	-52.880001	0.000005
1584.010010	-53.099998	0.000005
1584.020020	-53.380001	0.000005
1584.030029	-53.610001	0.000004
1584.040039	-53.759998	0.000004
1584.050049	-53.820000	0.000004
1584.060059	-53.840000	0.000004
1584.069946	-53.889999	0.000004
1584.079956	-53.970001	0.000004
1584.089966	-54.040001	0.000004
1584.099976	-54.139999	0.000004
1584.109985	-54.240002	0.000004
1584.119995	-54.439999	0.000004
1584.130005	-54.759998	0.000003
1584.140015	-55.139999	0.000003
1584.150024	-55.639999	0.000003
1584.160034	-56.290001	0.000002
1584.170044	-56.709999	0.000002
1584.180054	-57.070000	0.000002
1584.189941	-57.320000	0.000002
1584.199951	-57.470001	0.000002
1584.209961	-57.639999	0.000002
1584.219971	-57.770000	0.000002
1584.229980	-57.910000	0.000002
1584.239990	-58.070000	0.000002
1584.250000	-58.240002	0.000001
1584.260010	-58.490002	0.000001
1584.270020	-58.759998	0.000001
1584.280029	-59.060001	0.000001
1584.290039	-59.369999	0.000001
1584.300049	-59.709999	0.000001
1584.310059	-60.049999	0.000001
1584.319946	-60.369999	0.000001
1584.329956	-60.639999	0.000001
1584.339966	-60.790001	0.000001
1584.349976	-60.750000	0.000001
1584.359985	-60.860001	0.000001
1584.369995	-60.980000	0.000001
1584.380005	-60.970001	0.000001
1584.390015	-61.099998	0.000001
1584.400024	-61.209999	0.000001
1584.410034	-61.209999	0.000001
1584.420044	-61.430000	0.000001
1584.430054	-61.610001	0.000001
1584.439941	-61.990002	0.000001
1584.449951	-62.279999	0.000001
1584.459961	-62.599998	0.000001
1584.469971	-62.919998	0.000001
1584.479980	-63.200001	0.000000
1584.489990	-63.369999	0.000000
1584.500000	-63.439999	0.000000
1584.510010	-63.680000	0.000000
1584.520020	-63.720001	0.000000
1584.530029	-63.840000	0.000000
1584.540039	-64.000000	0.000000
1584.550049	-63.910000	0.000000
1584.560059	-64.070000	0.000000
1584.569946	-64.190002	0.000000
1584.579956	-64.370003	0.000000
1584.589966	-64.660004	0.000000
1584.599976	-64.989998	0.000000
1584.609985	-65.519997	0.000000
1584.619995	-65.800003	0.000000
1584.630005	-66.139999	0.000000
1584.640015	-66.110001	0.000000
1584.650024	-66.510002	0.000000
1584.660034	-66.209999	0.000000
1584.670044	-66.440002	0.000000
1584.680054	-66.599998	0.000000
1584.689941	-66.500000	0.000000
1584.699951	-66.760002	0.000000
1584.709961	-66.730003	0.000000
1584.719971	-66.930000	0.000000
1584.729980	-67.099998	0.000000
1584.739990	-67.180000	0.000000
1584.750000	-67.459999	0.000000
1584.760010	-68.389999	0.000000
1584.770020	-68.239998	0.000000
1584.780029	-68.370003	0.000000
1584.790039	-68.629997	0.000000
1584.800049	-68.739998	0.000000
1584.810059	-68.870003	0.000000
1584.819946	-69.120003	0.000000
1584.829956	-68.690002	0.000000
1584.839966	-68.750000	0.000000
1584.849976	-68.809998	0.000000
1584.859985	-69.190002	0.000000
1584.869995	-69.099998	0.000000
1584.880005	-69.470001	0.000000
1584.890015	-69.279999	0.000000
1584.900024	-69.809998	0.000000
1584.910034	-70.680000	0.000000
1584.920044	-70.489998	0.000000
1584.930054	-70.750000	0.000000
1584.939941	-70.449997	0.000000
1584.949951	-70.709999	0.000000
1584.959961	-70.750000	0.000000
1584.969971	-70.750000	0.000000
1584.979980	-70.550003	0.000000
1584.989990	-71.540001	0.000000
1585.000000	-72.209999	0.000000
1585.010010	-71.349998	0.000000
1585.020020	-70.949997	0.000000
1585.030029	-71.559998	0.000000
1585.040039	-72.440002	0.000000
1585.050049	-71.809998	0.000000
1585.060059	-71.540001	0.000000
1585.069946	-72.550003	0.000000
1585.079956	-72.970001	0.000000
1585.089966	-72.820000	0.000000
1585.099976	-72.820000	0.000000
1585.109985	-73.720001	0.000000
1585.119995	-73.959999	0.000000
1585.130005	-73.349998	0.000000
1585.140015	-72.059998	0.000000
1585.150024	-73.139999	0.000000
1585.160034	-72.639999	0.000000
1585.170044	-74.279999	0.000000
1585.180054	-73.089996	0.000000
1585.189941	-73.220001	0.000000
1585.199951	-74.019997	0.000000
1585.209961	-73.750000	0.000000
1585.219971	-73.959999	0.000000
1585.229980	-75.040001	0.000000
1585.239990	-75.540001	0.000000
1585.250000	-77.059998	0.000000
1585.260010	-73.690002	0.000000
1585.270020	-74.550003	0.000000
1585.280029	-74.150002	0.000000
1585.290039	-75.320000	0.000000
1585.300049	-75.910004	0.000000
1585.310059	-74.730003	0.000000
1585.319946	-74.150002	0.000000
1585.329956	-75.000000	0.000000
1585.339966	-76.639999	0.000000
1585.349976	-75.860001	0.000000
1585.359985	-77.250000	0.000000
1585.369995	-78.050003	0.000000
1585.380005	-75.360001	0.000000
1585.390015	-76.879997	0.000000
1585.400024	-75.160004	0.000000
1585.410034	-76.580002	0.000000
1585.420044	-75.239998	0.000000
1585.430054	-77.320000	0.000000
1585.439941	-76.360001	0.000000
1585.449951	-77.250000	0.000000
1585.459961	-78.290001	0.000000
1585.469971	-79.110001	0.000000
1585.479980	-76.639999	0.000000
1585.489990	-77.389999	0.000000
1585.500000	-77.309998	0.000000
1585.510010	-76.459999	0.000000
1585.520020	-79.879997	0.000000
1585.530029	-78.360001	0.000000
1585.540039	-77.309998	0.000000
1585.550049	-79.529999	0.000000
1585.560059	-81.290001	0.000000
1585.569946	-80.000000	0.000000
1585.579956	-77.589996	0.000000
1585.589966	-79.879997	0.000000
1585.599976	-79.639999	0.000000
1585.609985	-76.989998	0.000000
1585.619995	-79.309998	0.000000
1585.630005	-83.400002	0.000000
1585.640015	-79.099998	0.000000
1585.650024	-77.239998	0.000000
1585.660034	-80.389999	0.000000
1585.670044	-82.650002	0.000000
1585.680054	-80.000000	0.000000
1585.689941	-81.459999	0.000000
1585.699951	-80.120003	0.000000
1585.709961	-83.400002	0.000000
1585.719971	-81.459999	0.000000
1585.729980	-81.290001	0.000000
1585.739990	-80.669998	0.000000
1585.750000	-80.970001	0.000000
1585.760010	-210.000000	0.000000
1585.770020	-82.220001	0.000000
1585.780029	-81.639999	0.000000
1585.790039	-210.000000	0.000000
1585.800049	-80.669998	0.000000
1585.810059	-80.970001	0.000000
1585.819946	-80.669998	0.000000
1585.829956	-83.129997	0.000000
1585.839966	-79.000000	0.000000
1585.849976	-77.660004	0.000000
1585.859985	-210.000000	0.000000
1585.869995	-85.440002	0.000000
1585.880005	-78.449997	0.000000
1585.890015	-80.529999	0.000000
1585.900024	-82.650002	0.000000
1585.910034	-81.129997	0.000000
1585.920044	-210.000000	0.000000
1585.930054	-89.419998	0.000000
1585.939941	-210.000000	0.000000
1585.949951	-88.449997	0.000000
1585.959961	-89.419998	0.000000
1585.969971	-80.389999	0.000000
1585.979980	-85.900002	0.000000
1585.989990	-77.110001	0.000000
1586.000000	-83.980003	0.000000
1586.010010	-92.430000	0.000000
1586.020020	-83.680000	0.000000
1586.030029	-210.000000	0.000000
1586.040039	-84.300003	0.000000
1586.050049	-77.519997	0.000000
1586.060059	-210.000000	0.000000
1586.069946	-210.000000	0.000000
1586.079956	-90.669998	0.000000
1586.089966	-88.449997	0.000000
1586.099976	-210.000000	0.000000
1586.109985	-210.000000	0.000000
1586.119995	-89.419998	0.000000
1586.130005	-83.129997	0.000000
1586.140015	-83.980003	0.000000
1586.150024	-210.000000	0.000000
1586.160034	-82.650002	0.000000
1586.170044	-83.680000	0.000000
1586.180054	-210.000000	0.000000
1586.189941	-90.669998	0.000000
1586.199951	-210.000000	0.000000
1586.209961	-88.449997	0.000000
1586.219971	-85.900002	0.000000
1586.229980	-210.000000	0.000000
1586.239990	-95.440002	0.000000
1586.250000	-82.430000	0.000000
1586.260010	-78.910004	0.000000
1586.270020	-79.879997	0.000000
1586.280029	-83.680000	0.000000
1586.290039	-210.000000	0.000000
1586.300049	-85.029999	0.000000
1586.310059	-210.000000	0.000000
1586.319946	-210.000000	0.000000
1586.329956	-92.430000	0.000000
1586.339966	-79.419998	0.000000
1586.349976	-210.000000	0.000000
1586.359985	-210.000000	0.000000
1586.369995	-89.419998	0.000000
1586.380005	-85.440002	0.000000
1586.390015	-78.120003	0.000000
1586.400024	-85.900002	0.000000
1586.410034	-87.660004	0.000000
1586.420044	-210.000000	0.000000
1586.430054	-83.680000	0.000000
1586.439941	-210.000000	0.000000
1586.449951	-210.000000	0.000000
1586.459961	-80.669998	0.000000
1586.469971	-90.669998	0.000000
1586.479980	-79.419998	0.000000
1586.489990	-87.660004	0.000000
1586.500000	-210.000000	0.000000
1586.510010	-210.000000	0.000000
1586.520020	-84.650002	0.000000
1586.530029	-89.419998	0.000000
1586.540039	-210.000000	0.000000
1586.550049	-210.000000	0.000000
1586.560059	-210.000000	0.000000
1586.569946	-210.000000	0.000000
1586.579956	-210.000000	0.000000
1586.589966	-78.449997	0.000000
1586.599976	-81.459999	0.000000
1586.609985	-210.000000	0.000000
1586.619995	-82.220001	0.000000
1586.630005	-210.000000	0.000000
1586.640015	-81.820000	0.000000
1586.650024	-89.419998	0.000000
1586.660034	-210.000000	0.000000
1586.670044	-210.000000	0.000000
1586.680054	-210.000000	0.000000
1586.689941	-210.000000	0.000000
1586.699951	-86.989998	0.000000
1586.709961	-82.220001	0.000000
1586.719971	-90.669998	0.000000
1586.729980	-87.660004	0.000000
1586.739990	-210.000000	0.000000
1586.750000	-210.000000	0.000000
1586.760010	-210.000000	0.000000
1586.770020	-84.300003	0.000000
1586.780029	-210.000000	0.000000
1586.790039	-210.000000	0.000000
1586.800049	-210.000000	0.000000
1586.810059	-87.660004	0.000000
1586.819946	-210.000000	0.000000
1586.829956	-210.000000	0.000000
1586.839966	-90.669998	0.000000
1586.849976	-81.129997	0.000000
1586.859985	-87.660004	0.000000
1586.869995	-210.000000	0.000000
1586.880005	-210.000000	0.000000
1586.890015	-210.000000	0.000000
1586.900024	-210.000000	0.000000
1586.910034	-210.000000	0.000000
1586.920044	-210.000000	0.000000
1586.930054	-83.980003	0.000000
1586.939941	-83.129997	0.000000
1586.949951	-210.000000	0.000000
1586.959961	-95.440002	0.000000
1586.969971	-210.000000	0.000000
1586.979980	-79.760002	0.000000
1586.989990	-83.680000	0.000000
1587.000000	-210.000000	0.000000
