Wavelength (nm)	Transmission (dBm)	Linear Transmission
1577.000000	-83.400002	0.000000
1577.010010	-87.660004	0.000000
1577.020020	-210.000000	0.000000
1577.030029	-78.720001	0.000000
1577.040039	-85.900002	0.000000
1577.050049	-210.000000	0.000000
1577.060059	-83.680000	0.000000
1577.069946	-210.000000	0.000000
1577.079956	-210.000000	0.000000
1577.089966	-210.000000	0.000000
1577.099976	-210.000000	0.000000
1577.109985	-210.000000	0.000000
1577.119995	-210.000000	0.000000
1577.130005	-80.970001	0.000000
1577.140015	-210.000000	0.000000
1577.150024	-210.000000	0.000000
1577.160034	-79.209999	0.000000
1577.170044	-210.000000	0.000000
1577.180054	-210.000000	0.000000
1577.189941	-80.250000	0.000000
1577.199951	-210.000000	0.000000
1577.209961	-85.440002	0.000000
1577.219971	-95.440002	0.000000
1577.229980	-210.000000	0.000000
1577.239990	-210.000000	0.000000
1577.250000	-81.459999	0.000000
1577.260010	-210.000000	0.000000
1577.270020	-210.000000	0.000000
1577.280029	-210.000000	0.000000
1577.290039	-210.000000	0.000000
1577.300049	-210.000000	0.000000
1577.310059	-210.000000	0.000000
1577.319946	-83.680000	0.000000
1577.329956	-82.430000	0.000000
1577.339966	-210.000000	0.000000
1577.349976	-210.000000	0.000000
1577.359985	-210.000000	0.000000
1577.369995	-210.000000	0.000000
1577.380005	-85.029999	0.000000
1577.390015	-83.980003	0.000000
1577.400024	-84.650002	0.000000
1577.410034	-210.000000	0.000000
1577.420044	-210.000000	0.000000
1577.430054	-210.000000	0.000000
1577.439941	-210.000000	0.000000
1577.449951	-83.400002	0.000000
1577.459961	-95.440002	0.000000
1577.469971	-80.120003	0.000000
1577.479980	-83.980003	0.000000
1577.489990	-210.000000	0.000000
1577.500000	-210.000000	0.000000
1577.510010	-210.000000	0.000000
1577.520020	-90.669998	0.000000
1577.530029	-210.000000	0.000000
1577.540039	-95.440002	0.000000
1577.550049	-83.680000	0.000000
1577.560059	-86.989998	0.000000
1577.569946	-210.000000	0.000000
1577.579956	-210.000000	0.000000
1577.589966	-83.680000	0.000000
1577.599976	-89.419998	0.000000
1577.609985	-81.459999	0.000000
1577.619995	-210.000000	0.000000
1577.630005	-210.000000	0.000000
1577.640015	-85.440002	0.000000
1577.650024	-83.129997	0.000000
1577.660034	-85.440002	0.000000
1577.670044	-210.000000	0.000000
1577.680054	-80.669998	0.000000
1577.689941	-210.000000	0.000000
1577.699951	-85.440002	0.000000
1577.709961	-210.000000	0.000000
1577.719971	-79.760002	0.000000
1577.729980	-210.000000	0.000000
1577.739990	-210.000000	0.000000
1577.750000	-210.000000	0.000000
1577.760010	-210.000000	0.000000
1577.770020	-89.419998	0.000000
1577.780029	-210.000000	0.000000
1577.790039	-210.000000	0.000000
1577.800049	-210.000000	0.000000
1577.810059	-210.000000	0.000000
1577.819946	-78.910004	0.000000
1577.829956	-210.000000	0.000000
1577.839966	-210.000000	0.000000
1577.849976	-80.389999	0.000000
1577.859985	-210.000000	0.000000
1577.869995	-83.980003	0.000000
1577.880005	-210.000000	0.000000
1577.890015	-82.220001	0.000000
1577.900024	-210.000000	0.000000
1577.910034	-210.000000	0.000000
1577.920044	-210.000000	0.000000
1577.930054	-82.220001	0.000000
1577.939941	-210.000000	0.000000
1577.949951	-83.400002	0.000000
1577.959961	-210.000000	0.000000
1577.969971	-210.000000	0.000000
1577.979980	-82.430000	0.000000
1577.989990	-81.820000	0.000000
1578.000000	-81.830002	0.000000
1578.010010	-210.000000	0.000000
1578.020020	-210.000000	0.000000
1578.030029	-79.889999	0.000000
1578.040039	-210.000000	0.000000
1578.050049	-81.300003	0.000000
1578.060059	-210.000000	0.000000
1578.069946	-210.000000	0.000000
1578.079956	-80.540001	0.000000
1578.089966	-83.139999	0.000000
1578.099976	-210.000000	0.000000
1578.109985	-88.459999	0.000000
1578.119995	-95.449997	0.000000
1578.130005	-210.000000	0.000000
1578.140015	-92.440002	0.000000
1578.150024	-81.470001	0.000000
1578.160034	-79.220001	0.000000
1578.170044	-210.000000	0.000000
1578.180054	-92.440002	0.000000
1578.189941	-210.000000	0.000000
1578.199951	-77.599998	0.000000
1578.209961	-81.300003	0.000000
1578.219971	-210.000000	0.000000
1578.229980	-210.000000	0.000000
1578.239990	-81.139999	0.000000
1578.250000	-210.000000	0.000000
1578.260010	-92.440002	0.000000
1578.270020	-88.459999	0.000000
1578.280029	-80.680000	0.000000
1578.290039	-81.650002	0.000000
1578.300049	-80.540001	0.000000
1578.310059	-210.000000	0.000000
1578.319946	-84.309998	0.000000
1578.329956	-83.139999	0.000000
1578.339966	-90.680000	0.000000
1578.349976	-210.000000	0.000000
1578.359985	-210.000000	0.000000
1578.369995	-210.000000	0.000000
1578.380005	-210.000000	0.000000
1578.390015	-210.000000	0.000000
1578.400024	-80.010002	0.000000
1578.410034	-83.410004	0.000000
1578.420044	-80.540001	0.000000
1578.430054	-210.000000	0.000000
1578.439941	-89.430000	0.000000
1578.449951	-85.449997	0.000000
1578.459961	-210.000000	0.000000
1578.469971	-210.000000	0.000000
1578.479980	-92.440002	0.000000
1578.489990	-80.980003	0.000000
1578.500000	-84.660004	0.000000
1578.510010	-210.000000	0.000000
1578.520020	-82.029999	0.000000
1578.530029	-84.660004	0.000000
1578.540039	-84.660004	0.000000
1578.550049	-79.430000	0.000000
1578.560059	-77.529999	0.000000
1578.569946	-78.290001	0.000000
1578.579956	-80.980003	0.000000
1578.589966	-79.540001	0.000000
1578.599976	-82.440002	0.000000
1578.609985	-84.660004	0.000000
1578.619995	-79.430000	0.000000
1578.630005	-77.820000	0.000000
1578.640015	-78.639999	0.000000
1578.650024	-81.300003	0.000000
1578.660034	-80.540001	0.000000
1578.670044	-80.400002	0.000000
1578.680054	-78.290001	0.000000
1578.689941	-76.000000	0.000000
1578.699951	-76.879997	0.000000
1578.709961	-79.010002	0.000000
1578.719971	-83.989998	0.000000
1578.729980	-77.669998	0.000000
1578.739990	-78.730003	0.000000
1578.750000	-75.540001	0.000000
1578.760010	-76.470001	0.000000
1578.770020	-76.529999	0.000000
1578.780029	-76.879997	0.000000
1578.790039	-76.260002	0.000000
1578.800049	-75.580002	0.000000
1578.810059	-76.419998	0.000000
1578.819946	-74.839996	0.000000
1578.829956	-74.589996	0.000000
1578.839966	-76.000000	0.000000
1578.849976	-75.449997	0.000000
1578.859985	-75.279999	0.000000
1578.869995	-75.540001	0.000000
1578.880005	-73.959999	0.000000
1578.890015	-73.489998	0.000000
1578.900024	-73.839996	0.000000
1578.910034	-74.589996	0.000000
1578.920044	-74.150002	0.000000
1578.930054	-74.339996	0.000000
1578.939941	-73.629997	0.000000
1578.949951	-73.550003	0.000000
1578.959961	-74.180000	0.000000
1578.969971	-73.440002	0.000000
1578.979980	-73.660004	0.000000
1578.989990	-73.019997	0.000000
1579.000000	-73.089996	0.000000
1579.010010	-72.099998	0.000000
1579.020020	-72.269997	0.000000
1579.030029	-72.080002	0.000000
1579.040039	-71.540001	0.000000
1579.050049	-71.449997	0.000000
1579.060059	-71.400002	0.000000
1579.069946	-71.470001	0.000000
1579.079956	-71.580002	0.000000
1579.089966	-71.070000	0.000000
1579.099976	-70.900002	0.000000
1579.109985	-70.690002	0.000000
1579.119995	-70.320000	0.000000
1579.130005	-69.760002	0.000000
1579.140015	-70.209999	0.000000
1579.150024	-69.919998	0.000000
1579.160034	-69.889999	0.000000
1579.170044	-69.529999	0.000000
1579.180054	-69.169998	0.000000
1579.189941	-69.540001	0.000000
1579.199951	-69.339996	0.000000
1579.209961	-69.269997	0.000000
1579.219971	-69.010002	0.000000
1579.229980	-68.839996	0.000000
1579.239990	-68.510002	0.000000
1579.250000	-68.440002	0.000000
1579.260010	-68.050003	0.000000
1579.270020	-68.000000	0.000000
1579.280029	-67.870003	0.000000
1579.290039	-67.290001	0.000000
1579.300049	-67.330002	0.000000
1579.310059	-67.190002	0.000000
1579.319946	-66.989998	0.000000
1579.329956	-66.919998	0.000000
1579.339966	-66.760002	0.000000
1579.349976	-66.639999	0.000000
1579.359985	-66.779999	0.000000
1579.369995	-66.220001	0.000000
1579.380005	-66.209999	0.000000
1579.390015	-65.769997	0.000000
1579.400024	-65.550003	0.000000
1579.410034	-65.529999	0.000000
1579.420044	-65.160004	0.000000
1579.430054	-65.120003	0.000000
1579.439941	-64.910004	0.000000
1579.449951	-64.699997	0.000000
1579.459961	-64.540001	0.000000
1579.469971	-64.339996	0.000000
1579.479980	-64.300003	0.000000
1579.489990	-64.440002	0.000000
1579.500000	-64.269997	0.000000
1579.510010	-64.110001	0.000000
1579.520020	-63.840000	0.000000
1579.530029	-63.619999	0.000000
1579.540039	-63.480000	0.000000
1579.550049	-63.220001	0.000000
1579.560059	-63.070000	0.000000
1579.569946	-62.830002	0.000001
1579.579956	-62.869999	0.000001
1579.589966	-62.720001	0.000001
1579.599976	-62.630001	0.000001
1579.609985	-62.650002	0.000001
1579.619995	-62.470001	0.000001
1579.630005	-62.520000	0.000001
1579.640015	-62.570000	0.000001
1579.650024	-62.419998	0.000001
1579.660034	-62.380001	0.000001
1579.670044	-62.250000	0.000001
1579.680054	-62.049999	0.000001
1579.689941	-61.900002	0.000001
1579.699951	-61.740002	0.000001
1579.709961	-61.459999	0.000001
1579.719971	-61.439999	0.000001
1579.729980	-61.299999	0.000001
1579.739990	-61.110001	0.000001
1579.750000	-60.889999	0.000001
1579.760010	-60.700001	0.000001
1579.770020	-60.700001	0.000001
1579.780029	-60.660000	0.000001
1579.790039	-60.560001	0.000001
1579.800049	-60.439999	0.000001
1579.810059	-60.369999	0.000001
1579.819946	-60.230000	0.000001
1579.829956	-60.259998	0.000001
1579.839966	-60.270000	0.000001
1579.849976	-60.110001	0.000001
1579.859985	-60.060001	0.000001
1579.869995	-59.900002	0.000001
1579.880005	-59.639999	0.000001
1579.890015	-59.470001	0.000001
1579.900024	-59.330002	0.000001
1579.910034	-59.029999	0.000001
1579.920044	-58.840000	0.000001
1579.930054	-58.630001	0.000001
1579.939941	-58.369999	0.000001
1579.949951	-58.279999	0.000001
1579.959961	-58.230000	0.000002
1579.969971	-58.180000	0.000002
1579.979980	-58.130001	0.000002
1579.989990	-58.049999	0.000002
1580.000000	-58.060001	0.000002
1580.010010	-58.009998	0.000002
1580.020020	-57.980000	0.000002
1580.030029	-57.919998	0.000002
1580.040039	-57.830002	0.000002
1580.050049	-57.680000	0.000002
1580.060059	-57.459999	0.000002
1580.069946	-57.299999	0.000002
1580.079956	-57.139999	0.000002
1580.089966	-56.869999	0.000002
1580.099976	-56.660000	0.000002
1580.109985	-56.459999	0.000002
1580.119995	-56.259998	0.000002
1580.130005	-56.189999	0.000002
1580.140015	-56.110001	0.000002
1580.150024	-55.970001	0.000003
1580.160034	-55.910000	0.000003
1580.170044	-55.790001	0.000003
1580.180054	-55.709999	0.000003
1580.189941	-55.700001	0.000003
1580.199951	-55.750000	0.000003
1580.209961	-55.700001	0.000003
1580.219971	-55.619999	0.000003
1580.229980	-55.529999	0.000003
1580.239990	-55.330002	0.000003
1580.250000	-55.160000	0.000003
1580.260010	-55.000000	0.000003
1580.270020	-54.740002	0.000003
1580.280029	-54.580002	0.000003
1580.290039	-54.410000	0.000004
1580.300049	-54.230000	0.000004
1580.310059	-54.160000	0.000004
1580.319946	-54.099998	0.000004
1580.329956	-54.040001	0.000004
1580.339966	-53.959999	0.000004
1580.349976	-53.880001	0.000004
1580.359985	-53.869999	0.000004
1580.369995	-53.849998	0.000004
1580.380005	-53.790001	0.000004
1580.390015	-53.740002	0.000004
1580.400024	-53.650002	0.000004
1580.410034	-53.490002	0.000004
1580.420044	-53.389999	0.000005
1580.430054	-53.290001	0.000005
1580.439941	-53.110001	0.000005
1580.449951	-52.970001	0.000005
1580.459961	-52.759998	0.000005
1580.469971	-52.470001	0.000006
1580.479980	-52.310001	0.000006
1580.489990	-52.180000	0.000006
1580.500000	-52.049999	0.000006
1580.510010	-51.950001	0.000006
1580.520020	-51.830002	0.000007
1580.530029	-51.720001	0.000007
1580.540039	-51.639999	0.000007
1580.550049	-51.590000	0.000007
1580.560059	-51.540001	0.000007
1580.569946	-51.419998	0.000007
1580.579956	-51.200001	0.000008
1580.589966	-51.029999	0.000008
1580.599976	-50.790001	0.000008
1580.609985	-50.509998	0.000009
1580.619995	-50.250000	0.000009
1580.630005	-50.080002	0.000010
1580.640015	-49.950001	0.000010
1580.650024	-49.840000	0.000010
1580.660034	-49.759998	0.000011
1580.670044	-49.660000	0.000011
1580.680054	-49.570000	0.000011
1580.689941	-49.520000	0.000011
1580.699951	-49.490002	0.000011
1580.709961	-49.459999	0.000011
1580.719971	-49.389999	0.000012
1580.729980	-49.299999	0.000012
1580.739990	-49.180000	0.000012
1580.750000	-49.060001	0.000012
1580.760010	-48.919998	0.000013
1580.770020	-48.740002	0.000013
1580.780029	-48.610001	0.000014
1580.790039	-48.500000	0.000014
1580.800049	-48.419998	0.000014
1580.810059	-48.400002	0.000014
1580.819946	-48.400002	0.000014
1580.829956	-48.400002	0.000014
1580.839966	-48.400002	0.000014
1580.849976	-48.380001	0.000015
1580.859985	-48.389999	0.000014
1580.869995	-48.410000	0.000014
1580.880005	-48.430000	0.000014
1580.890015	-48.389999	0.000014
1580.900024	-48.320000	0.000015
1580.910034	-48.200001	0.000015
1580.920044	-48.110001	0.000015
1580.930054	-48.060001	0.000016
1580.939941	-48.020000	0.000016
1580.949951	-48.000000	0.000016
1580.959961	-47.970001	0.000016
1580.969971	-47.950001	0.000016
1580.979980	-47.970001	0.000016
1580.989990	-48.040001	0.000016
1581.000000	-48.130001	0.000015
1581.010010	-48.209999	0.000015
1581.020020	-48.299999	0.000015
1581.030029	-48.320000	0.000015
1581.040039	-48.340000	0.000015
1581.050049	-48.340000	0.000015
1581.060059	-48.310001	0.000015
1581.069946	-48.230000	0.000015
1581.079956	-48.150002	0.000015
1581.089966	-48.080002	0.000016
1581.099976	-48.049999	0.000016
1581.109985	-48.060001	0.000016
1581.119995	-48.099998	0.000015
1581.130005	-48.119999	0.000015
1581.140015	-48.180000	0.000015
1581.150024	-48.240002	0.000015
1581.160034	-48.330002	0.000015
1581.170044	-48.419998	0.000014
1581.180054	-48.480000	0.000014
1581.189941	-48.470001	0.000014
1581.199951	-48.410000	0.000014
1581.209961	-48.310001	0.000015
1581.219971	-48.240002	0.000015
1581.229980	-48.189999	0.000015
1581.239990	-48.169998	0.000015
1581.250000	-48.150002	0.000015
1581.260010	-48.130001	0.000015
1581.270020	-48.130001	0.000015
1581.280029	-48.160000	0.000015
1581.290039	-48.220001	0.000015
1581.300049	-48.299999	0.000015
1581.310059	-48.349998	0.000015
1581.319946	-48.380001	0.000015
1581.329956	-48.410000	0.000014
1581.339966	-48.389999	0.000014
1581.349976	-48.349998	0.000015
1581.359985	-48.290001	0.000015
1581.369995	-48.220001	0.000015
1581.380005	-48.130001	0.000015
1581.390015	-48.060001	0.000016
1581.400024	-48.020000	0.000016
1581.410034	-48.029999	0.000016
1581.420044	-48.040001	0.000016
1581.430054	-48.070000	0.000016
1581.439941	-48.090000	0.000016
1581.449951	-48.119999	0.000015
1581.459961	-48.209999	0.000015
1581.469971	-48.279999	0.000015
1581.479980	-48.320000	0.000015
1581.489990	-48.330002	0.000015
1581.500000	-48.270000	0.000015
1581.510010	-48.189999	0.000015
1581.520020	-48.080002	0.000016
1581.530029	-48.009998	0.000016
1581.540039	-47.959999	0.000016
1581.550049	-47.930000	0.000016
1581.560059	-47.900002	0.000016
1581.569946	-47.880001	0.000016
1581.579956	-47.910000	0.000016
1581.589966	-47.970001	0.000016
1581.599976	-48.020000	0.000016
1581.609985	-48.070000	0.000016
1581.619995	-48.110001	0.000015
1581.630005	-48.130001	0.000015
1581.640015	-48.099998	0.000015
1581.650024	-48.049999	0.000016
1581.660034	-47.970001	0.000016
1581.670044	-47.880001	0.000016
1581.680054	-47.799999	0.000017
1581.689941	-47.730000	0.000017
1581.699951	-47.689999	0.000017
1581.709961	-47.700001	0.000017
1581.719971	-47.709999	0.000017
1581.729980	-47.740002	0.000017
1581.739990	-47.770000	0.000017
1581.750000	-47.799999	0.000017
1581.760010	-47.869999	0.000016
1581.770020	-47.930000	0.000016
1581.780029	-47.930000	0.000016
1581.790039	-47.919998	0.000016
1581.800049	-47.840000	0.000016
1581.810059	-47.750000	0.000017
1581.819946	-47.650002	0.000017
1581.829956	-47.619999	0.000017
1581.839966	-47.580002	0.000017
1581.849976	-47.560001	0.000018
1581.859985	-47.540001	0.000018
1581.869995	-47.529999	0.000018
1581.880005	-47.560001	0.000018
1581.890015	-47.610001	0.000017
1581.900024	-47.680000	0.000017
1581.910034	-47.740002	0.000017
1581.920044	-47.790001	0.000017
1581.930054	-47.830002	0.000016
1581.939941	-47.830002	0.000016
1581.949951	-47.810001	0.000017
1581.959961	-47.779999	0.000017
1581.969971	-47.730000	0.000017
1581.979980	-47.650002	0.000017
1581.989990	-47.599998	0.000017
1582.000000	-47.560001	0.000018
1582.010010	-47.580002	0.000017
1582.020020	-47.619999	0.000017
1582.030029	-47.660000	0.000017
1582.040039	-47.700001	0.000017
1582.050049	-47.790001	0.000017
1582.060059	-47.889999	0.000016
1582.069946	-48.000000	0.000016
1582.079956	-48.080002	0.000016
1582.089966	-48.139999	0.000015
1582.099976	-48.130001	0.000015
1582.109985	-48.060001	0.000016
1582.119995	-48.020000	0.000016
1582.130005	-47.990002	0.000016
1582.140015	-47.970001	0.000016
1582.150024	-47.959999	0.000016
1582.160034	-47.959999	0.000016
1582.170044	-47.980000	0.000016
1582.180054	-48.040001	0.000016
1582.189941	-48.150002	0.000015
1582.199951	-48.270000	0.000015
1582.209961	-48.389999	0.000014
1582.219971	-48.459999	0.000014
1582.229980	-48.509998	0.000014
1582.239990	-48.509998	0.000014
1582.250000	-48.480000	0.000014
1582.260010	-48.419998	0.000014
1582.270020	-48.349998	0.000015
1582.280029	-48.270000	0.000015
1582.290039	-48.180000	0.000015
1582.300049	-48.160000	0.000015
1582.310059	-48.169998	0.000015
1582.319946	-48.209999	0.000015
1582.329956	-48.250000	0.000015
1582.339966	-48.299999	0.000015
1582.349976	-48.380001	0.000015
1582.359985	-48.459999	0.000014
1582.369995	-48.529999	0.000014
1582.380005	-48.580002	0.000014
1582.390015	-48.570000	0.000014
1582.400024	-48.470001	0.000014
1582.410034	-48.320000	0.000015
1582.420044	-48.189999	0.000015
1582.430054	-48.090000	0.000016
1582.439941	-48.009998	0.000016
1582.449951	-47.950001	0.000016
1582.459961	-47.889999	0.000016
1582.469971	-47.869999	0.000016
1582.479980	-47.889999	0.000016
1582.489990	-47.950001	0.000016
1582.500000	-48.000000	0.000016
1582.510010	-48.040001	0.000016
1582.520020	-48.060001	0.000016
1582.530029	-48.070000	0.000016
1582.540039	-48.040001	0.000016
1582.550049	-47.980000	0.000016
1582.560059	-47.919998	0.000016
1582.569946	-47.779999	0.000017
1582.579956	-47.630001	0.000017
1582.589966	-47.480000	0.000018
1582.599976	-47.430000	0.000018
1582.609985	-47.419998	0.000018
1582.619995	-47.430000	0.000018
1582.630005	-47.439999	0.000018
1582.640015	-47.490002	0.000018
1582.650024	-47.540001	0.000018
1582.660034	-47.610001	0.000017
1582.670044	-47.689999	0.000017
1582.680054	-47.730000	0.000017
1582.689941	-47.709999	0.000017
1582.699951	-47.599998	0.000017
1582.709961	-47.490002	0.000018
1582.719971	-47.400002	0.000018
1582.729980	-47.330002	0.000018
1582.739990	-47.279999	0.000019
1582.750000	-47.250000	0.000019
1582.760010	-47.230000	0.000019
1582.770020	-47.259998	0.000019
1582.780029	-47.330002	0.000018
1582.790039	-47.430000	0.000018
1582.800049	-47.540001	0.000018
1582.810059	-47.660000	0.000017
1582.819946	-47.770000	0.000017
1582.829956	-47.840000	0.000016
1582.839966	-47.900002	0.000016
1582.849976	-47.919998	0.000016
1582.859985	-47.889999	0.000016
1582.869995	-47.830002	0.000016
1582.880005	-47.730000	0.000017
1582.890015	-47.700001	0.000017
1582.900024	-47.700001	0.000017
1582.910034	-47.740002	0.000017
1582.920044	-47.790001	0.000017
1582.930054	-47.830002	0.000016
1582.939941	-47.910000	0.000016
1582.949951	-48.009998	0.000016
1582.959961	-48.180000	0.000015
1582.969971	-48.369999	0.000015
1582.979980	-48.529999	0.000014
1582.989990	-48.630001	0.000014
1583.000000	-48.639999	0.000014
1583.010010	-48.619999	0.000014
1583.020020	-48.599998	0.000014
1583.030029	-48.590000	0.000014
1583.040039	-48.590000	0.000014
1583.050049	-48.580002	0.000014
1583.060059	-48.599998	0.000014
1583.069946	-48.660000	0.000014
1583.079956	-48.790001	0.000013
1583.089966	-48.959999	0.000013
1583.099976	-49.139999	0.000012
1583.109985	-49.330002	0.000012
1583.119995	-49.540001	0.000011
1583.130005	-49.639999	0.000011
1583.140015	-49.709999	0.000011
1583.150024	-49.720001	0.000011
1583.160034	-49.669998	0.000011
1583.170044	-49.599998	0.000011
1583.180054	-49.529999	0.000011
1583.189941	-49.529999	0.000011
1583.199951	-49.570000	0.000011
1583.209961	-49.610001	0.000011
1583.219971	-49.680000	0.000011
1583.229980	-49.730000	0.000011
1583.239990	-49.840000	0.000010
1583.250000	-49.980000	0.000010
1583.260010	-50.169998	0.000010
1583.270020	-50.340000	0.000009
1583.280029	-50.430000	0.000009
1583.290039	-50.439999	0.000009
1583.300049	-50.360001	0.000009
1583.310059	-50.279999	0.000009
1583.319946	-50.230000	0.000009
1583.329956	-50.189999	0.000010
1583.339966	-50.160000	0.000010
1583.349976	-50.130001	0.000010
1583.359985	-50.130001	0.000010
1583.369995	-50.169998	0.000010
1583.380005	-50.279999	0.000009
1583.390015	-50.389999	0.000009
1583.400024	-50.520000	0.000009
1583.410034	-50.660000	0.000009
1583.420044	-50.750000	0.000008
1583.430054	-50.810001	0.000008
1583.439941	-50.830002	0.000008
1583.449951	-50.770000	0.000008
1583.459961	-50.639999	0.000009
1583.469971	-50.500000	0.000009
1583.479980	-50.380001	0.000009
1583.489990	-50.349998	0.000009
1583.500000	-50.369999	0.000009
1583.510010	-50.380001	0.000009
1583.520020	-50.419998	0.000009
1583.530029	-50.459999	0.000009
1583.540039	-50.570000	0.000009
1583.550049	-50.709999	0.000008
1583.560059	-50.860001	0.000008
1583.569946	-50.970001	0.000008
1583.579956	-50.990002	0.000008
1583.589966	-50.900002	0.000008
1583.599976	-50.709999	0.000008
1583.609985	-50.610001	0.000009
1583.619995	-50.549999	0.000009
1583.630005	-50.480000	0.000009
1583.640015	-50.430000	0.000009
1583.650024	-50.419998	0.000009
1583.660034	-50.439999	0.000009
1583.670044	-50.500000	0.000009
1583.680054	-50.610001	0.000009
1583.689941	-50.720001	0.000008
1583.699951	-50.820000	0.000008
1583.709961	-50.869999	0.000008
1583.719971	-50.910000	0.000008
1583.729980	-50.900002	0.000008
1583.739990	-50.820000	0.000008
1583.750000	-50.680000	0.000009
1583.760010	-50.529999	0.000009
1583.770020	-50.389999	0.000009
1583.780029	-50.299999	0.000009
1583.790039	-50.259998	0.000009
1583.800049	-50.259998	0.000009
1583.810059	-50.279999	0.000009
1583.819946	-50.299999	0.000009
1583.829956	-50.330002	0.000009
1583.839966	-50.400002	0.000009
1583.849976	-50.549999	0.000009
1583.859985	-50.689999	0.000009
1583.869995	-50.799999	0.000008
1583.880005	-50.849998	0.000008
1583.890015	-50.840000	0.000008
1583.900024	-50.799999	0.000008
1583.910034	-50.779999	0.000008
1583.920044	-50.770000	0.000008
1583.930054	-50.770000	0.000008
1583.939941	-50.790001	0.000008
1583.949951	-50.799999	0.000008
1583.959961	-50.860001	0.000008
1583.969971	-50.970001	0.000008
1583.979980	-51.139999	0.000008
1583.989990	-51.290001	0.000007
1584.000000	-51.439999	0.000007
1584.010010	-51.610001	0.000007
1584.020020	-51.830002	0.000007
1584.030029	-52.049999	0.000006
1584.040039	-52.230000	0.000006
1584.050049	-52.310001	0.000006
1584.060059	-52.340000	0.000006
1584.069946	-52.349998	0.000006
1584.079956	-52.389999	0.000006
1584.089966	-52.470001	0.000006
1584.099976	-52.570000	0.000006
1584.109985	-52.689999	0.000005
1584.119995	-52.869999	0.000005
1584.130005	-53.090000	0.000005
1584.140015	-53.470001	0.000004
1584.150024	-53.860001	0.000004
1584.160034	-54.369999	0.000004
1584.170044	-54.759998	0.000003
1584.180054	-55.110001	0.000003
1584.189941	-55.330002	0.000003
1584.199951	-55.490002	0.000003
1584.209961	-55.619999	0.000003
1584.219971	-55.720001	0.000003
1584.229980	-55.869999	0.000003
1584.239990	-56.049999	0.000002
1584.250000	-56.240002	0.000002
1584.260010	-56.459999	0.000002
1584.270020	-56.709999	0.000002
1584.280029	-57.070000	0.000002
1584.290039	-57.480000	0.000002
1584.300049	-57.950001	0.000002
1584.310059	-58.509998	0.000001
1584.319946	-59.060001	0.000001
1584.329956	-59.369999	0.000001
1584.339966	-59.669998	0.000001
1584.349976	-59.790001	0.000001
1584.359985	-59.889999	0.000001
1584.369995	-59.970001	0.000001
1584.380005	-60.049999	0.000001
1584.390015	-60.090000	0.000001
1584.400024	-60.139999	0.000001
1584.410034	-60.230000	0.000001
1584.420044	-60.430000	0.000001
1584.430054	-60.680000	0.000001
1584.439941	-60.910000	0.000001
1584.449951	-61.259998	0.000001
1584.459961	-61.540001	0.000001
1584.469971	-62.020000	0.000001
1584.479980	-62.230000	0.000001
1584.489990	-62.389999	0.000001
1584.500000	-62.639999	0.000001
1584.510010	-62.630001	0.000001
1584.520020	-62.619999	0.000001
1584.530029	-62.630001	0.000001
1584.540039	-62.900002	0.000001
1584.550049	-63.080002	0.000000
1584.560059	-63.130001	0.000000
1584.569946	-63.250000	0.000000
1584.579956	-63.459999	0.000000
1584.589966	-63.590000	0.000000
1584.599976	-63.970001	0.000000
1584.609985	-64.480003	0.000000
1584.619995	-64.720001	0.000000
1584.630005	-64.930000	0.000000
1584.640015	-65.250000	0.000000
1584.650024	-65.180000	0.000000
1584.660034	-65.139999	0.000000
1584.670044	-65.349998	0.000000
1584.680054	-65.580002	0.000000
1584.689941	-65.519997	0.000000
1584.699951	-65.519997	0.000000
1584.709961	-65.550003	0.000000
1584.719971	-65.989998	0.000000
1584.729980	-66.059998	0.000000
1584.739990	-66.349998	0.000000
1584.750000	-66.559998	0.000000
1584.760010	-66.440002	0.000000
1584.770020	-67.040001	0.000000
1584.780029	-67.269997	0.000000
1584.790039	-67.580002	0.000000
1584.800049	-67.669998	0.000000
1584.810059	-67.610001	0.000000
1584.819946	-67.650002	0.000000
1584.829956	-67.760002	0.000000
1584.839966	-67.510002	0.000000
1584.849976	-67.330002	0.000000
1584.859985	-67.989998	0.000000
1584.869995	-68.139999	0.000000
1584.880005	-67.949997	0.000000
1584.890015	-68.019997	0.000000
1584.900024	-68.360001	0.000000
1584.910034	-68.830002	0.000000
1584.920044	-69.440002	0.000000
1584.930054	-68.980003	0.000000
1584.939941	-69.559998	0.000000
1584.949951	-69.190002	0.000000
1584.959961	-69.320000	0.000000
1584.969971	-69.529999	0.000000
1584.979980	-69.610001	0.000000
1584.989990	-69.449997	0.000000
1585.000000	-69.699997	0.000000
1585.010010	-69.629997	0.000000
1585.020020	-69.860001	0.000000
1585.030029	-69.959999	0.000000
1585.040039	-69.870003	0.000000
1585.050049	-70.949997	0.000000
1585.060059	-71.010002	0.000000
1585.069946	-70.919998	0.000000
1585.079956	-71.220001	0.000000
1585.089966	-71.169998	0.000000
1585.099976	-71.300003	0.000000
1585.109985	-71.269997	0.000000
1585.119995	-70.919998	0.000000
1585.130005	-71.019997	0.000000
1585.140015	-70.830002	0.000000
1585.150024	-71.489998	0.000000
1585.160034	-71.849998	0.000000
1585.170044	-71.180000	0.000000
1585.180054	-71.449997	0.000000
1585.189941	-72.150002	0.000000
1585.199951	-72.529999	0.000000
1585.209961	-72.620003	0.000000
1585.219971	-73.629997	0.000000
1585.229980	-72.730003	0.000000
1585.239990	-72.709999	0.000000
1585.250000	-73.300003	0.000000
1585.260010	-73.169998	0.000000
1585.270020	-72.779999	0.000000
1585.280029	-73.269997	0.000000
1585.290039	-72.919998	0.000000
1585.300049	-72.989998	0.000000
1585.310059	-73.629997	0.000000
1585.319946	-72.919998	0.000000
1585.329956	-73.379997	0.000000
1585.339966	-74.339996	0.000000
1585.349976	-73.989998	0.000000
1585.359985	-73.839996	0.000000
1585.369995	-73.989998	0.000000
1585.380005	-76.360001	0.000000
1585.390015	-76.099998	0.000000
1585.400024	-78.129997	0.000000
1585.410034	-75.540001	0.000000
1585.420044	-73.900002	0.000000
1585.430054	-74.309998	0.000000
1585.439941	-74.080002	0.000000
1585.449951	-73.330002	0.000000
1585.459961	-74.209999	0.000000
1585.469971	-74.660004	0.000000
1585.479980	-73.660004	0.000000
1585.489990	-75.860001	0.000000
1585.500000	-75.989998	0.000000
1585.510010	-76.300003	0.000000
1585.520020	-79.000000	0.000000
1585.530029	-77.379997	0.000000
1585.540039	-76.629997	0.000000
1585.550049	-75.190002	0.000000
1585.560059	-76.809998	0.000000
1585.569946	-77.879997	0.000000
1585.579956	-79.000000	0.000000
1585.589966	-76.199997	0.000000
1585.599976	-76.300003	0.000000
1585.609985	-76.459999	0.000000
1585.619995	-75.949997	0.000000
1585.630005	-75.989998	0.000000
1585.640015	-76.750000	0.000000
1585.650024	-76.629997	0.000000
1585.660034	-75.849998	0.000000
1585.670044	-75.800003	0.000000
1585.680054	-77.519997	0.000000
1585.689941	-83.680000	0.000000
1585.699951	-79.639999	0.000000
1585.709961	-75.150002	0.000000
1585.719971	-82.220001	0.000000
1585.729980	-84.650002	0.000000
1585.739990	-79.000000	0.000000
1585.750000	-77.309998	0.000000
1585.760010	-79.639999	0.000000
1585.770020	-89.419998	0.000000
1585.780029	-80.250000	0.000000
1585.790039	-210.000000	0.000000
1585.800049	-79.309998	0.000000
1585.810059	-78.910004	0.000000
1585.819946	-78.629997	0.000000
1585.829956	-81.639999	0.000000
1585.839966	-81.639999	0.000000
1585.849976	-82.650002	0.000000
1585.859985	-80.000000	0.000000
1585.869995	-83.129997	0.000000
1585.880005	-82.889999	0.000000
1585.890015	-79.099998	0.000000
1585.900024	-78.279999	0.000000
1585.910034	-80.970001	0.000000
1585.920044	-81.290001	0.000000
1585.930054	-79.309998	0.000000
1585.939941	-80.120003	0.000000
1585.949951	-210.000000	0.000000
1585.959961	-82.889999	0.000000
1585.969971	-78.910004	0.000000
1585.979980	-90.669998	0.000000
1585.989990	-210.000000	0.000000
1586.000000	-82.650002	0.000000
1586.010010	-210.000000	0.000000
1586.020020	-210.000000	0.000000
1586.030029	-84.300003	0.000000
1586.040039	-210.000000	0.000000
1586.050049	-210.000000	0.000000
1586.060059	-82.889999	0.000000
1586.069946	-210.000000	0.000000
1586.079956	-81.639999	0.000000
1586.089966	-210.000000	0.000000
1586.099976	-210.000000	0.000000
1586.109985	-210.000000	0.000000
1586.119995	-81.639999	0.000000
1586.130005	-82.430000	0.000000
1586.140015	-210.000000	0.000000
1586.150024	-77.379997	0.000000
1586.160034	-210.000000	0.000000
1586.170044	-83.980003	0.000000
1586.180054	-80.820000	0.000000
1586.189941	-210.000000	0.000000
1586.199951	-210.000000	0.000000
1586.209961	-210.000000	0.000000
1586.219971	-81.459999	0.000000
1586.229980	-210.000000	0.000000
1586.239990	-210.000000	0.000000
1586.250000	-210.000000	0.000000
1586.260010	-92.430000	0.000000
1586.270020	-83.980003	0.000000
1586.280029	-210.000000	0.000000
1586.290039	-210.000000	0.000000
1586.300049	-210.000000	0.000000
1586.310059	-84.300003	0.000000
1586.319946	-84.650002	0.000000
1586.329956	-85.440002	0.000000
1586.339966	-210.000000	0.000000
1586.349976	-210.000000	0.000000
1586.359985	-210.000000	0.000000
1586.369995	-81.129997	0.000000
1586.380005	-89.419998	0.000000
1586.390015	-210.000000	0.000000
1586.400024	-82.019997	0.000000
1586.410034	-95.440002	0.000000
1586.420044	-210.000000	0.000000
1586.430054	-210.000000	0.000000
1586.439941	-210.000000	0.000000
1586.449951	-83.129997	0.000000
1586.459961	-92.430000	0.000000
1586.469971	-210.000000	0.000000
1586.479980	-210.000000	0.000000
1586.489990	-210.000000	0.000000
1586.500000	-81.459999	0.000000
1586.510010	-87.660004	0.000000
1586.520020	-210.000000	0.000000
1586.530029	-210.000000	0.000000
1586.540039	-210.000000	0.000000
1586.550049	-87.660004	0.000000
1586.560059	-210.000000	0.000000
1586.569946	-80.529999	0.000000
1586.579956	-210.000000	0.000000
1586.589966	-210.000000	0.000000
1586.599976	-210.000000	0.000000
1586.609985	-79.879997	0.000000
1586.619995	-85.440002	0.000000
1586.630005	-85.029999	0.000000
1586.640015	-210.000000	0.000000
1586.650024	-210.000000	0.000000
1586.660034	-95.440002	0.000000
1586.670044	-88.449997	0.000000
1586.680054	-95.440002	0.000000
1586.689941	-77.730003	0.000000
1586.699951	-80.669998	0.000000
1586.709961	-210.000000	0.000000
1586.719971	-210.000000	0.000000
1586.729980	-210.000000	0.000000
1586.739990	-90.669998	0.000000
1586.750000	-210.000000	0.000000
1586.760010	-87.660004	0.000000
1586.770020	-210.000000	0.000000
1586.780029	-210.000000	0.000000
1586.790039	-210.000000	0.000000
1586.800049	-210.000000	0.000000
1586.810059	-84.650002	0.000000
1586.819946	-89.419998	0.000000
1586.829956	-86.989998	0.000000
1586.839966	-210.000000	0.000000
1586.849976	-210.000000	0.000000
1586.859985	-210.000000	0.000000
1586.869995	-86.989998	0.000000
1586.880005	-85.900002	0.000000
1586.890015	-210.000000	0.000000
1586.900024	-210.000000	0.000000
1586.910034	-85.900002	0.000000
1586.920044	-80.529999	0.000000
1586.930054	-95.440002	0.000000
1586.939941	-82.430000	0.000000
1586.949951	-210.000000	0.000000
1586.959961	-83.680000	0.000000
1586.969971	-210.000000	0.000000
1586.979980	-81.459999	0.000000
1586.989990	-82.889999	0.000000
1587.000000	-82.889999	0.000000
