Wavelength (nm)	Transmission (dBm)	Linear Transmission
1577.000000	-83.400002	0.000000
1577.010010	-95.440002	0.000000
1577.020020	-210.000000	0.000000
1577.030029	-210.000000	0.000000
1577.040039	-80.820000	0.000000
1577.050049	-84.650002	0.000000
1577.060059	-81.129997	0.000000
1577.069946	-210.000000	0.000000
1577.079956	-210.000000	0.000000
1577.089966	-89.419998	0.000000
1577.099976	-210.000000	0.000000
1577.109985	-80.250000	0.000000
1577.119995	-80.389999	0.000000
1577.130005	-82.889999	0.000000
1577.140015	-85.029999	0.000000
1577.150024	-210.000000	0.000000
1577.160034	-86.410004	0.000000
1577.170044	-81.459999	0.000000
1577.180054	-82.220001	0.000000
1577.189941	-79.309998	0.000000
1577.199951	-210.000000	0.000000
1577.209961	-210.000000	0.000000
1577.219971	-77.879997	0.000000
1577.229980	-95.440002	0.000000
1577.239990	-92.430000	0.000000
1577.250000	-80.000000	0.000000
1577.260010	-78.910004	0.000000
1577.270020	-82.889999	0.000000
1577.280029	-79.099998	0.000000
1577.290039	-79.099998	0.000000
1577.300049	-79.309998	0.000000
1577.310059	-78.910004	0.000000
1577.319946	-95.440002	0.000000
1577.329956	-80.120003	0.000000
1577.339966	-210.000000	0.000000
1577.349976	-79.099998	0.000000
1577.359985	-210.000000	0.000000
1577.369995	-210.000000	0.000000
1577.380005	-77.379997	0.000000
1577.390015	-210.000000	0.000000
1577.400024	-76.870003	0.000000
1577.410034	-80.120003	0.000000
1577.420044	-77.519997	0.000000
1577.430054	-80.970001	0.000000
1577.439941	-82.019997	0.000000
1577.449951	-80.970001	0.000000
1577.459961	-76.989998	0.000000
1577.469971	-83.980003	0.000000
1577.479980	-79.639999	0.000000
1577.489990	-95.440002	0.000000
1577.500000	-81.639999	0.000000
1577.510010	-80.389999	0.000000
1577.520020	-75.989998	0.000000
1577.530029	-78.360001	0.000000
1577.540039	-78.120003	0.000000
1577.550049	-85.440002	0.000000
1577.560059	-210.000000	0.000000
1577.569946	-77.110001	0.000000
1577.579956	-77.309998	0.000000
1577.589966	-82.019997	0.000000
1577.599976	-79.879997	0.000000
1577.609985	-80.669998	0.000000
1577.619995	-76.199997	0.000000
1577.630005	-78.540001	0.000000
1577.640015	-79.879997	0.000000
1577.650024	-78.809998	0.000000
1577.660034	-77.050003	0.000000
1577.670044	-77.050003	0.000000
1577.680054	-78.040001	0.000000
1577.689941	-80.669998	0.000000
1577.699951	-77.309998	0.000000
1577.709961	-74.870003	0.000000
1577.719971	-74.910004	0.000000
1577.729980	-77.519997	0.000000
1577.739990	-80.120003	0.000000
1577.750000	-75.400002	0.000000
1577.760010	-77.660004	0.000000
1577.770020	-77.050003	0.000000
1577.780029	-77.379997	0.000000
1577.790039	-76.459999	0.000000
1577.800049	-77.050003	0.000000
1577.810059	-76.870003	0.000000
1577.819946	-77.519997	0.000000
1577.829956	-75.750000	0.000000
1577.839966	-76.519997	0.000000
1577.849976	-76.250000	0.000000
1577.859985	-75.849998	0.000000
1577.869995	-75.440002	0.000000
1577.880005	-74.540001	0.000000
1577.890015	-73.980003	0.000000
1577.900024	-75.029999	0.000000
1577.910034	-75.110001	0.000000
1577.920044	-74.470001	0.000000
1577.930054	-74.010002	0.000000
1577.939941	-74.989998	0.000000
1577.949951	-75.440002	0.000000
1577.959961	-74.199997	0.000000
1577.969971	-74.010002	0.000000
1577.979980	-73.339996	0.000000
1577.989990	-73.589996	0.000000
1578.000000	-73.959999	0.000000
1578.010010	-73.870003	0.000000
1578.020020	-73.169998	0.000000
1578.030029	-73.349998	0.000000
1578.040039	-72.680000	0.000000
1578.050049	-73.300003	0.000000
1578.060059	-73.070000	0.000000
1578.069946	-71.930000	0.000000
1578.079956	-72.660004	0.000000
1578.089966	-72.209999	0.000000
1578.099976	-72.169998	0.000000
1578.109985	-72.550003	0.000000
1578.119995	-72.709999	0.000000
1578.130005	-72.620003	0.000000
1578.140015	-71.629997	0.000000
1578.150024	-71.779999	0.000000
1578.160034	-72.370003	0.000000
1578.170044	-71.669998	0.000000
1578.180054	-71.379997	0.000000
1578.189941	-71.220001	0.000000
1578.199951	-71.500000	0.000000
1578.209961	-70.589996	0.000000
1578.219971	-69.970001	0.000000
1578.229980	-70.680000	0.000000
1578.239990	-70.639999	0.000000
1578.250000	-70.260002	0.000000
1578.260010	-70.370003	0.000000
1578.270020	-70.360001	0.000000
1578.280029	-70.769997	0.000000
1578.290039	-69.669998	0.000000
1578.300049	-69.809998	0.000000
1578.310059	-70.290001	0.000000
1578.319946	-69.519997	0.000000
1578.329956	-69.330002	0.000000
1578.339966	-69.019997	0.000000
1578.349976	-69.010002	0.000000
1578.359985	-69.209999	0.000000
1578.369995	-68.879997	0.000000
1578.380005	-69.019997	0.000000
1578.390015	-68.790001	0.000000
1578.400024	-68.610001	0.000000
1578.410034	-68.660004	0.000000
1578.420044	-68.750000	0.000000
1578.430054	-68.470001	0.000000
1578.439941	-68.110001	0.000000
1578.449951	-68.610001	0.000000
1578.459961	-68.059998	0.000000
1578.469971	-67.599998	0.000000
1578.479980	-67.669998	0.000000
1578.489990	-67.440002	0.000000
1578.500000	-67.279999	0.000000
1578.510010	-67.019997	0.000000
1578.520020	-66.760002	0.000000
1578.530029	-66.790001	0.000000
1578.540039	-66.559998	0.000000
1578.550049	-66.529999	0.000000
1578.560059	-66.690002	0.000000
1578.569946	-66.720001	0.000000
1578.579956	-66.389999	0.000000
1578.589966	-66.169998	0.000000
1578.599976	-66.150002	0.000000
1578.609985	-65.669998	0.000000
1578.619995	-65.389999	0.000000
1578.630005	-65.320000	0.000000
1578.640015	-64.989998	0.000000
1578.650024	-64.830002	0.000000
1578.660034	-64.540001	0.000000
1578.670044	-64.459999	0.000000
1578.680054	-64.400002	0.000000
1578.689941	-64.650002	0.000000
1578.699951	-64.260002	0.000000
1578.709961	-64.070000	0.000000
1578.719971	-63.930000	0.000000
1578.729980	-63.689999	0.000000
1578.739990	-63.389999	0.000000
1578.750000	-63.209999	0.000000
1578.760010	-62.990002	0.000001
1578.770020	-62.880001	0.000001
1578.780029	-62.759998	0.000001
1578.790039	-62.580002	0.000001
1578.800049	-62.509998	0.000001
1578.810059	-62.450001	0.000001
1578.819946	-62.220001	0.000001
1578.829956	-62.250000	0.000001
1578.839966	-62.200001	0.000001
1578.849976	-61.980000	0.000001
1578.859985	-61.770000	0.000001
1578.869995	-61.570000	0.000001
1578.880005	-61.290001	0.000001
1578.890015	-61.119999	0.000001
1578.900024	-61.060001	0.000001
1578.910034	-60.910000	0.000001
1578.920044	-60.730000	0.000001
1578.930054	-60.700001	0.000001
1578.939941	-60.660000	0.000001
1578.949951	-60.540001	0.000001
1578.959961	-60.500000	0.000001
1578.969971	-60.430000	0.000001
1578.979980	-60.250000	0.000001
1578.989990	-60.049999	0.000001
1579.000000	-59.639999	0.000001
1579.010010	-59.380001	0.000001
1579.020020	-59.169998	0.000001
1579.030029	-59.029999	0.000001
1579.040039	-58.889999	0.000001
1579.050049	-58.869999	0.000001
1579.060059	-58.790001	0.000001
1579.069946	-58.720001	0.000001
1579.079956	-58.740002	0.000001
1579.089966	-58.720001	0.000001
1579.099976	-58.610001	0.000001
1579.109985	-58.410000	0.000001
1579.119995	-58.189999	0.000002
1579.130005	-57.910000	0.000002
1579.140015	-57.709999	0.000002
1579.150024	-57.549999	0.000002
1579.160034	-57.459999	0.000002
1579.170044	-57.340000	0.000002
1579.180054	-57.230000	0.000002
1579.189941	-57.189999	0.000002
1579.199951	-57.189999	0.000002
1579.209961	-57.130001	0.000002
1579.219971	-57.090000	0.000002
1579.229980	-56.959999	0.000002
1579.239990	-56.779999	0.000002
1579.250000	-56.590000	0.000002
1579.260010	-56.380001	0.000002
1579.270020	-56.180000	0.000002
1579.280029	-56.020000	0.000003
1579.290039	-55.869999	0.000003
1579.300049	-55.820000	0.000003
1579.310059	-55.779999	0.000003
1579.319946	-55.740002	0.000003
1579.329956	-55.730000	0.000003
1579.339966	-55.700001	0.000003
1579.349976	-55.650002	0.000003
1579.359985	-55.540001	0.000003
1579.369995	-55.400002	0.000003
1579.380005	-55.200001	0.000003
1579.390015	-55.000000	0.000003
1579.400024	-54.869999	0.000003
1579.410034	-54.689999	0.000003
1579.420044	-54.549999	0.000004
1579.430054	-54.470001	0.000004
1579.439941	-54.450001	0.000004
1579.449951	-54.439999	0.000004
1579.459961	-54.400002	0.000004
1579.469971	-54.360001	0.000004
1579.479980	-54.340000	0.000004
1579.489990	-54.299999	0.000004
1579.500000	-54.230000	0.000004
1579.510010	-54.150002	0.000004
1579.520020	-54.020000	0.000004
1579.530029	-53.820000	0.000004
1579.540039	-53.680000	0.000004
1579.550049	-53.590000	0.000004
1579.560059	-53.509998	0.000004
1579.569946	-53.459999	0.000005
1579.579956	-53.410000	0.000005
1579.589966	-53.360001	0.000005
1579.599976	-53.320000	0.000005
1579.609985	-53.320000	0.000005
1579.619995	-53.360001	0.000005
1579.630005	-53.369999	0.000005
1579.640015	-53.369999	0.000005
1579.650024	-53.369999	0.000005
1579.660034	-53.340000	0.000005
1579.670044	-53.340000	0.000005
1579.680054	-53.290001	0.000005
1579.689941	-53.200001	0.000005
1579.699951	-53.099998	0.000005
1579.709961	-52.959999	0.000005
1579.719971	-52.900002	0.000005
1579.729980	-52.830002	0.000005
1579.739990	-52.750000	0.000005
1579.750000	-52.709999	0.000005
1579.760010	-52.669998	0.000005
1579.770020	-52.610001	0.000005
1579.780029	-52.590000	0.000006
1579.790039	-52.610001	0.000005
1579.800049	-52.650002	0.000005
1579.810059	-52.669998	0.000005
1579.819946	-52.689999	0.000005
1579.829956	-52.680000	0.000005
1579.839966	-52.680000	0.000005
1579.849976	-52.709999	0.000005
1579.859985	-52.720001	0.000005
1579.869995	-52.709999	0.000005
1579.880005	-52.630001	0.000005
1579.890015	-52.520000	0.000006
1579.900024	-52.419998	0.000006
1579.910034	-52.310001	0.000006
1579.920044	-52.259998	0.000006
1579.930054	-52.209999	0.000006
1579.939941	-52.160000	0.000006
1579.949951	-52.099998	0.000006
1579.959961	-52.080002	0.000006
1579.969971	-52.090000	0.000006
1579.979980	-52.119999	0.000006
1579.989990	-52.150002	0.000006
1580.000000	-52.160000	0.000006
1580.010010	-52.180000	0.000006
1580.020020	-52.189999	0.000006
1580.030029	-52.259998	0.000006
1580.040039	-52.279999	0.000006
1580.050049	-52.270000	0.000006
1580.060059	-52.209999	0.000006
1580.069946	-52.130001	0.000006
1580.079956	-52.060001	0.000006
1580.089966	-51.959999	0.000006
1580.099976	-51.900002	0.000006
1580.109985	-51.830002	0.000007
1580.119995	-51.740002	0.000007
1580.130005	-51.689999	0.000007
1580.140015	-51.669998	0.000007
1580.150024	-51.680000	0.000007
1580.160034	-51.689999	0.000007
1580.170044	-51.730000	0.000007
1580.180054	-51.750000	0.000007
1580.189941	-51.740002	0.000007
1580.199951	-51.759998	0.000007
1580.209961	-51.830002	0.000007
1580.219971	-51.849998	0.000007
1580.229980	-51.849998	0.000007
1580.239990	-51.770000	0.000007
1580.250000	-51.669998	0.000007
1580.260010	-51.570000	0.000007
1580.270020	-51.459999	0.000007
1580.280029	-51.400002	0.000007
1580.290039	-51.340000	0.000007
1580.300049	-51.240002	0.000008
1580.310059	-51.209999	0.000008
1580.319946	-51.209999	0.000008
1580.329956	-51.160000	0.000008
1580.339966	-51.139999	0.000008
1580.349976	-51.150002	0.000008
1580.359985	-51.169998	0.000008
1580.369995	-51.200001	0.000008
1580.380005	-51.230000	0.000008
1580.390015	-51.230000	0.000008
1580.400024	-51.209999	0.000008
1580.410034	-51.180000	0.000008
1580.420044	-51.150002	0.000008
1580.430054	-51.099998	0.000008
1580.439941	-50.990002	0.000008
1580.449951	-50.880001	0.000008
1580.459961	-50.740002	0.000008
1580.469971	-50.590000	0.000009
1580.479980	-50.509998	0.000009
1580.489990	-50.450001	0.000009
1580.500000	-50.400002	0.000009
1580.510010	-50.320000	0.000009
1580.520020	-50.270000	0.000009
1580.530029	-50.250000	0.000009
1580.540039	-50.259998	0.000009
1580.550049	-50.259998	0.000009
1580.560059	-50.230000	0.000009
1580.569946	-50.160000	0.000010
1580.579956	-50.000000	0.000010
1580.589966	-49.820000	0.000010
1580.599976	-49.630001	0.000011
1580.609985	-49.430000	0.000011
1580.619995	-49.240002	0.000012
1580.630005	-49.099998	0.000012
1580.640015	-48.980000	0.000013
1580.650024	-48.910000	0.000013
1580.660034	-48.889999	0.000013
1580.670044	-48.880001	0.000013
1580.680054	-48.860001	0.000013
1580.689941	-48.840000	0.000013
1580.699951	-48.799999	0.000013
1580.709961	-48.770000	0.000013
1580.719971	-48.750000	0.000013
1580.729980	-48.709999	0.000013
1580.739990	-48.619999	0.000014
1580.750000	-48.480000	0.000014
1580.760010	-48.320000	0.000015
1580.770020	-48.169998	0.000015
1580.780029	-48.110001	0.000015
1580.790039	-48.090000	0.000016
1580.800049	-48.060001	0.000016
1580.810059	-48.029999	0.000016
1580.819946	-48.000000	0.000016
1580.829956	-48.020000	0.000016
1580.839966	-48.060001	0.000016
1580.849976	-48.110001	0.000015
1580.859985	-48.130001	0.000015
1580.869995	-48.119999	0.000015
1580.880005	-48.080002	0.000016
1580.890015	-48.020000	0.000016
1580.900024	-47.980000	0.000016
1580.910034	-47.919998	0.000016
1580.920044	-47.860001	0.000016
1580.930054	-47.790001	0.000017
1580.939941	-47.740002	0.000017
1580.949951	-47.730000	0.000017
1580.959961	-47.770000	0.000017
1580.969971	-47.820000	0.000017
1580.979980	-47.880001	0.000016
1580.989990	-47.939999	0.000016
1581.000000	-48.020000	0.000016
1581.010010	-48.130001	0.000015
1581.020020	-48.250000	0.000015
1581.030029	-48.320000	0.000015
1581.040039	-48.330002	0.000015
1581.050049	-48.270000	0.000015
1581.060059	-48.189999	0.000015
1581.069946	-48.130001	0.000015
1581.079956	-48.099998	0.000015
1581.089966	-48.090000	0.000016
1581.099976	-48.090000	0.000016
1581.109985	-48.080002	0.000016
1581.119995	-48.099998	0.000015
1581.130005	-48.160000	0.000015
1581.140015	-48.290001	0.000015
1581.150024	-48.410000	0.000014
1581.160034	-48.520000	0.000014
1581.170044	-48.570000	0.000014
1581.180054	-48.570000	0.000014
1581.189941	-48.549999	0.000014
1581.199951	-48.509998	0.000014
1581.209961	-48.450001	0.000014
1581.219971	-48.400002	0.000014
1581.229980	-48.330002	0.000015
1581.239990	-48.290001	0.000015
1581.250000	-48.320000	0.000015
1581.260010	-48.369999	0.000015
1581.270020	-48.439999	0.000014
1581.280029	-48.509998	0.000014
1581.290039	-48.580002	0.000014
1581.300049	-48.639999	0.000014
1581.310059	-48.720001	0.000013
1581.319946	-48.790001	0.000013
1581.329956	-48.849998	0.000013
1581.339966	-48.820000	0.000013
1581.349976	-48.750000	0.000013
1581.359985	-48.669998	0.000014
1581.369995	-48.630001	0.000014
1581.380005	-48.610001	0.000014
1581.390015	-48.610001	0.000014
1581.400024	-48.610001	0.000014
1581.410034	-48.599998	0.000014
1581.420044	-48.630001	0.000014
1581.430054	-48.709999	0.000013
1581.439941	-48.820000	0.000013
1581.449951	-48.939999	0.000013
1581.459961	-49.070000	0.000012
1581.469971	-49.130001	0.000012
1581.479980	-49.169998	0.000012
1581.489990	-49.200001	0.000012
1581.500000	-49.200001	0.000012
1581.510010	-49.169998	0.000012
1581.520020	-49.110001	0.000012
1581.530029	-49.060001	0.000012
1581.540039	-49.040001	0.000012
1581.550049	-49.080002	0.000012
1581.560059	-49.130001	0.000012
1581.569946	-49.200001	0.000012
1581.579956	-49.290001	0.000012
1581.589966	-49.360001	0.000012
1581.599976	-49.419998	0.000011
1581.609985	-49.549999	0.000011
1581.619995	-49.700001	0.000011
1581.630005	-49.790001	0.000010
1581.640015	-49.810001	0.000010
1581.650024	-49.779999	0.000011
1581.660034	-49.730000	0.000011
1581.670044	-49.709999	0.000011
1581.680054	-49.700001	0.000011
1581.689941	-49.709999	0.000011
1581.699951	-49.700001	0.000011
1581.709961	-49.720001	0.000011
1581.719971	-49.770000	0.000011
1581.729980	-49.869999	0.000010
1581.739990	-50.000000	0.000010
1581.750000	-50.119999	0.000010
1581.760010	-50.240002	0.000009
1581.770020	-50.290001	0.000009
1581.780029	-50.310001	0.000009
1581.790039	-50.310001	0.000009
1581.800049	-50.279999	0.000009
1581.810059	-50.209999	0.000010
1581.819946	-50.090000	0.000010
1581.829956	-50.020000	0.000010
1581.839966	-49.970001	0.000010
1581.849976	-49.990002	0.000010
1581.859985	-50.020000	0.000010
1581.869995	-50.049999	0.000010
1581.880005	-50.080002	0.000010
1581.890015	-50.110001	0.000010
1581.900024	-50.180000	0.000010
1581.910034	-50.259998	0.000009
1581.920044	-50.320000	0.000009
1581.930054	-50.320000	0.000009
1581.939941	-50.230000	0.000009
1581.949951	-50.099998	0.000010
1581.959961	-49.990002	0.000010
1581.969971	-49.900002	0.000010
1581.979980	-49.840000	0.000010
1581.989990	-49.790001	0.000010
1582.000000	-49.730000	0.000011
1582.010010	-49.680000	0.000011
1582.020020	-49.709999	0.000011
1582.030029	-49.750000	0.000011
1582.040039	-49.810001	0.000010
1582.050049	-49.880001	0.000010
1582.060059	-49.900002	0.000010
1582.069946	-49.889999	0.000010
1582.079956	-49.869999	0.000010
1582.089966	-49.840000	0.000010
1582.099976	-49.759998	0.000011
1582.109985	-49.619999	0.000011
1582.119995	-49.490002	0.000011
1582.130005	-49.410000	0.000011
1582.140015	-49.360001	0.000012
1582.150024	-49.369999	0.000012
1582.160034	-49.380001	0.000012
1582.170044	-49.410000	0.000011
1582.180054	-49.419998	0.000011
1582.189941	-49.480000	0.000011
1582.199951	-49.540001	0.000011
1582.209961	-49.599998	0.000011
1582.219971	-49.610001	0.000011
1582.229980	-49.549999	0.000011
1582.239990	-49.419998	0.000011
1582.250000	-49.290001	0.000012
1582.260010	-49.200001	0.000012
1582.270020	-49.130001	0.000012
1582.280029	-49.080002	0.000012
1582.290039	-49.020000	0.000013
1582.300049	-48.980000	0.000013
1582.310059	-48.970001	0.000013
1582.319946	-49.020000	0.000013
1582.329956	-49.090000	0.000012
1582.339966	-49.160000	0.000012
1582.349976	-49.240002	0.000012
1582.359985	-49.259998	0.000012
1582.369995	-49.250000	0.000012
1582.380005	-49.220001	0.000012
1582.390015	-49.160000	0.000012
1582.400024	-49.029999	0.000013
1582.410034	-48.820000	0.000013
1582.420044	-48.660000	0.000014
1582.430054	-48.540001	0.000014
1582.439941	-48.500000	0.000014
1582.449951	-48.490002	0.000014
1582.459961	-48.490002	0.000014
1582.469971	-48.490002	0.000014
1582.479980	-48.509998	0.000014
1582.489990	-48.540001	0.000014
1582.500000	-48.610001	0.000014
1582.510010	-48.669998	0.000014
1582.520020	-48.689999	0.000014
1582.530029	-48.599998	0.000014
1582.540039	-48.450001	0.000014
1582.550049	-48.299999	0.000015
1582.560059	-48.200001	0.000015
1582.569946	-48.080002	0.000016
1582.579956	-47.970001	0.000016
1582.589966	-47.869999	0.000016
1582.599976	-47.820000	0.000017
1582.609985	-47.810001	0.000017
1582.619995	-47.849998	0.000016
1582.630005	-47.919998	0.000016
1582.640015	-48.000000	0.000016
1582.650024	-48.040001	0.000016
1582.660034	-48.049999	0.000016
1582.670044	-48.060001	0.000016
1582.680054	-48.020000	0.000016
1582.689941	-47.939999	0.000016
1582.699951	-47.770000	0.000017
1582.709961	-47.619999	0.000017
1582.719971	-47.500000	0.000018
1582.729980	-47.430000	0.000018
1582.739990	-47.430000	0.000018
1582.750000	-47.450001	0.000018
1582.760010	-47.480000	0.000018
1582.770020	-47.509998	0.000018
1582.780029	-47.560001	0.000018
1582.790039	-47.639999	0.000017
1582.800049	-47.759998	0.000017
1582.810059	-47.860001	0.000016
1582.819946	-47.919998	0.000016
1582.829956	-47.889999	0.000016
1582.839966	-47.820000	0.000017
1582.849976	-47.750000	0.000017
1582.859985	-47.669998	0.000017
1582.869995	-47.610001	0.000017
1582.880005	-47.560001	0.000018
1582.890015	-47.540001	0.000018
1582.900024	-47.520000	0.000018
1582.910034	-47.549999	0.000018
1582.920044	-47.619999	0.000017
1582.930054	-47.720001	0.000017
1582.939941	-47.840000	0.000016
1582.949951	-47.919998	0.000016
1582.959961	-48.020000	0.000016
1582.969971	-48.090000	0.000016
1582.979980	-48.150002	0.000015
1582.989990	-48.139999	0.000015
1583.000000	-48.029999	0.000016
1583.010010	-47.939999	0.000016
1583.020020	-47.849998	0.000016
1583.030029	-47.820000	0.000017
1583.040039	-47.830002	0.000016
1583.050049	-47.860001	0.000016
1583.060059	-47.919998	0.000016
1583.069946	-47.980000	0.000016
1583.079956	-48.060001	0.000016
1583.089966	-48.180000	0.000015
1583.099976	-48.349998	0.000015
1583.109985	-48.480000	0.000014
1583.119995	-48.529999	0.000014
1583.130005	-48.480000	0.000014
1583.140015	-48.389999	0.000014
1583.150024	-48.279999	0.000015
1583.160034	-48.200001	0.000015
1583.170044	-48.139999	0.000015
1583.180054	-48.110001	0.000015
1583.189941	-48.099998	0.000015
1583.199951	-48.099998	0.000015
1583.209961	-48.139999	0.000015
1583.219971	-48.220001	0.000015
1583.229980	-48.299999	0.000015
1583.239990	-48.410000	0.000014
1583.250000	-48.480000	0.000014
1583.260010	-48.540001	0.000014
1583.270020	-48.549999	0.000014
1583.280029	-48.509998	0.000014
1583.290039	-48.419998	0.000014
1583.300049	-48.259998	0.000015
1583.310059	-48.150002	0.000015
1583.319946	-48.070000	0.000016
1583.329956	-48.040001	0.000016
1583.339966	-48.040001	0.000016
1583.349976	-48.060001	0.000016
1583.359985	-48.110001	0.000015
1583.369995	-48.139999	0.000015
1583.380005	-48.220001	0.000015
1583.390015	-48.320000	0.000015
1583.400024	-48.450001	0.000014
1583.410034	-48.540001	0.000014
1583.420044	-48.549999	0.000014
1583.430054	-48.490002	0.000014
1583.439941	-48.369999	0.000015
1583.449951	-48.240002	0.000015
1583.459961	-48.139999	0.000015
1583.469971	-48.060001	0.000016
1583.479980	-48.009998	0.000016
1583.489990	-47.980000	0.000016
1583.500000	-47.980000	0.000016
1583.510010	-48.020000	0.000016
1583.520020	-48.080002	0.000016
1583.530029	-48.160000	0.000015
1583.540039	-48.290001	0.000015
1583.550049	-48.360001	0.000015
1583.560059	-48.400002	0.000014
1583.569946	-48.389999	0.000014
1583.579956	-48.330002	0.000015
1583.589966	-48.209999	0.000015
1583.599976	-48.040001	0.000016
1583.609985	-47.939999	0.000016
1583.619995	-47.860001	0.000016
1583.630005	-47.840000	0.000016
1583.640015	-47.849998	0.000016
1583.650024	-47.889999	0.000016
1583.660034	-47.959999	0.000016
1583.670044	-48.009998	0.000016
1583.680054	-48.099998	0.000015
1583.689941	-48.200001	0.000015
1583.699951	-48.290001	0.000015
1583.709961	-48.330002	0.000015
1583.719971	-48.290001	0.000015
1583.729980	-48.180000	0.000015
1583.739990	-48.029999	0.000016
1583.750000	-47.900002	0.000016
1583.760010	-47.810001	0.000017
1583.770020	-47.750000	0.000017
1583.780029	-47.709999	0.000017
1583.790039	-47.680000	0.000017
1583.800049	-47.669998	0.000017
1583.810059	-47.700001	0.000017
1583.819946	-47.770000	0.000017
1583.829956	-47.849998	0.000016
1583.839966	-47.939999	0.000016
1583.849976	-48.040001	0.000016
1583.859985	-48.099998	0.000015
1583.869995	-48.139999	0.000015
1583.880005	-48.160000	0.000015
1583.890015	-48.119999	0.000015
1583.900024	-48.080002	0.000016
1583.910034	-48.020000	0.000016
1583.920044	-47.980000	0.000016
1583.930054	-48.000000	0.000016
1583.939941	-48.049999	0.000016
1583.949951	-48.119999	0.000015
1583.959961	-48.189999	0.000015
1583.969971	-48.279999	0.000015
1583.979980	-48.439999	0.000014
1583.989990	-48.619999	0.000014
1584.000000	-48.790001	0.000013
1584.010010	-48.970001	0.000013
1584.020020	-49.119999	0.000012
1584.030029	-49.230000	0.000012
1584.040039	-49.279999	0.000012
1584.050049	-49.320000	0.000012
1584.060059	-49.369999	0.000012
1584.069946	-49.410000	0.000011
1584.079956	-49.459999	0.000011
1584.089966	-49.520000	0.000011
1584.099976	-49.619999	0.000011
1584.109985	-49.770000	0.000011
1584.119995	-50.000000	0.000010
1584.130005	-50.279999	0.000009
1584.140015	-50.599998	0.000009
1584.150024	-50.939999	0.000008
1584.160034	-51.360001	0.000007
1584.170044	-51.630001	0.000007
1584.180054	-51.830002	0.000007
1584.189941	-51.950001	0.000006
1584.199951	-52.040001	0.000006
1584.209961	-52.119999	0.000006
1584.219971	-52.220001	0.000006
1584.229980	-52.400002	0.000006
1584.239990	-52.590000	0.000006
1584.250000	-52.820000	0.000005
1584.260010	-53.049999	0.000005
1584.270020	-53.430000	0.000005
1584.280029	-53.790001	0.000004
1584.290039	-54.220001	0.000004
1584.300049	-54.619999	0.000003
1584.310059	-55.099998	0.000003
1584.319946	-55.520000	0.000003
1584.329956	-55.810001	0.000003
1584.339966	-56.009998	0.000003
1584.349976	-56.150002	0.000002
1584.359985	-56.209999	0.000002
1584.369995	-56.279999	0.000002
1584.380005	-56.380001	0.000002
1584.390015	-56.480000	0.000002
1584.400024	-56.619999	0.000002
1584.410034	-56.750000	0.000002
1584.420044	-57.009998	0.000002
1584.430054	-57.259998	0.000002
1584.439941	-57.619999	0.000002
1584.449951	-58.020000	0.000002
1584.459961	-58.340000	0.000001
1584.469971	-58.619999	0.000001
1584.479980	-58.810001	0.000001
1584.489990	-58.950001	0.000001
1584.500000	-59.040001	0.000001
1584.510010	-59.160000	0.000001
1584.520020	-59.189999	0.000001
1584.530029	-59.290001	0.000001
1584.540039	-59.349998	0.000001
1584.550049	-59.520000	0.000001
1584.560059	-59.680000	0.000001
1584.569946	-59.880001	0.000001
1584.579956	-60.040001	0.000001
1584.589966	-60.369999	0.000001
1584.599976	-60.779999	0.000001
1584.609985	-61.009998	0.000001
1584.619995	-61.290001	0.000001
1584.630005	-61.459999	0.000001
1584.640015	-61.490002	0.000001
1584.650024	-61.590000	0.000001
1584.660034	-61.480000	0.000001
1584.670044	-61.630001	0.000001
1584.680054	-61.660000	0.000001
1584.689941	-61.750000	0.000001
1584.699951	-61.950001	0.000001
1584.709961	-62.029999	0.000001
1584.719971	-62.250000	0.000001
1584.729980	-62.459999	0.000001
1584.739990	-62.750000	0.000001
1584.750000	-63.040001	0.000000
1584.760010	-63.110001	0.000000
1584.770020	-63.310001	0.000000
1584.780029	-63.490002	0.000000
1584.790039	-63.529999	0.000000
1584.800049	-63.459999	0.000000
1584.810059	-63.560001	0.000000
1584.819946	-63.650002	0.000000
1584.829956	-63.480000	0.000000
1584.839966	-63.770000	0.000000
1584.849976	-63.779999	0.000000
1584.859985	-63.939999	0.000000
1584.869995	-63.849998	0.000000
1584.880005	-64.279999	0.000000
1584.890015	-64.489998	0.000000
1584.900024	-64.790001	0.000000
1584.910034	-64.949997	0.000000
1584.920044	-65.080002	0.000000
1584.930054	-65.550003	0.000000
1584.939941	-65.300003	0.000000
1584.949951	-65.269997	0.000000
1584.959961	-65.220001	0.000000
1584.969971	-65.199997	0.000000
1584.979980	-65.139999	0.000000
1584.989990	-65.540001	0.000000
1585.000000	-65.550003	0.000000
1585.010010	-65.820000	0.000000
1585.020020	-65.989998	0.000000
1585.030029	-66.230003	0.000000
1585.040039	-66.269997	0.000000
1585.050049	-66.459999	0.000000
1585.060059	-66.750000	0.000000
1585.069946	-66.879997	0.000000
1585.079956	-66.989998	0.000000
1585.089966	-66.970001	0.000000
1585.099976	-66.949997	0.000000
1585.109985	-67.099998	0.000000
1585.119995	-66.889999	0.000000
1585.130005	-67.050003	0.000000
1585.140015	-67.169998	0.000000
1585.150024	-67.480003	0.000000
1585.160034	-67.529999	0.000000
1585.170044	-67.410004	0.000000
1585.180054	-67.750000	0.000000
1585.189941	-68.070000	0.000000
1585.199951	-67.860001	0.000000
1585.209961	-68.440002	0.000000
1585.219971	-68.389999	0.000000
1585.229980	-68.839996	0.000000
1585.239990	-69.120003	0.000000
1585.250000	-69.050003	0.000000
1585.260010	-68.830002	0.000000
1585.270020	-69.070000	0.000000
1585.280029	-68.949997	0.000000
1585.290039	-69.089996	0.000000
1585.300049	-69.449997	0.000000
1585.310059	-69.339996	0.000000
1585.319946	-70.080002	0.000000
1585.329956	-70.000000	0.000000
1585.339966	-69.629997	0.000000
1585.349976	-70.320000	0.000000
1585.359985	-70.260002	0.000000
1585.369995	-70.400002	0.000000
1585.380005	-70.750000	0.000000
1585.390015	-71.220001	0.000000
1585.400024	-71.019997	0.000000
1585.410034	-70.930000	0.000000
1585.420044	-70.750000	0.000000
1585.430054	-71.540001	0.000000
1585.439941	-71.040001	0.000000
1585.449951	-70.620003	0.000000
1585.459961	-71.089996	0.000000
1585.469971	-71.139999	0.000000
1585.479980	-72.169998	0.000000
1585.489990	-71.540001	0.000000
1585.500000	-72.260002	0.000000
1585.510010	-71.919998	0.000000
1585.520020	-72.239998	0.000000
1585.530029	-72.699997	0.000000
1585.540039	-73.620003	0.000000
1585.550049	-73.290001	0.000000
1585.560059	-72.339996	0.000000
1585.569946	-73.080002	0.000000
1585.579956	-73.400002	0.000000
1585.589966	-72.580002	0.000000
1585.599976	-72.959999	0.000000
1585.609985	-73.510002	0.000000
1585.619995	-72.860001	0.000000
1585.630005	-73.339996	0.000000
1585.640015	-73.400002	0.000000
1585.650024	-73.190002	0.000000
1585.660034	-74.070000	0.000000
1585.670044	-74.470001	0.000000
1585.680054	-74.400002	0.000000
1585.689941	-73.110001	0.000000
1585.699951	-73.860001	0.000000
1585.709961	-76.089996	0.000000
1585.719971	-76.250000	0.000000
1585.729980	-74.199997	0.000000
1585.739990	-73.800003	0.000000
1585.750000	-74.370003	0.000000
1585.760010	-74.510002	0.000000
1585.770020	-76.459999	0.000000
1585.780029	-76.349998	0.000000
1585.790039	-77.110001	0.000000
1585.800049	-74.440002	0.000000
1585.810059	-75.750000	0.000000
1585.819946	-75.709999	0.000000
1585.829956	-75.750000	0.000000
1585.839966	-76.570000	0.000000
1585.849976	-75.849998	0.000000
1585.859985	-78.910004	0.000000
1585.869995	-77.379997	0.000000
1585.880005	-78.120003	0.000000
1585.890015	-76.040001	0.000000
1585.900024	-78.199997	0.000000
1585.910034	-76.690002	0.000000
1585.920044	-78.279999	0.000000
1585.930054	-78.279999	0.000000
1585.939941	-75.529999	0.000000
1585.949951	-78.199997	0.000000
1585.959961	-77.449997	0.000000
1585.969971	-81.290001	0.000000
1585.979980	-76.349998	0.000000
1585.989990	-76.349998	0.000000
1586.000000	-81.820000	0.000000
1586.010010	-76.930000	0.000000
1586.020020	-75.529999	0.000000
1586.030029	-77.110001	0.000000
1586.040039	-80.250000	0.000000
1586.050049	-77.110001	0.000000
1586.060059	-78.449997	0.000000
1586.069946	-80.000000	0.000000
1586.079956	-78.040001	0.000000
1586.089966	-79.099998	0.000000
1586.099976	-79.099998	0.000000
1586.109985	-77.449997	0.000000
1586.119995	-77.809998	0.000000
1586.130005	-81.639999	0.000000
1586.140015	-81.290001	0.000000
1586.150024	-83.129997	0.000000
1586.160034	-210.000000	0.000000
1586.170044	-80.389999	0.000000
1586.180054	-210.000000	0.000000
1586.189941	-79.760002	0.000000
1586.199951	-80.669998	0.000000
1586.209961	-95.440002	0.000000
1586.219971	-92.430000	0.000000
1586.229980	-78.199997	0.000000
1586.239990	-84.300003	0.000000
1586.250000	-79.760002	0.000000
1586.260010	-80.669998	0.000000
1586.270020	-81.639999	0.000000
1586.280029	-82.220001	0.000000
1586.290039	-81.459999	0.000000
1586.300049	-78.809998	0.000000
1586.310059	-85.900002	0.000000
1586.319946	-79.419998	0.000000
1586.329956	-80.000000	0.000000
1586.339966	-88.449997	0.000000
1586.349976	-87.660004	0.000000
1586.359985	-80.820000	0.000000
1586.369995	-83.980003	0.000000
1586.380005	-81.639999	0.000000
1586.390015	-210.000000	0.000000
1586.400024	-81.290001	0.000000
1586.410034	-82.889999	0.000000
1586.420044	-210.000000	0.000000
1586.430054	-83.129997	0.000000
1586.439941	-92.430000	0.000000
1586.449951	-82.889999	0.000000
1586.459961	-80.389999	0.000000
1586.469971	-80.820000	0.000000
1586.479980	-210.000000	0.000000
1586.489990	-78.720001	0.000000
1586.500000	-82.430000	0.000000
1586.510010	-82.430000	0.000000
1586.520020	-85.029999	0.000000
1586.530029	-80.820000	0.000000
1586.540039	-210.000000	0.000000
1586.550049	-210.000000	0.000000
1586.560059	-82.650002	0.000000
1586.569946	-210.000000	0.000000
1586.579956	-79.639999	0.000000
1586.589966	-210.000000	0.000000
1586.599976	-210.000000	0.000000
1586.609985	-210.000000	0.000000
1586.619995	-85.440002	0.000000
1586.630005	-90.669998	0.000000
1586.640015	-84.300003	0.000000
1586.650024	-86.989998	0.000000
1586.660034	-210.000000	0.000000
1586.670044	-210.000000	0.000000
1586.680054	-95.440002	0.000000
1586.689941	-83.129997	0.000000
1586.699951	-210.000000	0.000000
1586.709961	-210.000000	0.000000
1586.719971	-82.220001	0.000000
1586.729980	-95.440002	0.000000
1586.739990	-85.440002	0.000000
1586.750000	-210.000000	0.000000
1586.760010	-95.440002	0.000000
1586.770020	-81.459999	0.000000
1586.780029	-210.000000	0.000000
1586.790039	-210.000000	0.000000
1586.800049	-83.680000	0.000000
1586.810059	-81.459999	0.000000
1586.819946	-80.000000	0.000000
1586.829956	-92.430000	0.000000
1586.839966	-86.989998	0.000000
1586.849976	-210.000000	0.000000
1586.859985	-210.000000	0.000000
1586.869995	-81.290001	0.000000
1586.880005	-81.820000	0.000000
1586.890015	-210.000000	0.000000
1586.900024	-80.970001	0.000000
1586.910034	-210.000000	0.000000
1586.920044	-210.000000	0.000000
1586.930054	-84.300003	0.000000
1586.939941	-87.660004	0.000000
1586.949951	-210.000000	0.000000
1586.959961	-85.029999	0.000000
1586.969971	-210.000000	0.000000
1586.979980	-88.449997	0.000000
1586.989990	-81.129997	0.000000
1587.000000	-210.000000	0.000000
