Wavelength (nm)	Transmission (dBm)	Linear Transmission
1577.000000	-92.430000	0.000000
1577.010010	-82.650002	0.000000
1577.020020	-210.000000	0.000000
1577.030029	-210.000000	0.000000
1577.040039	-210.000000	0.000000
1577.050049	-210.000000	0.000000
1577.060059	-210.000000	0.000000
1577.069946	-210.000000	0.000000
1577.079956	-90.669998	0.000000
1577.089966	-210.000000	0.000000
1577.099976	-210.000000	0.000000
1577.109985	-210.000000	0.000000
1577.119995	-210.000000	0.000000
1577.130005	-210.000000	0.000000
1577.140015	-85.029999	0.000000
1577.150024	-80.669998	0.000000
1577.160034	-210.000000	0.000000
1577.170044	-210.000000	0.000000
1577.180054	-210.000000	0.000000
1577.189941	-210.000000	0.000000
1577.199951	-83.980003	0.000000
1577.209961	-210.000000	0.000000
1577.219971	-86.989998	0.000000
1577.229980	-210.000000	0.000000
1577.239990	-210.000000	0.000000
1577.250000	-80.820000	0.000000
1577.260010	-81.820000	0.000000
1577.270020	-210.000000	0.000000
1577.280029	-210.000000	0.000000
1577.290039	-81.639999	0.000000
1577.300049	-210.000000	0.000000
1577.310059	-86.410004	0.000000
1577.319946	-84.650002	0.000000
1577.329956	-86.410004	0.000000
1577.339966	-95.440002	0.000000
1577.349976	-210.000000	0.000000
1577.359985	-210.000000	0.000000
1577.369995	-210.000000	0.000000
1577.380005	-84.650002	0.000000
1577.390015	-82.019997	0.000000
1577.400024	-79.529999	0.000000
1577.410034	-210.000000	0.000000
1577.420044	-210.000000	0.000000
1577.430054	-81.820000	0.000000
1577.439941	-210.000000	0.000000
1577.449951	-210.000000	0.000000
1577.459961	-85.900002	0.000000
1577.469971	-82.019997	0.000000
1577.479980	-210.000000	0.000000
1577.489990	-210.000000	0.000000
1577.500000	-210.000000	0.000000
1577.510010	-210.000000	0.000000
1577.520020	-85.029999	0.000000
1577.530029	-83.680000	0.000000
1577.540039	-83.980003	0.000000
1577.550049	-210.000000	0.000000
1577.560059	-86.410004	0.000000
1577.569946	-84.300003	0.000000
1577.579956	-210.000000	0.000000
1577.589966	-210.000000	0.000000
1577.599976	-210.000000	0.000000
1577.609985	-88.449997	0.000000
1577.619995	-81.820000	0.000000
1577.630005	-78.910004	0.000000
1577.640015	-86.989998	0.000000
1577.650024	-92.430000	0.000000
1577.660034	-210.000000	0.000000
1577.670044	-90.669998	0.000000
1577.680054	-85.440002	0.000000
1577.689941	-210.000000	0.000000
1577.699951	-210.000000	0.000000
1577.709961	-87.660004	0.000000
1577.719971	-83.129997	0.000000
1577.729980	-83.980003	0.000000
1577.739990	-86.410004	0.000000
1577.750000	-210.000000	0.000000
1577.760010	-82.220001	0.000000
1577.770020	-210.000000	0.000000
1577.780029	-80.529999	0.000000
1577.790039	-83.980003	0.000000
1577.800049	-210.000000	0.000000
1577.810059	-84.650002	0.000000
1577.819946	-210.000000	0.000000
1577.829956	-80.970001	0.000000
1577.839966	-210.000000	0.000000
1577.849976	-210.000000	0.000000
1577.859985	-83.400002	0.000000
1577.869995	-85.440002	0.000000
1577.880005	-210.000000	0.000000
1577.890015	-79.000000	0.000000
1577.900024	-210.000000	0.000000
1577.910034	-88.449997	0.000000
1577.920044	-95.440002	0.000000
1577.930054	-83.980003	0.000000
1577.939941	-210.000000	0.000000
1577.949951	-210.000000	0.000000
1577.959961	-80.120003	0.000000
1577.969971	-92.430000	0.000000
1577.979980	-210.000000	0.000000
1577.989990	-210.000000	0.000000
1578.000000	-78.459999	0.000000
1578.010010	-82.029999	0.000000
1578.020020	-210.000000	0.000000
1578.030029	-80.540001	0.000000
1578.040039	-210.000000	0.000000
1578.050049	-210.000000	0.000000
1578.060059	-83.989998	0.000000
1578.069946	-84.309998	0.000000
1578.079956	-210.000000	0.000000
1578.089966	-210.000000	0.000000
1578.099976	-210.000000	0.000000
1578.109985	-95.449997	0.000000
1578.119995	-210.000000	0.000000
1578.130005	-83.139999	0.000000
1578.140015	-210.000000	0.000000
1578.150024	-88.459999	0.000000
1578.160034	-210.000000	0.000000
1578.170044	-210.000000	0.000000
1578.180054	-210.000000	0.000000
1578.189941	-83.690002	0.000000
1578.199951	-82.900002	0.000000
1578.209961	-80.680000	0.000000
1578.219971	-78.820000	0.000000
1578.229980	-80.830002	0.000000
1578.239990	-210.000000	0.000000
1578.250000	-210.000000	0.000000
1578.260010	-210.000000	0.000000
1578.270020	-210.000000	0.000000
1578.280029	-82.230003	0.000000
1578.290039	-86.419998	0.000000
1578.300049	-210.000000	0.000000
1578.310059	-210.000000	0.000000
1578.319946	-210.000000	0.000000
1578.329956	-210.000000	0.000000
1578.339966	-210.000000	0.000000
1578.349976	-81.300003	0.000000
1578.359985	-84.309998	0.000000
1578.369995	-82.440002	0.000000
1578.380005	-210.000000	0.000000
1578.390015	-92.440002	0.000000
1578.400024	-210.000000	0.000000
1578.410034	-88.459999	0.000000
1578.420044	-210.000000	0.000000
1578.430054	-210.000000	0.000000
1578.439941	-83.410004	0.000000
1578.449951	-210.000000	0.000000
1578.459961	-210.000000	0.000000
1578.469971	-210.000000	0.000000
1578.479980	-210.000000	0.000000
1578.489990	-210.000000	0.000000
1578.500000	-210.000000	0.000000
1578.510010	-83.690002	0.000000
1578.520020	-86.419998	0.000000
1578.530029	-89.430000	0.000000
1578.540039	-87.669998	0.000000
1578.550049	-95.449997	0.000000
1578.560059	-82.230003	0.000000
1578.569946	-82.660004	0.000000
1578.579956	-210.000000	0.000000
1578.589966	-87.669998	0.000000
1578.599976	-89.430000	0.000000
1578.609985	-81.300003	0.000000
1578.619995	-83.139999	0.000000
1578.630005	-210.000000	0.000000
1578.640015	-210.000000	0.000000
1578.650024	-83.690002	0.000000
1578.660034	-83.690002	0.000000
1578.670044	-210.000000	0.000000
1578.680054	-210.000000	0.000000
1578.689941	-210.000000	0.000000
1578.699951	-210.000000	0.000000
1578.709961	-80.680000	0.000000
1578.719971	-84.309998	0.000000
1578.729980	-210.000000	0.000000
1578.739990	-89.430000	0.000000
1578.750000	-83.690002	0.000000
1578.760010	-80.400002	0.000000
1578.770020	-210.000000	0.000000
1578.780029	-210.000000	0.000000
1578.790039	-210.000000	0.000000
1578.800049	-210.000000	0.000000
1578.810059	-210.000000	0.000000
1578.819946	-81.830002	0.000000
1578.829956	-87.000000	0.000000
1578.839966	-210.000000	0.000000
1578.849976	-210.000000	0.000000
1578.859985	-84.309998	0.000000
1578.869995	-87.000000	0.000000
1578.880005	-210.000000	0.000000
1578.890015	-84.660004	0.000000
1578.900024	-86.419998	0.000000
1578.910034	-95.449997	0.000000
1578.920044	-85.040001	0.000000
1578.930054	-85.910004	0.000000
1578.939941	-210.000000	0.000000
1578.949951	-210.000000	0.000000
1578.959961	-210.000000	0.000000
1578.969971	-210.000000	0.000000
1578.979980	-80.980003	0.000000
1578.989990	-210.000000	0.000000
1579.000000	-82.029999	0.000000
1579.010010	-82.440002	0.000000
1579.020020	-82.900002	0.000000
1579.030029	-84.660004	0.000000
1579.040039	-210.000000	0.000000
1579.050049	-210.000000	0.000000
1579.060059	-210.000000	0.000000
1579.069946	-86.419998	0.000000
1579.079956	-81.300003	0.000000
1579.089966	-210.000000	0.000000
1579.099976	-81.650002	0.000000
1579.109985	-95.449997	0.000000
1579.119995	-79.650002	0.000000
1579.130005	-210.000000	0.000000
1579.140015	-210.000000	0.000000
1579.150024	-210.000000	0.000000
1579.160034	-210.000000	0.000000
1579.170044	-84.309998	0.000000
1579.180054	-88.459999	0.000000
1579.189941	-79.540001	0.000000
1579.199951	-80.400002	0.000000
1579.209961	-210.000000	0.000000
1579.219971	-80.680000	0.000000
1579.229980	-210.000000	0.000000
1579.239990	-210.000000	0.000000
1579.250000	-85.910004	0.000000
1579.260010	-210.000000	0.000000
1579.270020	-210.000000	0.000000
1579.280029	-90.680000	0.000000
1579.290039	-210.000000	0.000000
1579.300049	-210.000000	0.000000
1579.310059	-210.000000	0.000000
1579.319946	-210.000000	0.000000
1579.329956	-210.000000	0.000000
1579.339966	-210.000000	0.000000
1579.349976	-82.029999	0.000000
1579.359985	-210.000000	0.000000
1579.369995	-81.470001	0.000000
1579.380005	-210.000000	0.000000
1579.390015	-82.660004	0.000000
1579.400024	-85.449997	0.000000
1579.410034	-210.000000	0.000000
1579.420044	-210.000000	0.000000
1579.430054	-210.000000	0.000000
1579.439941	-83.410004	0.000000
1579.449951	-210.000000	0.000000
1579.459961	-210.000000	0.000000
1579.469971	-87.669998	0.000000
1579.479980	-210.000000	0.000000
1579.489990	-82.230003	0.000000
1579.500000	-81.139999	0.000000
1579.510010	-210.000000	0.000000
1579.520020	-210.000000	0.000000
1579.530029	-81.300003	0.000000
1579.540039	-88.459999	0.000000
1579.550049	-82.230003	0.000000
1579.560059	-85.910004	0.000000
1579.569946	-210.000000	0.000000
1579.579956	-210.000000	0.000000
1579.589966	-210.000000	0.000000
1579.599976	-210.000000	0.000000
1579.609985	-87.000000	0.000000
1579.619995	-80.260002	0.000000
1579.630005	-210.000000	0.000000
1579.640015	-85.910004	0.000000
1579.650024	-210.000000	0.000000
1579.660034	-210.000000	0.000000
1579.670044	-80.129997	0.000000
1579.680054	-89.430000	0.000000
1579.689941	-81.650002	0.000000
1579.699951	-79.769997	0.000000
1579.709961	-87.000000	0.000000
1579.719971	-210.000000	0.000000
1579.729980	-85.040001	0.000000
1579.739990	-210.000000	0.000000
1579.750000	-88.459999	0.000000
1579.760010	-210.000000	0.000000
1579.770020	-210.000000	0.000000
1579.780029	-80.129997	0.000000
1579.790039	-90.680000	0.000000
1579.800049	-210.000000	0.000000
1579.810059	-92.440002	0.000000
1579.819946	-210.000000	0.000000
1579.829956	-88.459999	0.000000
1579.839966	-82.029999	0.000000
1579.849976	-82.660004	0.000000
1579.859985	-84.309998	0.000000
1579.869995	-210.000000	0.000000
1579.880005	-210.000000	0.000000
1579.890015	-210.000000	0.000000
1579.900024	-78.919998	0.000000
1579.910034	-84.660004	0.000000
1579.920044	-210.000000	0.000000
1579.930054	-210.000000	0.000000
1579.939941	-85.449997	0.000000
1579.949951	-210.000000	0.000000
1579.959961	-86.419998	0.000000
1579.969971	-88.459999	0.000000
1579.979980	-210.000000	0.000000
1579.989990	-82.660004	0.000000
1580.000000	-95.449997	0.000000
1580.010010	-90.680000	0.000000
1580.020020	-80.540001	0.000000
1580.030029	-89.430000	0.000000
1580.040039	-210.000000	0.000000
1580.050049	-210.000000	0.000000
1580.060059	-89.430000	0.000000
1580.069946	-210.000000	0.000000
1580.079956	-89.430000	0.000000
1580.089966	-210.000000	0.000000
1580.099976	-210.000000	0.000000
1580.109985	-87.000000	0.000000
1580.119995	-210.000000	0.000000
1580.130005	-210.000000	0.000000
1580.140015	-85.449997	0.000000
1580.150024	-79.110001	0.000000
1580.160034	-210.000000	0.000000
1580.170044	-210.000000	0.000000
1580.180054	-210.000000	0.000000
1580.189941	-87.000000	0.000000
1580.199951	-79.110001	0.000000
1580.209961	-82.440002	0.000000
1580.219971	-210.000000	0.000000
1580.229980	-83.989998	0.000000
1580.239990	-85.910004	0.000000
1580.250000	-210.000000	0.000000
1580.260010	-82.900002	0.000000
1580.270020	-82.440002	0.000000
1580.280029	-80.010002	0.000000
1580.290039	-95.449997	0.000000
1580.300049	-210.000000	0.000000
1580.310059	-86.419998	0.000000
1580.319946	-78.290001	0.000000
1580.329956	-78.730003	0.000000
1580.339966	-92.440002	0.000000
1580.349976	-210.000000	0.000000
1580.359985	-85.040001	0.000000
1580.369995	-85.910004	0.000000
1580.380005	-210.000000	0.000000
1580.390015	-81.139999	0.000000
1580.400024	-87.669998	0.000000
1580.410034	-80.129997	0.000000
1580.420044	-78.919998	0.000000
1580.430054	-83.989998	0.000000
1580.439941	-77.190002	0.000000
1580.449951	-80.680000	0.000000
1580.459961	-76.639999	0.000000
1580.469971	-78.550003	0.000000
1580.479980	-78.209999	0.000000
1580.489990	-77.000000	0.000000
1580.500000	-77.830002	0.000000
1580.510010	-79.120003	0.000000
1580.520020	-76.830002	0.000000
1580.530029	-75.290001	0.000000
1580.540039	-73.879997	0.000000
1580.550049	-72.580002	0.000000
1580.560059	-71.239998	0.000000
1580.569946	-70.160004	0.000000
1580.579956	-68.820000	0.000000
1580.589966	-67.489998	0.000000
1580.599976	-66.930000	0.000000
1580.609985	-66.529999	0.000000
1580.619995	-66.230003	0.000000
1580.630005	-66.129997	0.000000
1580.640015	-65.919998	0.000000
1580.650024	-65.900002	0.000000
1580.660034	-65.709999	0.000000
1580.670044	-65.400002	0.000000
1580.680054	-65.330002	0.000000
1580.689941	-65.129997	0.000000
1580.699951	-64.709999	0.000000
1580.709961	-64.430000	0.000000
1580.719971	-63.959999	0.000000
1580.729980	-63.660000	0.000000
1580.739990	-63.430000	0.000000
1580.750000	-63.139999	0.000000
1580.760010	-62.939999	0.000001
1580.770020	-62.689999	0.000001
1580.780029	-62.560001	0.000001
1580.790039	-62.549999	0.000001
1580.800049	-62.400002	0.000001
1580.810059	-62.470001	0.000001
1580.819946	-62.290001	0.000001
1580.829956	-62.279999	0.000001
1580.839966	-62.189999	0.000001
1580.849976	-61.959999	0.000001
1580.859985	-61.889999	0.000001
1580.869995	-61.750000	0.000001
1580.880005	-61.490002	0.000001
1580.890015	-61.290001	0.000001
1580.900024	-61.090000	0.000001
1580.910034	-61.080002	0.000001
1580.920044	-60.900002	0.000001
1580.930054	-60.930000	0.000001
1580.939941	-60.919998	0.000001
1580.949951	-60.919998	0.000001
1580.959961	-60.910000	0.000001
1580.969971	-61.040001	0.000001
1580.979980	-61.099998	0.000001
1580.989990	-61.230000	0.000001
1581.000000	-61.290001	0.000001
1581.010010	-61.299999	0.000001
1581.020020	-61.209999	0.000001
1581.030029	-61.169998	0.000001
1581.040039	-61.070000	0.000001
1581.050049	-60.889999	0.000001
1581.060059	-60.779999	0.000001
1581.069946	-60.680000	0.000001
1581.079956	-60.650002	0.000001
1581.089966	-60.669998	0.000001
1581.099976	-60.720001	0.000001
1581.109985	-60.820000	0.000001
1581.119995	-60.849998	0.000001
1581.130005	-60.980000	0.000001
1581.140015	-61.060001	0.000001
1581.150024	-61.209999	0.000001
1581.160034	-61.209999	0.000001
1581.170044	-61.209999	0.000001
1581.180054	-61.119999	0.000001
1581.189941	-61.020000	0.000001
1581.199951	-60.959999	0.000001
1581.209961	-60.849998	0.000001
1581.219971	-60.910000	0.000001
1581.229980	-60.950001	0.000001
1581.239990	-61.020000	0.000001
1581.250000	-60.990002	0.000001
1581.260010	-61.130001	0.000001
1581.270020	-61.240002	0.000001
1581.280029	-61.419998	0.000001
1581.290039	-61.560001	0.000001
1581.300049	-61.599998	0.000001
1581.310059	-61.669998	0.000001
1581.319946	-61.720001	0.000001
1581.329956	-61.619999	0.000001
1581.339966	-61.590000	0.000001
1581.349976	-61.590000	0.000001
1581.359985	-61.599998	0.000001
1581.369995	-61.610001	0.000001
1581.380005	-61.619999	0.000001
1581.390015	-61.599998	0.000001
1581.400024	-61.750000	0.000001
1581.410034	-61.740002	0.000001
1581.420044	-61.840000	0.000001
1581.430054	-61.900002	0.000001
1581.439941	-62.070000	0.000001
1581.449951	-62.209999	0.000001
1581.459961	-62.290001	0.000001
1581.469971	-62.330002	0.000001
1581.479980	-62.209999	0.000001
1581.489990	-62.080002	0.000001
1581.500000	-62.049999	0.000001
1581.510010	-62.009998	0.000001
1581.520020	-61.910000	0.000001
1581.530029	-61.840000	0.000001
1581.540039	-61.770000	0.000001
1581.550049	-61.720001	0.000001
1581.560059	-61.639999	0.000001
1581.569946	-61.570000	0.000001
1581.579956	-61.549999	0.000001
1581.589966	-61.490002	0.000001
1581.599976	-61.389999	0.000001
1581.609985	-61.250000	0.000001
1581.619995	-61.049999	0.000001
1581.630005	-60.810001	0.000001
1581.640015	-60.430000	0.000001
1581.650024	-60.169998	0.000001
1581.660034	-59.790001	0.000001
1581.670044	-59.570000	0.000001
1581.680054	-59.349998	0.000001
1581.689941	-59.220001	0.000001
1581.699951	-58.990002	0.000001
1581.709961	-58.869999	0.000001
1581.719971	-58.669998	0.000001
1581.729980	-58.400002	0.000001
1581.739990	-58.150002	0.000002
1581.750000	-57.919998	0.000002
1581.760010	-57.439999	0.000002
1581.770020	-57.119999	0.000002
1581.780029	-56.700001	0.000002
1581.790039	-56.400002	0.000002
1581.800049	-56.080002	0.000002
1581.810059	-55.799999	0.000003
1581.819946	-55.480000	0.000003
1581.829956	-55.250000	0.000003
1581.839966	-55.009998	0.000003
1581.849976	-54.820000	0.000003
1581.859985	-54.619999	0.000003
1581.869995	-54.430000	0.000004
1581.880005	-54.299999	0.000004
1581.890015	-54.139999	0.000004
1581.900024	-53.869999	0.000004
1581.910034	-53.549999	0.000004
1581.920044	-53.200001	0.000005
1581.930054	-52.730000	0.000005
1581.939941	-52.369999	0.000006
1581.949951	-52.029999	0.000006
1581.959961	-51.720001	0.000007
1581.969971	-51.450001	0.000007
1581.979980	-51.110001	0.000008
1581.989990	-50.959999	0.000008
1582.000000	-50.740002	0.000008
1582.010010	-50.590000	0.000009
1582.020020	-50.430000	0.000009
1582.030029	-50.279999	0.000009
1582.040039	-50.080002	0.000010
1582.050049	-49.770000	0.000011
1582.060059	-49.509998	0.000011
1582.069946	-49.279999	0.000012
1582.079956	-49.049999	0.000012
1582.089966	-48.810001	0.000013
1582.099976	-48.540001	0.000014
1582.109985	-48.220001	0.000015
1582.119995	-48.029999	0.000016
1582.130005	-47.880001	0.000016
1582.140015	-47.770000	0.000017
1582.150024	-47.650002	0.000017
1582.160034	-47.560001	0.000018
1582.170044	-47.419998	0.000018
1582.180054	-47.330002	0.000018
1582.189941	-47.230000	0.000019
1582.199951	-47.130001	0.000019
1582.209961	-46.990002	0.000020
1582.219971	-46.799999	0.000021
1582.229980	-46.549999	0.000022
1582.239990	-46.380001	0.000023
1582.250000	-46.240002	0.000024
1582.260010	-46.160000	0.000024
1582.270020	-46.099998	0.000025
1582.280029	-46.029999	0.000025
1582.290039	-45.930000	0.000026
1582.300049	-45.869999	0.000026
1582.310059	-45.840000	0.000026
1582.319946	-45.840000	0.000026
1582.329956	-45.830002	0.000026
1582.339966	-45.799999	0.000026
1582.349976	-45.720001	0.000027
1582.359985	-45.660000	0.000027
1582.369995	-45.610001	0.000027
1582.380005	-45.529999	0.000028
1582.390015	-45.430000	0.000029
1582.400024	-45.310001	0.000029
1582.410034	-45.160000	0.000030
1582.420044	-45.070000	0.000031
1582.430054	-45.029999	0.000031
1582.439941	-45.020000	0.000031
1582.449951	-45.009998	0.000032
1582.459961	-45.009998	0.000032
1582.469971	-45.000000	0.000032
1582.479980	-45.029999	0.000031
1582.489990	-45.080002	0.000031
1582.500000	-45.130001	0.000031
1582.510010	-45.130001	0.000031
1582.520020	-45.080002	0.000031
1582.530029	-44.959999	0.000032
1582.540039	-44.860001	0.000033
1582.550049	-44.790001	0.000033
1582.560059	-44.759998	0.000033
1582.569946	-44.709999	0.000034
1582.579956	-44.650002	0.000034
1582.589966	-44.599998	0.000035
1582.599976	-44.610001	0.000035
1582.609985	-44.660000	0.000034
1582.619995	-44.740002	0.000034
1582.630005	-44.810001	0.000033
1582.640015	-44.880001	0.000033
1582.650024	-44.900002	0.000032
1582.660034	-44.910000	0.000032
1582.670044	-44.930000	0.000032
1582.680054	-44.919998	0.000032
1582.689941	-44.889999	0.000032
1582.699951	-44.820000	0.000033
1582.709961	-44.759998	0.000033
1582.719971	-44.740002	0.000034
1582.729980	-44.759998	0.000033
1582.739990	-44.810001	0.000033
1582.750000	-44.849998	0.000033
1582.760010	-44.910000	0.000032
1582.770020	-44.980000	0.000032
1582.780029	-45.070000	0.000031
1582.790039	-45.200001	0.000030
1582.800049	-45.330002	0.000029
1582.810059	-45.419998	0.000029
1582.819946	-45.470001	0.000028
1582.829956	-45.459999	0.000028
1582.839966	-45.450001	0.000029
1582.849976	-45.459999	0.000028
1582.859985	-45.470001	0.000028
1582.869995	-45.480000	0.000028
1582.880005	-45.500000	0.000028
1582.890015	-45.529999	0.000028
1582.900024	-45.599998	0.000028
1582.910034	-45.730000	0.000027
1582.920044	-45.880001	0.000026
1582.930054	-46.029999	0.000025
1582.939941	-46.200001	0.000024
1582.949951	-46.320000	0.000023
1582.959961	-46.480000	0.000022
1582.969971	-46.619999	0.000022
1582.979980	-46.720001	0.000021
1582.989990	-46.759998	0.000021
1583.000000	-46.750000	0.000021
1583.010010	-46.750000	0.000021
1583.020020	-46.779999	0.000021
1583.030029	-46.849998	0.000021
1583.040039	-46.919998	0.000020
1583.050049	-47.009998	0.000020
1583.060059	-47.130001	0.000019
1583.069946	-47.240002	0.000019
1583.079956	-47.419998	0.000018
1583.089966	-47.630001	0.000017
1583.099976	-47.830002	0.000016
1583.109985	-47.959999	0.000016
1583.119995	-48.029999	0.000016
1583.130005	-48.029999	0.000016
1583.140015	-48.020000	0.000016
1583.150024	-48.020000	0.000016
1583.160034	-48.029999	0.000016
1583.170044	-48.049999	0.000016
1583.180054	-48.070000	0.000016
1583.189941	-48.099998	0.000015
1583.199951	-48.169998	0.000015
1583.209961	-48.290001	0.000015
1583.219971	-48.419998	0.000014
1583.229980	-48.529999	0.000014
1583.239990	-48.669998	0.000014
1583.250000	-48.790001	0.000013
1583.260010	-48.889999	0.000013
1583.270020	-48.959999	0.000013
1583.280029	-48.959999	0.000013
1583.290039	-48.910000	0.000013
1583.300049	-48.820000	0.000013
1583.310059	-48.750000	0.000013
1583.319946	-48.750000	0.000013
1583.329956	-48.770000	0.000013
1583.339966	-48.820000	0.000013
1583.349976	-48.860001	0.000013
1583.359985	-48.950001	0.000013
1583.369995	-49.040001	0.000012
1583.380005	-49.200001	0.000012
1583.390015	-49.380001	0.000012
1583.400024	-49.529999	0.000011
1583.410034	-49.630001	0.000011
1583.420044	-49.630001	0.000011
1583.430054	-49.570000	0.000011
1583.439941	-49.509998	0.000011
1583.449951	-49.450001	0.000011
1583.459961	-49.400002	0.000011
1583.469971	-49.369999	0.000012
1583.479980	-49.349998	0.000012
1583.489990	-49.380001	0.000012
1583.500000	-49.439999	0.000011
1583.510010	-49.549999	0.000011
1583.520020	-49.639999	0.000011
1583.530029	-49.770000	0.000011
1583.540039	-49.919998	0.000010
1583.550049	-50.040001	0.000010
1583.560059	-50.119999	0.000010
1583.569946	-50.139999	0.000010
1583.579956	-50.080002	0.000010
1583.589966	-49.990002	0.000010
1583.599976	-49.869999	0.000010
1583.609985	-49.830002	0.000010
1583.619995	-49.820000	0.000010
1583.630005	-49.860001	0.000010
1583.640015	-49.910000	0.000010
1583.650024	-49.990002	0.000010
1583.660034	-50.099998	0.000010
1583.670044	-50.230000	0.000009
1583.680054	-50.400002	0.000009
1583.689941	-50.580002	0.000009
1583.699951	-50.680000	0.000009
1583.709961	-50.720001	0.000008
1583.719971	-50.680000	0.000009
1583.729980	-50.590000	0.000009
1583.739990	-50.509998	0.000009
1583.750000	-50.459999	0.000009
1583.760010	-50.419998	0.000009
1583.770020	-50.400002	0.000009
1583.780029	-50.400002	0.000009
1583.790039	-50.430000	0.000009
1583.800049	-50.500000	0.000009
1583.810059	-50.599998	0.000009
1583.819946	-50.709999	0.000008
1583.829956	-50.849998	0.000008
1583.839966	-50.990002	0.000008
1583.849976	-51.200001	0.000008
1583.859985	-51.349998	0.000007
1583.869995	-51.450001	0.000007
1583.880005	-51.500000	0.000007
1583.890015	-51.509998	0.000007
1583.900024	-51.500000	0.000007
1583.910034	-51.509998	0.000007
1583.920044	-51.580002	0.000007
1583.930054	-51.669998	0.000007
1583.939941	-51.770000	0.000007
1583.949951	-51.889999	0.000006
1583.959961	-52.020000	0.000006
1583.969971	-52.220001	0.000006
1583.979980	-52.540001	0.000006
1583.989990	-52.820000	0.000005
1584.000000	-53.070000	0.000005
1584.010010	-53.279999	0.000005
1584.020020	-53.520000	0.000004
1584.030029	-53.689999	0.000004
1584.040039	-53.779999	0.000004
1584.050049	-53.830002	0.000004
1584.060059	-53.910000	0.000004
1584.069946	-54.009998	0.000004
1584.079956	-54.150002	0.000004
1584.089966	-54.330002	0.000004
1584.099976	-54.529999	0.000004
1584.109985	-54.779999	0.000003
1584.119995	-55.160000	0.000003
1584.130005	-55.660000	0.000003
1584.140015	-56.259998	0.000002
1584.150024	-56.869999	0.000002
1584.160034	-57.459999	0.000002
1584.170044	-57.770000	0.000002
1584.180054	-57.970001	0.000002
1584.189941	-58.139999	0.000002
1584.199951	-58.340000	0.000001
1584.209961	-58.540001	0.000001
1584.219971	-58.750000	0.000001
1584.229980	-59.049999	0.000001
1584.239990	-59.310001	0.000001
1584.250000	-59.740002	0.000001
1584.260010	-60.250000	0.000001
1584.270020	-60.860001	0.000001
1584.280029	-61.580002	0.000001
1584.290039	-62.099998	0.000001
1584.300049	-62.770000	0.000001
1584.310059	-63.380001	0.000000
1584.319946	-63.900002	0.000000
1584.329956	-63.980000	0.000000
1584.339966	-64.110001	0.000000
1584.349976	-64.239998	0.000000
1584.359985	-64.279999	0.000000
1584.369995	-64.410004	0.000000
1584.380005	-64.550003	0.000000
1584.390015	-64.739998	0.000000
1584.400024	-64.830002	0.000000
1584.410034	-65.199997	0.000000
1584.420044	-65.599998	0.000000
1584.430054	-65.769997	0.000000
1584.439941	-66.349998	0.000000
1584.449951	-66.680000	0.000000
1584.459961	-67.169998	0.000000
1584.469971	-67.199997	0.000000
1584.479980	-67.330002	0.000000
1584.489990	-67.739998	0.000000
1584.500000	-67.510002	0.000000
1584.510010	-67.620003	0.000000
1584.520020	-68.320000	0.000000
1584.530029	-67.930000	0.000000
1584.540039	-68.510002	0.000000
1584.550049	-68.570000	0.000000
1584.560059	-68.540001	0.000000
1584.569946	-69.139999	0.000000
1584.579956	-69.320000	0.000000
1584.589966	-69.230003	0.000000
1584.599976	-70.000000	0.000000
1584.609985	-70.279999	0.000000
1584.619995	-70.709999	0.000000
1584.630005	-70.809998	0.000000
1584.640015	-70.870003	0.000000
1584.650024	-70.809998	0.000000
1584.660034	-71.059998	0.000000
1584.670044	-70.949997	0.000000
1584.680054	-71.019997	0.000000
1584.689941	-70.750000	0.000000
1584.699951	-71.250000	0.000000
1584.709961	-72.330002	0.000000
1584.719971	-71.269997	0.000000
1584.729980	-71.930000	0.000000
1584.739990	-72.500000	0.000000
1584.750000	-72.870003	0.000000
1584.760010	-73.519997	0.000000
1584.770020	-73.720001	0.000000
1584.780029	-73.220001	0.000000
1584.790039	-73.089996	0.000000
1584.800049	-74.589996	0.000000
1584.810059	-73.809998	0.000000
1584.819946	-73.660004	0.000000
1584.829956	-74.730003	0.000000
1584.839966	-75.199997	0.000000
1584.849976	-73.870003	0.000000
1584.859985	-74.110001	0.000000
1584.869995	-73.930000	0.000000
1584.880005	-74.730003	0.000000
1584.890015	-75.120003	0.000000
1584.900024	-74.589996	0.000000
1584.910034	-75.540001	0.000000
1584.920044	-76.209999	0.000000
1584.930054	-76.000000	0.000000
1584.939941	-79.889999	0.000000
1584.949951	-77.250000	0.000000
1584.959961	-75.449997	0.000000
1584.969971	-74.959999	0.000000
1584.979980	-74.839996	0.000000
1584.989990	-76.820000	0.000000
1585.000000	-76.099998	0.000000
1585.010010	-75.669998	0.000000
1585.020020	-79.010002	0.000000
1585.030029	-78.459999	0.000000
1585.040039	-75.760002	0.000000
1585.050049	-77.970001	0.000000
1585.060059	-78.370003	0.000000
1585.069946	-78.050003	0.000000
1585.079956	-79.769997	0.000000
1585.089966	-82.660004	0.000000
1585.099976	-76.309998	0.000000
1585.109985	-86.419998	0.000000
1585.119995	-78.209999	0.000000
1585.130005	-76.879997	0.000000
1585.140015	-78.639999	0.000000
1585.150024	-84.660004	0.000000
1585.160034	-84.309998	0.000000
1585.170044	-80.540001	0.000000
1585.180054	-79.010002	0.000000
1585.189941	-79.540001	0.000000
1585.199951	-79.769997	0.000000
1585.209961	-77.529999	0.000000
1585.219971	-80.980003	0.000000
1585.229980	-82.230003	0.000000
1585.239990	-80.010002	0.000000
1585.250000	-78.550003	0.000000
1585.260010	-78.550003	0.000000
1585.270020	-79.110001	0.000000
1585.280029	-210.000000	0.000000
1585.290039	-78.730003	0.000000
1585.300049	-77.889999	0.000000
1585.310059	-82.230003	0.000000
1585.319946	-78.550003	0.000000
1585.329956	-80.129997	0.000000
1585.339966	-210.000000	0.000000
1585.349976	-81.830002	0.000000
1585.359985	-79.430000	0.000000
1585.369995	-78.919998	0.000000
1585.380005	-210.000000	0.000000
1585.390015	-86.419998	0.000000
1585.400024	-84.309998	0.000000
1585.410034	-210.000000	0.000000
1585.420044	-79.889999	0.000000
1585.430054	-82.230003	0.000000
1585.439941	-80.980003	0.000000
1585.449951	-77.889999	0.000000
1585.459961	-88.459999	0.000000
1585.469971	-82.900002	0.000000
1585.479980	-85.449997	0.000000
1585.489990	-210.000000	0.000000
1585.500000	-83.980003	0.000000
1585.510010	-87.660004	0.000000
1585.520020	-210.000000	0.000000
1585.530029	-82.889999	0.000000
1585.540039	-79.209999	0.000000
1585.550049	-76.989998	0.000000
1585.560059	-210.000000	0.000000
1585.569946	-83.400002	0.000000
1585.579956	-82.220001	0.000000
1585.589966	-79.639999	0.000000
1585.599976	-80.970001	0.000000
1585.609985	-210.000000	0.000000
1585.619995	-82.430000	0.000000
1585.630005	-83.400002	0.000000
1585.640015	-210.000000	0.000000
1585.650024	-210.000000	0.000000
1585.660034	-210.000000	0.000000
1585.670044	-83.400002	0.000000
1585.680054	-210.000000	0.000000
1585.689941	-95.440002	0.000000
1585.699951	-210.000000	0.000000
1585.709961	-210.000000	0.000000
1585.719971	-210.000000	0.000000
1585.729980	-84.650002	0.000000
1585.739990	-79.639999	0.000000
1585.750000	-89.419998	0.000000
1585.760010	-210.000000	0.000000
1585.770020	-79.639999	0.000000
1585.780029	-210.000000	0.000000
1585.790039	-83.980003	0.000000
1585.800049	-84.650002	0.000000
1585.810059	-82.220001	0.000000
1585.819946	-210.000000	0.000000
1585.829956	-210.000000	0.000000
1585.839966	-82.889999	0.000000
1585.849976	-86.410004	0.000000
1585.859985	-80.529999	0.000000
1585.869995	-210.000000	0.000000
1585.880005	-80.669998	0.000000
1585.890015	-92.430000	0.000000
1585.900024	-80.250000	0.000000
1585.910034	-210.000000	0.000000
1585.920044	-83.129997	0.000000
1585.930054	-80.120003	0.000000
1585.939941	-80.120003	0.000000
1585.949951	-85.900002	0.000000
1585.959961	-210.000000	0.000000
1585.969971	-210.000000	0.000000
1585.979980	-210.000000	0.000000
1585.989990	-210.000000	0.000000
1586.000000	-83.680000	0.000000
1586.010010	-210.000000	0.000000
1586.020020	-210.000000	0.000000
1586.030029	-80.389999	0.000000
1586.040039	-210.000000	0.000000
1586.050049	-210.000000	0.000000
1586.060059	-210.000000	0.000000
1586.069946	-85.440002	0.000000
1586.079956	-85.900002	0.000000
1586.089966	-210.000000	0.000000
1586.099976	-210.000000	0.000000
1586.109985	-210.000000	0.000000
1586.119995	-210.000000	0.000000
1586.130005	-210.000000	0.000000
1586.140015	-88.449997	0.000000
1586.150024	-81.290001	0.000000
1586.160034	-210.000000	0.000000
1586.170044	-210.000000	0.000000
1586.180054	-210.000000	0.000000
1586.189941	-210.000000	0.000000
1586.199951	-210.000000	0.000000
1586.209961	-210.000000	0.000000
1586.219971	-210.000000	0.000000
1586.229980	-95.440002	0.000000
1586.239990	-210.000000	0.000000
1586.250000	-210.000000	0.000000
1586.260010	-87.660004	0.000000
1586.270020	-80.120003	0.000000
1586.280029	-85.029999	0.000000
1586.290039	-82.430000	0.000000
1586.300049	-210.000000	0.000000
1586.310059	-92.430000	0.000000
1586.319946	-80.970001	0.000000
1586.329956	-210.000000	0.000000
1586.339966	-210.000000	0.000000
1586.349976	-81.129997	0.000000
1586.359985	-210.000000	0.000000
1586.369995	-210.000000	0.000000
1586.380005	-210.000000	0.000000
1586.390015	-86.989998	0.000000
1586.400024	-210.000000	0.000000
1586.410034	-210.000000	0.000000
1586.420044	-210.000000	0.000000
1586.430054	-210.000000	0.000000
1586.439941	-210.000000	0.000000
1586.449951	-210.000000	0.000000
1586.459961	-92.430000	0.000000
1586.469971	-82.019997	0.000000
1586.479980	-90.669998	0.000000
1586.489990	-82.430000	0.000000
1586.500000	-95.440002	0.000000
1586.510010	-90.669998	0.000000
1586.520020	-210.000000	0.000000
1586.530029	-92.430000	0.000000
1586.540039	-210.000000	0.000000
1586.550049	-79.639999	0.000000
1586.560059	-85.440002	0.000000
1586.569946	-88.449997	0.000000
1586.579956	-210.000000	0.000000
1586.589966	-82.889999	0.000000
1586.599976	-86.989998	0.000000
1586.609985	-84.650002	0.000000
1586.619995	-80.120003	0.000000
1586.630005	-86.989998	0.000000
1586.640015	-82.019997	0.000000
1586.650024	-90.669998	0.000000
1586.660034	-83.980003	0.000000
1586.670044	-84.650002	0.000000
1586.680054	-83.980003	0.000000
1586.689941	-85.900002	0.000000
1586.699951	-85.440002	0.000000
1586.709961	-210.000000	0.000000
1586.719971	-82.650002	0.000000
1586.729980	-210.000000	0.000000
1586.739990	-210.000000	0.000000
1586.750000	-84.300003	0.000000
1586.760010	-79.419998	0.000000
1586.770020	-86.989998	0.000000
1586.780029	-79.639999	0.000000
1586.790039	-80.120003	0.000000
1586.800049	-210.000000	0.000000
1586.810059	-210.000000	0.000000
1586.819946	-210.000000	0.000000
1586.829956	-81.820000	0.000000
1586.839966	-210.000000	0.000000
1586.849976	-210.000000	0.000000
1586.859985	-89.419998	0.000000
1586.869995	-95.440002	0.000000
1586.880005	-85.900002	0.000000
1586.890015	-85.440002	0.000000
1586.900024	-86.410004	0.000000
1586.910034	-210.000000	0.000000
1586.920044	-210.000000	0.000000
1586.930054	-81.820000	0.000000
1586.939941	-83.129997	0.000000
1586.949951	-210.000000	0.000000
1586.959961	-210.000000	0.000000
1586.969971	-89.419998	0.000000
1586.979980	-210.000000	0.000000
1586.989990	-210.000000	0.000000
1587.000000	-210.000000	0.000000
