Wavelength (nm)	Transmission (dBm)	Linear Transmission
1577.000000	-210.000000	0.000000
1577.010010	-210.000000	0.000000
1577.020020	-80.250000	0.000000
1577.030029	-85.900002	0.000000
1577.040039	-78.809998	0.000000
1577.050049	-83.680000	0.000000
1577.060059	-210.000000	0.000000
1577.069946	-84.650002	0.000000
1577.079956	-86.989998	0.000000
1577.089966	-210.000000	0.000000
1577.099976	-92.430000	0.000000
1577.109985	-210.000000	0.000000
1577.119995	-86.410004	0.000000
1577.130005	-83.400002	0.000000
1577.140015	-210.000000	0.000000
1577.150024	-210.000000	0.000000
1577.160034	-210.000000	0.000000
1577.170044	-95.440002	0.000000
1577.180054	-82.430000	0.000000
1577.189941	-210.000000	0.000000
1577.199951	-210.000000	0.000000
1577.209961	-210.000000	0.000000
1577.219971	-210.000000	0.000000
1577.229980	-95.440002	0.000000
1577.239990	-87.660004	0.000000
1577.250000	-210.000000	0.000000
1577.260010	-83.980003	0.000000
1577.270020	-210.000000	0.000000
1577.280029	-210.000000	0.000000
1577.290039	-87.660004	0.000000
1577.300049	-210.000000	0.000000
1577.310059	-210.000000	0.000000
1577.319946	-210.000000	0.000000
1577.329956	-82.889999	0.000000
1577.339966	-210.000000	0.000000
1577.349976	-210.000000	0.000000
1577.359985	-210.000000	0.000000
1577.369995	-78.199997	0.000000
1577.380005	-79.209999	0.000000
1577.390015	-210.000000	0.000000
1577.400024	-210.000000	0.000000
1577.410034	-210.000000	0.000000
1577.420044	-210.000000	0.000000
1577.430054	-81.820000	0.000000
1577.439941	-81.290001	0.000000
1577.449951	-82.889999	0.000000
1577.459961	-92.430000	0.000000
1577.469971	-87.660004	0.000000
1577.479980	-83.980003	0.000000
1577.489990	-210.000000	0.000000
1577.500000	-89.419998	0.000000
1577.510010	-210.000000	0.000000
1577.520020	-90.669998	0.000000
1577.530029	-210.000000	0.000000
1577.540039	-82.889999	0.000000
1577.550049	-210.000000	0.000000
1577.560059	-210.000000	0.000000
1577.569946	-83.680000	0.000000
1577.579956	-80.820000	0.000000
1577.589966	-210.000000	0.000000
1577.599976	-210.000000	0.000000
1577.609985	-92.430000	0.000000
1577.619995	-210.000000	0.000000
1577.630005	-210.000000	0.000000
1577.640015	-210.000000	0.000000
1577.650024	-210.000000	0.000000
1577.660034	-210.000000	0.000000
1577.670044	-210.000000	0.000000
1577.680054	-210.000000	0.000000
1577.689941	-210.000000	0.000000
1577.699951	-210.000000	0.000000
1577.709961	-82.220001	0.000000
1577.719971	-95.440002	0.000000
1577.729980	-83.980003	0.000000
1577.739990	-89.419998	0.000000
1577.750000	-210.000000	0.000000
1577.760010	-210.000000	0.000000
1577.770020	-84.650002	0.000000
1577.780029	-83.400002	0.000000
1577.790039	-210.000000	0.000000
1577.800049	-92.430000	0.000000
1577.810059	-210.000000	0.000000
1577.819946	-210.000000	0.000000
1577.829956	-210.000000	0.000000
1577.839966	-210.000000	0.000000
1577.849976	-83.400002	0.000000
1577.859985	-79.419998	0.000000
1577.869995	-92.430000	0.000000
1577.880005	-210.000000	0.000000
1577.890015	-210.000000	0.000000
1577.900024	-83.129997	0.000000
1577.910034	-83.129997	0.000000
1577.920044	-210.000000	0.000000
1577.930054	-86.989998	0.000000
1577.939941	-210.000000	0.000000
1577.949951	-210.000000	0.000000
1577.959961	-85.029999	0.000000
1577.969971	-85.900002	0.000000
1577.979980	-80.120003	0.000000
1577.989990	-210.000000	0.000000
1578.000000	-80.260002	0.000000
1578.010010	-210.000000	0.000000
1578.020020	-82.230003	0.000000
1578.030029	-82.900002	0.000000
1578.040039	-83.989998	0.000000
1578.050049	-210.000000	0.000000
1578.060059	-80.830002	0.000000
1578.069946	-81.650002	0.000000
1578.079956	-81.139999	0.000000
1578.089966	-210.000000	0.000000
1578.099976	-210.000000	0.000000
1578.109985	-210.000000	0.000000
1578.119995	-85.910004	0.000000
1578.130005	-87.669998	0.000000
1578.140015	-86.419998	0.000000
1578.150024	-210.000000	0.000000
1578.160034	-92.440002	0.000000
1578.170044	-85.910004	0.000000
1578.180054	-210.000000	0.000000
1578.189941	-210.000000	0.000000
1578.199951	-79.889999	0.000000
1578.209961	-210.000000	0.000000
1578.219971	-210.000000	0.000000
1578.229980	-210.000000	0.000000
1578.239990	-210.000000	0.000000
1578.250000	-82.029999	0.000000
1578.260010	-210.000000	0.000000
1578.270020	-210.000000	0.000000
1578.280029	-210.000000	0.000000
1578.290039	-92.440002	0.000000
1578.300049	-210.000000	0.000000
1578.310059	-84.309998	0.000000
1578.319946	-85.040001	0.000000
1578.329956	-210.000000	0.000000
1578.339966	-210.000000	0.000000
1578.349976	-84.660004	0.000000
1578.359985	-84.309998	0.000000
1578.369995	-86.419998	0.000000
1578.380005	-210.000000	0.000000
1578.390015	-210.000000	0.000000
1578.400024	-210.000000	0.000000
1578.410034	-210.000000	0.000000
1578.420044	-85.449997	0.000000
1578.430054	-210.000000	0.000000
1578.439941	-79.889999	0.000000
1578.449951	-210.000000	0.000000
1578.459961	-210.000000	0.000000
1578.469971	-210.000000	0.000000
1578.479980	-210.000000	0.000000
1578.489990	-210.000000	0.000000
1578.500000	-83.690002	0.000000
1578.510010	-86.419998	0.000000
1578.520020	-210.000000	0.000000
1578.530029	-88.459999	0.000000
1578.540039	-210.000000	0.000000
1578.550049	-79.110001	0.000000
1578.560059	-210.000000	0.000000
1578.569946	-210.000000	0.000000
1578.579956	-210.000000	0.000000
1578.589966	-79.769997	0.000000
1578.599976	-92.440002	0.000000
1578.609985	-92.440002	0.000000
1578.619995	-210.000000	0.000000
1578.630005	-210.000000	0.000000
1578.640015	-82.440002	0.000000
1578.650024	-85.040001	0.000000
1578.660034	-85.449997	0.000000
1578.670044	-210.000000	0.000000
1578.680054	-82.029999	0.000000
1578.689941	-85.449997	0.000000
1578.699951	-210.000000	0.000000
1578.709961	-210.000000	0.000000
1578.719971	-82.440002	0.000000
1578.729980	-210.000000	0.000000
1578.739990	-210.000000	0.000000
1578.750000	-85.910004	0.000000
1578.760010	-210.000000	0.000000
1578.770020	-210.000000	0.000000
1578.780029	-80.680000	0.000000
1578.790039	-210.000000	0.000000
1578.800049	-80.980003	0.000000
1578.810059	-210.000000	0.000000
1578.819946	-83.690002	0.000000
1578.829956	-210.000000	0.000000
1578.839966	-210.000000	0.000000
1578.849976	-84.309998	0.000000
1578.859985	-82.029999	0.000000
1578.869995	-84.309998	0.000000
1578.880005	-210.000000	0.000000
1578.890015	-210.000000	0.000000
1578.900024	-81.650002	0.000000
1578.910034	-210.000000	0.000000
1578.920044	-210.000000	0.000000
1578.930054	-210.000000	0.000000
1578.939941	-210.000000	0.000000
1578.949951	-210.000000	0.000000
1578.959961	-210.000000	0.000000
1578.969971	-210.000000	0.000000
1578.979980	-84.660004	0.000000
1578.989990	-82.440002	0.000000
1579.000000	-90.680000	0.000000
1579.010010	-80.830002	0.000000
1579.020020	-79.540001	0.000000
1579.030029	-210.000000	0.000000
1579.040039	-90.680000	0.000000
1579.050049	-87.000000	0.000000
1579.060059	-210.000000	0.000000
1579.069946	-85.040001	0.000000
1579.079956	-89.430000	0.000000
1579.089966	-210.000000	0.000000
1579.099976	-210.000000	0.000000
1579.109985	-210.000000	0.000000
1579.119995	-210.000000	0.000000
1579.130005	-210.000000	0.000000
1579.140015	-210.000000	0.000000
1579.150024	-76.639999	0.000000
1579.160034	-83.989998	0.000000
1579.170044	-210.000000	0.000000
1579.180054	-87.669998	0.000000
1579.189941	-83.690002	0.000000
1579.199951	-210.000000	0.000000
1579.209961	-85.910004	0.000000
1579.219971	-79.540001	0.000000
1579.229980	-210.000000	0.000000
1579.239990	-210.000000	0.000000
1579.250000	-80.830002	0.000000
1579.260010	-83.410004	0.000000
1579.270020	-87.669998	0.000000
1579.280029	-81.470001	0.000000
1579.290039	-210.000000	0.000000
1579.300049	-210.000000	0.000000
1579.310059	-79.769997	0.000000
1579.319946	-78.730003	0.000000
1579.329956	-79.010002	0.000000
1579.339966	-84.309998	0.000000
1579.349976	-210.000000	0.000000
1579.359985	-83.139999	0.000000
1579.369995	-210.000000	0.000000
1579.380005	-82.900002	0.000000
1579.390015	-81.139999	0.000000
1579.400024	-80.980003	0.000000
1579.410034	-81.650002	0.000000
1579.420044	-80.540001	0.000000
1579.430054	-77.250000	0.000000
1579.439941	-81.470001	0.000000
1579.449951	-77.120003	0.000000
1579.459961	-210.000000	0.000000
1579.469971	-80.540001	0.000000
1579.479980	-90.680000	0.000000
1579.489990	-210.000000	0.000000
1579.500000	-78.129997	0.000000
1579.510010	-76.580002	0.000000
1579.520020	-77.739998	0.000000
1579.530029	-80.260002	0.000000
1579.540039	-82.029999	0.000000
1579.550049	-210.000000	0.000000
1579.560059	-80.680000	0.000000
1579.569946	-76.699997	0.000000
1579.579956	-78.290001	0.000000
1579.589966	-79.220001	0.000000
1579.599976	-82.230003	0.000000
1579.609985	-76.879997	0.000000
1579.619995	-76.099998	0.000000
1579.630005	-79.430000	0.000000
1579.640015	-78.290001	0.000000
1579.650024	-76.050003	0.000000
1579.660034	-82.230003	0.000000
1579.670044	-77.739998	0.000000
1579.680054	-74.839996	0.000000
1579.689941	-77.739998	0.000000
1579.699951	-77.389999	0.000000
1579.709961	-75.410004	0.000000
1579.719971	-77.250000	0.000000
1579.729980	-76.050003	0.000000
1579.739990	-75.760002	0.000000
1579.750000	-75.540001	0.000000
1579.760010	-74.239998	0.000000
1579.770020	-76.639999	0.000000
1579.780029	-75.760002	0.000000
1579.790039	-75.360001	0.000000
1579.800049	-75.580002	0.000000
1579.810059	-75.669998	0.000000
1579.819946	-75.540001	0.000000
1579.829956	-76.099998	0.000000
1579.839966	-74.879997	0.000000
1579.849976	-74.150002	0.000000
1579.859985	-74.800003	0.000000
1579.869995	-73.930000	0.000000
1579.880005	-73.930000	0.000000
1579.890015	-73.690002	0.000000
1579.900024	-73.839996	0.000000
1579.910034	-72.949997	0.000000
1579.920044	-73.089996	0.000000
1579.930054	-72.919998	0.000000
1579.939941	-72.750000	0.000000
1579.949951	-73.070000	0.000000
1579.959961	-72.989998	0.000000
1579.969971	-73.570000	0.000000
1579.979980	-72.949997	0.000000
1579.989990	-72.040001	0.000000
1580.000000	-72.680000	0.000000
1580.010010	-71.949997	0.000000
1580.020020	-72.970001	0.000000
1580.030029	-72.269997	0.000000
1580.040039	-71.720001	0.000000
1580.050049	-71.540001	0.000000
1580.060059	-71.139999	0.000000
1580.069946	-71.230003	0.000000
1580.079956	-70.889999	0.000000
1580.089966	-70.559998	0.000000
1580.099976	-70.550003	0.000000
1580.109985	-70.739998	0.000000
1580.119995	-70.000000	0.000000
1580.130005	-70.580002	0.000000
1580.140015	-69.910004	0.000000
1580.150024	-69.690002	0.000000
1580.160034	-69.900002	0.000000
1580.170044	-69.739998	0.000000
1580.180054	-69.699997	0.000000
1580.189941	-69.830002	0.000000
1580.199951	-69.650002	0.000000
1580.209961	-69.269997	0.000000
1580.219971	-69.279999	0.000000
1580.229980	-68.879997	0.000000
1580.239990	-68.260002	0.000000
1580.250000	-68.169998	0.000000
1580.260010	-68.010002	0.000000
1580.270020	-67.709999	0.000000
1580.280029	-67.199997	0.000000
1580.290039	-67.169998	0.000000
1580.300049	-67.290001	0.000000
1580.310059	-66.860001	0.000000
1580.319946	-67.269997	0.000000
1580.329956	-66.959999	0.000000
1580.339966	-67.070000	0.000000
1580.349976	-66.820000	0.000000
1580.359985	-66.910004	0.000000
1580.369995	-66.510002	0.000000
1580.380005	-66.639999	0.000000
1580.390015	-66.239998	0.000000
1580.400024	-66.010002	0.000000
1580.410034	-65.480003	0.000000
1580.420044	-65.250000	0.000000
1580.430054	-65.220001	0.000000
1580.439941	-64.680000	0.000000
1580.449951	-64.480003	0.000000
1580.459961	-64.070000	0.000000
1580.469971	-63.799999	0.000000
1580.479980	-63.650002	0.000000
1580.489990	-63.540001	0.000000
1580.500000	-63.250000	0.000000
1580.510010	-62.959999	0.000001
1580.520020	-62.860001	0.000001
1580.530029	-62.630001	0.000001
1580.540039	-62.389999	0.000001
1580.550049	-62.110001	0.000001
1580.560059	-61.590000	0.000001
1580.569946	-61.110001	0.000001
1580.579956	-60.410000	0.000001
1580.589966	-59.779999	0.000001
1580.599976	-59.290001	0.000001
1580.609985	-58.869999	0.000001
1580.619995	-58.560001	0.000001
1580.630005	-58.299999	0.000001
1580.640015	-58.169998	0.000002
1580.650024	-58.049999	0.000002
1580.660034	-57.869999	0.000002
1580.670044	-57.740002	0.000002
1580.680054	-57.590000	0.000002
1580.689941	-57.360001	0.000002
1580.699951	-57.099998	0.000002
1580.709961	-56.830002	0.000002
1580.719971	-56.570000	0.000002
1580.729980	-56.270000	0.000002
1580.739990	-56.020000	0.000003
1580.750000	-55.700001	0.000003
1580.760010	-55.430000	0.000003
1580.770020	-55.180000	0.000003
1580.780029	-55.020000	0.000003
1580.790039	-54.889999	0.000003
1580.800049	-54.750000	0.000003
1580.810059	-54.689999	0.000003
1580.819946	-54.610001	0.000003
1580.829956	-54.540001	0.000004
1580.839966	-54.470001	0.000004
1580.849976	-54.310001	0.000004
1580.859985	-54.090000	0.000004
1580.869995	-53.889999	0.000004
1580.880005	-53.680000	0.000004
1580.890015	-53.380001	0.000005
1580.900024	-53.180000	0.000005
1580.910034	-53.029999	0.000005
1580.920044	-52.860001	0.000005
1580.930054	-52.759998	0.000005
1580.939941	-52.700001	0.000005
1580.949951	-52.630001	0.000005
1580.959961	-52.520000	0.000006
1580.969971	-52.509998	0.000006
1580.979980	-52.450001	0.000006
1580.989990	-52.419998	0.000006
1581.000000	-52.389999	0.000006
1581.010010	-52.320000	0.000006
1581.020020	-52.169998	0.000006
1581.030029	-51.980000	0.000006
1581.040039	-51.759998	0.000007
1581.050049	-51.529999	0.000007
1581.060059	-51.310001	0.000007
1581.069946	-51.049999	0.000008
1581.079956	-50.939999	0.000008
1581.089966	-50.900002	0.000008
1581.099976	-50.810001	0.000008
1581.109985	-50.830002	0.000008
1581.119995	-50.799999	0.000008
1581.130005	-50.790001	0.000008
1581.140015	-50.779999	0.000008
1581.150024	-50.750000	0.000008
1581.160034	-50.639999	0.000009
1581.170044	-50.480000	0.000009
1581.180054	-50.279999	0.000009
1581.189941	-50.020000	0.000010
1581.199951	-49.830002	0.000010
1581.209961	-49.680000	0.000011
1581.219971	-49.610001	0.000011
1581.229980	-49.520000	0.000011
1581.239990	-49.450001	0.000011
1581.250000	-49.430000	0.000011
1581.260010	-49.380001	0.000012
1581.270020	-49.369999	0.000012
1581.280029	-49.380001	0.000012
1581.290039	-49.369999	0.000012
1581.300049	-49.299999	0.000012
1581.310059	-49.240002	0.000012
1581.319946	-49.169998	0.000012
1581.329956	-49.020000	0.000013
1581.339966	-48.880001	0.000013
1581.349976	-48.730000	0.000013
1581.359985	-48.560001	0.000014
1581.369995	-48.470001	0.000014
1581.380005	-48.430000	0.000014
1581.390015	-48.400002	0.000014
1581.400024	-48.380001	0.000015
1581.410034	-48.389999	0.000014
1581.420044	-48.389999	0.000014
1581.430054	-48.369999	0.000015
1581.439941	-48.419998	0.000014
1581.449951	-48.439999	0.000014
1581.459961	-48.419998	0.000014
1581.469971	-48.369999	0.000015
1581.479980	-48.279999	0.000015
1581.489990	-48.160000	0.000015
1581.500000	-48.070000	0.000016
1581.510010	-48.020000	0.000016
1581.520020	-47.950001	0.000016
1581.530029	-47.910000	0.000016
1581.540039	-47.889999	0.000016
1581.550049	-47.889999	0.000016
1581.560059	-47.919998	0.000016
1581.569946	-47.980000	0.000016
1581.579956	-48.060001	0.000016
1581.589966	-48.099998	0.000015
1581.599976	-48.130001	0.000015
1581.609985	-48.160000	0.000015
1581.619995	-48.180000	0.000015
1581.630005	-48.160000	0.000015
1581.640015	-48.090000	0.000016
1581.650024	-48.009998	0.000016
1581.660034	-47.939999	0.000016
1581.670044	-47.900002	0.000016
1581.680054	-47.910000	0.000016
1581.689941	-47.930000	0.000016
1581.699951	-47.959999	0.000016
1581.709961	-48.000000	0.000016
1581.719971	-48.049999	0.000016
1581.729980	-48.119999	0.000015
1581.739990	-48.230000	0.000015
1581.750000	-48.340000	0.000015
1581.760010	-48.410000	0.000014
1581.770020	-48.389999	0.000014
1581.780029	-48.330002	0.000015
1581.790039	-48.279999	0.000015
1581.800049	-48.230000	0.000015
1581.810059	-48.189999	0.000015
1581.819946	-48.160000	0.000015
1581.829956	-48.130001	0.000015
1581.839966	-48.110001	0.000015
1581.849976	-48.119999	0.000015
1581.859985	-48.169998	0.000015
1581.869995	-48.250000	0.000015
1581.880005	-48.310001	0.000015
1581.890015	-48.369999	0.000015
1581.900024	-48.400002	0.000014
1581.910034	-48.439999	0.000014
1581.920044	-48.459999	0.000014
1581.930054	-48.410000	0.000014
1581.939941	-48.320000	0.000015
1581.949951	-48.220001	0.000015
1581.959961	-48.130001	0.000015
1581.969971	-48.060001	0.000016
1581.979980	-48.040001	0.000016
1581.989990	-48.040001	0.000016
1582.000000	-48.029999	0.000016
1582.010010	-48.040001	0.000016
1582.020020	-48.049999	0.000016
1582.030029	-48.099998	0.000015
1582.040039	-48.160000	0.000015
1582.050049	-48.220001	0.000015
1582.060059	-48.240002	0.000015
1582.069946	-48.189999	0.000015
1582.079956	-48.110001	0.000015
1582.089966	-48.020000	0.000016
1582.099976	-47.939999	0.000016
1582.109985	-47.830002	0.000016
1582.119995	-47.779999	0.000017
1582.130005	-47.720001	0.000017
1582.140015	-47.680000	0.000017
1582.150024	-47.680000	0.000017
1582.160034	-47.709999	0.000017
1582.170044	-47.759998	0.000017
1582.180054	-47.799999	0.000017
1582.189941	-47.810001	0.000017
1582.199951	-47.820000	0.000017
1582.209961	-47.790001	0.000017
1582.219971	-47.750000	0.000017
1582.229980	-47.639999	0.000017
1582.239990	-47.540001	0.000018
1582.250000	-47.439999	0.000018
1582.260010	-47.349998	0.000018
1582.270020	-47.299999	0.000019
1582.280029	-47.290001	0.000019
1582.290039	-47.279999	0.000019
1582.300049	-47.279999	0.000019
1582.310059	-47.279999	0.000019
1582.319946	-47.290001	0.000019
1582.329956	-47.330002	0.000018
1582.339966	-47.389999	0.000018
1582.349976	-47.430000	0.000018
1582.359985	-47.419998	0.000018
1582.369995	-47.389999	0.000018
1582.380005	-47.299999	0.000019
1582.390015	-47.209999	0.000019
1582.400024	-47.130001	0.000019
1582.410034	-47.029999	0.000020
1582.420044	-46.959999	0.000020
1582.430054	-46.900002	0.000020
1582.439941	-46.869999	0.000021
1582.449951	-46.869999	0.000021
1582.459961	-46.889999	0.000020
1582.469971	-46.939999	0.000020
1582.479980	-46.990002	0.000020
1582.489990	-47.029999	0.000020
1582.500000	-47.060001	0.000020
1582.510010	-47.110001	0.000019
1582.520020	-47.110001	0.000019
1582.530029	-47.070000	0.000020
1582.540039	-47.009998	0.000020
1582.550049	-46.910000	0.000020
1582.560059	-46.849998	0.000021
1582.569946	-46.799999	0.000021
1582.579956	-46.779999	0.000021
1582.589966	-46.779999	0.000021
1582.599976	-46.799999	0.000021
1582.609985	-46.840000	0.000021
1582.619995	-46.889999	0.000020
1582.630005	-46.990002	0.000020
1582.640015	-47.130001	0.000019
1582.650024	-47.200001	0.000019
1582.660034	-47.240002	0.000019
1582.670044	-47.240002	0.000019
1582.680054	-47.209999	0.000019
1582.689941	-47.150002	0.000019
1582.699951	-47.080002	0.000020
1582.709961	-47.029999	0.000020
1582.719971	-46.990002	0.000020
1582.729980	-46.980000	0.000020
1582.739990	-46.990002	0.000020
1582.750000	-47.029999	0.000020
1582.760010	-47.119999	0.000019
1582.770020	-47.220001	0.000019
1582.780029	-47.320000	0.000019
1582.790039	-47.430000	0.000018
1582.800049	-47.529999	0.000018
1582.810059	-47.610001	0.000017
1582.819946	-47.660000	0.000017
1582.829956	-47.650002	0.000017
1582.839966	-47.610001	0.000017
1582.849976	-47.540001	0.000018
1582.859985	-47.490002	0.000018
1582.869995	-47.459999	0.000018
1582.880005	-47.459999	0.000018
1582.890015	-47.500000	0.000018
1582.900024	-47.540001	0.000018
1582.910034	-47.590000	0.000017
1582.920044	-47.650002	0.000017
1582.930054	-47.750000	0.000017
1582.939941	-47.880001	0.000016
1582.949951	-47.980000	0.000016
1582.959961	-48.070000	0.000016
1582.969971	-48.099998	0.000015
1582.979980	-48.080002	0.000016
1582.989990	-48.029999	0.000016
1583.000000	-47.939999	0.000016
1583.010010	-47.900002	0.000016
1583.020020	-47.860001	0.000016
1583.030029	-47.830002	0.000016
1583.040039	-47.830002	0.000016
1583.050049	-47.869999	0.000016
1583.060059	-47.950001	0.000016
1583.069946	-48.029999	0.000016
1583.079956	-48.130001	0.000015
1583.089966	-48.240002	0.000015
1583.099976	-48.330002	0.000015
1583.109985	-48.400002	0.000014
1583.119995	-48.389999	0.000014
1583.130005	-48.340000	0.000015
1583.140015	-48.259998	0.000015
1583.150024	-48.150002	0.000015
1583.160034	-48.070000	0.000016
1583.170044	-48.040001	0.000016
1583.180054	-48.049999	0.000016
1583.189941	-48.070000	0.000016
1583.199951	-48.099998	0.000015
1583.209961	-48.139999	0.000015
1583.219971	-48.200001	0.000015
1583.229980	-48.290001	0.000015
1583.239990	-48.410000	0.000014
1583.250000	-48.490002	0.000014
1583.260010	-48.520000	0.000014
1583.270020	-48.480000	0.000014
1583.280029	-48.389999	0.000014
1583.290039	-48.299999	0.000015
1583.300049	-48.180000	0.000015
1583.310059	-48.119999	0.000015
1583.319946	-48.070000	0.000016
1583.329956	-48.040001	0.000016
1583.339966	-48.040001	0.000016
1583.349976	-48.070000	0.000016
1583.359985	-48.150002	0.000015
1583.369995	-48.230000	0.000015
1583.380005	-48.320000	0.000015
1583.390015	-48.400002	0.000014
1583.400024	-48.480000	0.000014
1583.410034	-48.540001	0.000014
1583.420044	-48.529999	0.000014
1583.430054	-48.480000	0.000014
1583.439941	-48.360001	0.000015
1583.449951	-48.240002	0.000015
1583.459961	-48.139999	0.000015
1583.469971	-48.099998	0.000015
1583.479980	-48.090000	0.000016
1583.489990	-48.110001	0.000015
1583.500000	-48.150002	0.000015
1583.510010	-48.180000	0.000015
1583.520020	-48.230000	0.000015
1583.530029	-48.340000	0.000015
1583.540039	-48.490002	0.000014
1583.550049	-48.590000	0.000014
1583.560059	-48.630001	0.000014
1583.569946	-48.580002	0.000014
1583.579956	-48.500000	0.000014
1583.589966	-48.410000	0.000014
1583.599976	-48.320000	0.000015
1583.609985	-48.270000	0.000015
1583.619995	-48.240002	0.000015
1583.630005	-48.209999	0.000015
1583.640015	-48.240002	0.000015
1583.650024	-48.299999	0.000015
1583.660034	-48.430000	0.000014
1583.670044	-48.540001	0.000014
1583.680054	-48.660000	0.000014
1583.689941	-48.759998	0.000013
1583.699951	-48.840000	0.000013
1583.709961	-48.889999	0.000013
1583.719971	-48.889999	0.000013
1583.729980	-48.810001	0.000013
1583.739990	-48.709999	0.000013
1583.750000	-48.610001	0.000014
1583.760010	-48.549999	0.000014
1583.770020	-48.529999	0.000014
1583.780029	-48.549999	0.000014
1583.790039	-48.590000	0.000014
1583.800049	-48.619999	0.000014
1583.810059	-48.650002	0.000014
1583.819946	-48.740002	0.000013
1583.829956	-48.869999	0.000013
1583.839966	-49.020000	0.000013
1583.849976	-49.200001	0.000012
1583.859985	-49.290001	0.000012
1583.869995	-49.320000	0.000012
1583.880005	-49.330002	0.000012
1583.890015	-49.320000	0.000012
1583.900024	-49.330002	0.000012
1583.910034	-49.330002	0.000012
1583.920044	-49.340000	0.000012
1583.930054	-49.369999	0.000012
1583.939941	-49.439999	0.000011
1583.949951	-49.570000	0.000011
1583.959961	-49.709999	0.000011
1583.969971	-49.880001	0.000010
1583.979980	-50.119999	0.000010
1583.989990	-50.310001	0.000009
1584.000000	-50.529999	0.000009
1584.010010	-50.759998	0.000008
1584.020020	-50.959999	0.000008
1584.030029	-51.110001	0.000008
1584.040039	-51.220001	0.000008
1584.050049	-51.299999	0.000007
1584.060059	-51.380001	0.000007
1584.069946	-51.480000	0.000007
1584.079956	-51.590000	0.000007
1584.089966	-51.709999	0.000007
1584.099976	-51.889999	0.000006
1584.109985	-52.080002	0.000006
1584.119995	-52.380001	0.000006
1584.130005	-52.779999	0.000005
1584.140015	-53.250000	0.000005
1584.150024	-53.720001	0.000004
1584.160034	-54.259998	0.000004
1584.170044	-54.570000	0.000003
1584.180054	-54.810001	0.000003
1584.189941	-54.939999	0.000003
1584.199951	-55.070000	0.000003
1584.209961	-55.259998	0.000003
1584.219971	-55.419998	0.000003
1584.229980	-55.700001	0.000003
1584.239990	-55.980000	0.000003
1584.250000	-56.330002	0.000002
1584.260010	-56.750000	0.000002
1584.270020	-57.290001	0.000002
1584.280029	-57.950001	0.000002
1584.290039	-58.759998	0.000001
1584.300049	-59.619999	0.000001
1584.310059	-60.320000	0.000001
1584.319946	-61.029999	0.000001
1584.329956	-61.500000	0.000001
1584.339966	-61.720001	0.000001
1584.349976	-62.060001	0.000001
1584.359985	-62.200001	0.000001
1584.369995	-62.400002	0.000001
1584.380005	-62.450001	0.000001
1584.390015	-62.529999	0.000001
1584.400024	-62.869999	0.000001
1584.410034	-63.090000	0.000000
1584.420044	-63.369999	0.000000
1584.430054	-63.779999	0.000000
1584.439941	-64.239998	0.000000
1584.449951	-64.739998	0.000000
1584.459961	-64.900002	0.000000
1584.469971	-65.150002	0.000000
1584.479980	-65.510002	0.000000
1584.489990	-65.629997	0.000000
1584.500000	-65.750000	0.000000
1584.510010	-65.760002	0.000000
1584.520020	-65.769997	0.000000
1584.530029	-65.989998	0.000000
1584.540039	-66.379997	0.000000
1584.550049	-66.279999	0.000000
1584.560059	-66.639999	0.000000
1584.569946	-66.720001	0.000000
1584.579956	-66.970001	0.000000
1584.589966	-67.500000	0.000000
1584.599976	-67.910004	0.000000
1584.609985	-68.059998	0.000000
1584.619995	-68.250000	0.000000
1584.630005	-68.489998	0.000000
1584.640015	-68.629997	0.000000
1584.650024	-68.769997	0.000000
1584.660034	-68.820000	0.000000
1584.670044	-68.830002	0.000000
1584.680054	-68.750000	0.000000
1584.689941	-68.779999	0.000000
1584.699951	-69.330002	0.000000
1584.709961	-69.580002	0.000000
1584.719971	-69.370003	0.000000
1584.729980	-70.470001	0.000000
1584.739990	-70.660004	0.000000
1584.750000	-70.440002	0.000000
1584.760010	-70.860001	0.000000
1584.770020	-71.540001	0.000000
1584.780029	-71.040001	0.000000
1584.790039	-71.419998	0.000000
1584.800049	-72.419998	0.000000
1584.810059	-71.629997	0.000000
1584.819946	-71.320000	0.000000
1584.829956	-71.220001	0.000000
1584.839966	-72.480003	0.000000
1584.849976	-73.330002	0.000000
1584.859985	-71.699997	0.000000
1584.869995	-71.400002	0.000000
1584.880005	-72.129997	0.000000
1584.890015	-73.779999	0.000000
1584.900024	-73.660004	0.000000
1584.910034	-73.870003	0.000000
1584.920044	-73.870003	0.000000
1584.930054	-72.970001	0.000000
1584.939941	-73.070000	0.000000
1584.949951	-74.150002	0.000000
1584.959961	-73.809998	0.000000
1584.969971	-74.050003	0.000000
1584.979980	-73.519997	0.000000
1584.989990	-73.870003	0.000000
1585.000000	-74.180000	0.000000
1585.010010	-74.180000	0.000000
1585.020020	-74.050003	0.000000
1585.030029	-75.120003	0.000000
1585.040039	-76.940002	0.000000
1585.050049	-75.959999	0.000000
1585.060059	-76.209999	0.000000
1585.069946	-75.760002	0.000000
1585.079956	-76.820000	0.000000
1585.089966	-77.250000	0.000000
1585.099976	-76.360001	0.000000
1585.109985	-75.720001	0.000000
1585.119995	-78.050003	0.000000
1585.130005	-74.449997	0.000000
1585.140015	-77.320000	0.000000
1585.150024	-76.470001	0.000000
1585.160034	-80.260002	0.000000
1585.170044	-74.519997	0.000000
1585.180054	-77.389999	0.000000
1585.189941	-80.400002	0.000000
1585.199951	-84.309998	0.000000
1585.209961	-78.290001	0.000000
1585.219971	-79.320000	0.000000
1585.229980	-80.980003	0.000000
1585.239990	-79.650002	0.000000
1585.250000	-82.900002	0.000000
1585.260010	-78.370003	0.000000
1585.270020	-83.989998	0.000000
1585.280029	-77.820000	0.000000
1585.290039	-78.459999	0.000000
1585.300049	-79.320000	0.000000
1585.310059	-210.000000	0.000000
1585.319946	-80.980003	0.000000
1585.329956	-82.440002	0.000000
1585.339966	-81.470001	0.000000
1585.349976	-79.220001	0.000000
1585.359985	-82.900002	0.000000
1585.369995	-81.830002	0.000000
1585.380005	-210.000000	0.000000
1585.390015	-92.440002	0.000000
1585.400024	-78.550003	0.000000
1585.410034	-78.550003	0.000000
1585.420044	-82.029999	0.000000
1585.430054	-78.370003	0.000000
1585.439941	-210.000000	0.000000
1585.449951	-79.889999	0.000000
1585.459961	-87.669998	0.000000
1585.469971	-83.139999	0.000000
1585.479980	-80.129997	0.000000
1585.489990	-85.040001	0.000000
1585.500000	-90.669998	0.000000
1585.510010	-87.660004	0.000000
1585.520020	-80.120003	0.000000
1585.530029	-82.650002	0.000000
1585.540039	-84.650002	0.000000
1585.550049	-80.669998	0.000000
1585.560059	-210.000000	0.000000
1585.569946	-210.000000	0.000000
1585.579956	-210.000000	0.000000
1585.589966	-80.120003	0.000000
1585.599976	-95.440002	0.000000
1585.609985	-86.410004	0.000000
1585.619995	-82.889999	0.000000
1585.630005	-89.419998	0.000000
1585.640015	-82.430000	0.000000
1585.650024	-81.290001	0.000000
1585.660034	-82.650002	0.000000
1585.670044	-87.660004	0.000000
1585.680054	-77.730003	0.000000
1585.689941	-210.000000	0.000000
1585.699951	-210.000000	0.000000
1585.709961	-210.000000	0.000000
1585.719971	-80.389999	0.000000
1585.729980	-210.000000	0.000000
1585.739990	-81.129997	0.000000
1585.750000	-210.000000	0.000000
1585.760010	-210.000000	0.000000
1585.770020	-82.650002	0.000000
1585.780029	-85.440002	0.000000
1585.790039	-86.410004	0.000000
1585.800049	-92.430000	0.000000
1585.810059	-210.000000	0.000000
1585.819946	-83.400002	0.000000
1585.829956	-210.000000	0.000000
1585.839966	-79.879997	0.000000
1585.849976	-210.000000	0.000000
1585.859985	-81.639999	0.000000
1585.869995	-90.669998	0.000000
1585.880005	-210.000000	0.000000
1585.890015	-210.000000	0.000000
1585.900024	-81.129997	0.000000
1585.910034	-210.000000	0.000000
1585.920044	-82.220001	0.000000
1585.930054	-210.000000	0.000000
1585.939941	-210.000000	0.000000
1585.949951	-210.000000	0.000000
1585.959961	-210.000000	0.000000
1585.969971	-210.000000	0.000000
1585.979980	-82.430000	0.000000
1585.989990	-87.660004	0.000000
1586.000000	-79.000000	0.000000
1586.010010	-210.000000	0.000000
1586.020020	-81.639999	0.000000
1586.030029	-210.000000	0.000000
1586.040039	-210.000000	0.000000
1586.050049	-210.000000	0.000000
1586.060059	-210.000000	0.000000
1586.069946	-80.970001	0.000000
1586.079956	-210.000000	0.000000
1586.089966	-210.000000	0.000000
1586.099976	-82.430000	0.000000
1586.109985	-83.129997	0.000000
1586.119995	-210.000000	0.000000
1586.130005	-82.889999	0.000000
1586.140015	-210.000000	0.000000
1586.150024	-210.000000	0.000000
1586.160034	-210.000000	0.000000
1586.170044	-210.000000	0.000000
1586.180054	-210.000000	0.000000
1586.189941	-210.000000	0.000000
1586.199951	-82.019997	0.000000
1586.209961	-210.000000	0.000000
1586.219971	-210.000000	0.000000
1586.229980	-210.000000	0.000000
1586.239990	-80.970001	0.000000
1586.250000	-82.430000	0.000000
1586.260010	-210.000000	0.000000
1586.270020	-210.000000	0.000000
1586.280029	-210.000000	0.000000
1586.290039	-210.000000	0.000000
1586.300049	-88.449997	0.000000
1586.310059	-210.000000	0.000000
1586.319946	-87.660004	0.000000
1586.329956	-210.000000	0.000000
1586.339966	-210.000000	0.000000
1586.349976	-85.440002	0.000000
1586.359985	-210.000000	0.000000
1586.369995	-210.000000	0.000000
1586.380005	-85.440002	0.000000
1586.390015	-210.000000	0.000000
1586.400024	-210.000000	0.000000
1586.410034	-84.300003	0.000000
1586.420044	-210.000000	0.000000
1586.430054	-85.440002	0.000000
1586.439941	-210.000000	0.000000
1586.449951	-210.000000	0.000000
1586.459961	-210.000000	0.000000
1586.469971	-84.650002	0.000000
1586.479980	-92.430000	0.000000
1586.489990	-210.000000	0.000000
1586.500000	-210.000000	0.000000
1586.510010	-210.000000	0.000000
1586.520020	-210.000000	0.000000
1586.530029	-90.669998	0.000000
1586.540039	-81.290001	0.000000
1586.550049	-82.650002	0.000000
1586.560059	-210.000000	0.000000
1586.569946	-210.000000	0.000000
1586.579956	-210.000000	0.000000
1586.589966	-210.000000	0.000000
1586.599976	-81.820000	0.000000
1586.609985	-210.000000	0.000000
1586.619995	-210.000000	0.000000
1586.630005	-210.000000	0.000000
1586.640015	-210.000000	0.000000
1586.650024	-210.000000	0.000000
1586.660034	-83.680000	0.000000
1586.670044	-210.000000	0.000000
1586.680054	-210.000000	0.000000
1586.689941	-210.000000	0.000000
1586.699951	-210.000000	0.000000
1586.709961	-210.000000	0.000000
1586.719971	-210.000000	0.000000
1586.729980	-81.459999	0.000000
1586.739990	-210.000000	0.000000
1586.750000	-210.000000	0.000000
1586.760010	-82.019997	0.000000
1586.770020	-86.989998	0.000000
1586.780029	-210.000000	0.000000
1586.790039	-210.000000	0.000000
1586.800049	-210.000000	0.000000
1586.810059	-210.000000	0.000000
1586.819946	-210.000000	0.000000
1586.829956	-210.000000	0.000000
1586.839966	-210.000000	0.000000
1586.849976	-210.000000	0.000000
1586.859985	-210.000000	0.000000
1586.869995	-82.220001	0.000000
1586.880005	-79.099998	0.000000
1586.890015	-86.410004	0.000000
1586.900024	-210.000000	0.000000
1586.910034	-80.820000	0.000000
1586.920044	-210.000000	0.000000
1586.930054	-210.000000	0.000000
1586.939941	-210.000000	0.000000
1586.949951	-78.720001	0.000000
1586.959961	-82.220001	0.000000
1586.969971	-90.669998	0.000000
1586.979980	-210.000000	0.000000
1586.989990	-86.410004	0.000000
1587.000000	-92.430000	0.000000
