Wavelength (nm)	Transmission (dBm)	Linear Transmission
1577.000000	-210.000000	0.000000
1577.010010	-210.000000	0.000000
1577.020020	-87.660004	0.000000
1577.030029	-92.430000	0.000000
1577.040039	-210.000000	0.000000
1577.050049	-210.000000	0.000000
1577.060059	-210.000000	0.000000
1577.069946	-83.680000	0.000000
1577.079956	-88.449997	0.000000
1577.089966	-210.000000	0.000000
1577.099976	-210.000000	0.000000
1577.109985	-83.129997	0.000000
1577.119995	-92.430000	0.000000
1577.130005	-86.989998	0.000000
1577.140015	-84.650002	0.000000
1577.150024	-88.449997	0.000000
1577.160034	-210.000000	0.000000
1577.170044	-90.669998	0.000000
1577.180054	-95.440002	0.000000
1577.189941	-89.419998	0.000000
1577.199951	-210.000000	0.000000
1577.209961	-210.000000	0.000000
1577.219971	-210.000000	0.000000
1577.229980	-210.000000	0.000000
1577.239990	-210.000000	0.000000
1577.250000	-210.000000	0.000000
1577.260010	-210.000000	0.000000
1577.270020	-85.440002	0.000000
1577.280029	-90.669998	0.000000
1577.290039	-210.000000	0.000000
1577.300049	-210.000000	0.000000
1577.310059	-210.000000	0.000000
1577.319946	-210.000000	0.000000
1577.329956	-80.970001	0.000000
1577.339966	-210.000000	0.000000
1577.349976	-82.220001	0.000000
1577.359985	-210.000000	0.000000
1577.369995	-210.000000	0.000000
1577.380005	-90.669998	0.000000
1577.390015	-85.440002	0.000000
1577.400024	-84.300003	0.000000
1577.410034	-210.000000	0.000000
1577.420044	-210.000000	0.000000
1577.430054	-210.000000	0.000000
1577.439941	-83.400002	0.000000
1577.449951	-210.000000	0.000000
1577.459961	-90.669998	0.000000
1577.469971	-210.000000	0.000000
1577.479980	-83.129997	0.000000
1577.489990	-82.430000	0.000000
1577.500000	-81.459999	0.000000
1577.510010	-85.900002	0.000000
1577.520020	-83.980003	0.000000
1577.530029	-210.000000	0.000000
1577.540039	-210.000000	0.000000
1577.550049	-80.250000	0.000000
1577.560059	-80.669998	0.000000
1577.569946	-210.000000	0.000000
1577.579956	-80.970001	0.000000
1577.589966	-95.440002	0.000000
1577.599976	-90.669998	0.000000
1577.609985	-210.000000	0.000000
1577.619995	-210.000000	0.000000
1577.630005	-210.000000	0.000000
1577.640015	-82.430000	0.000000
1577.650024	-210.000000	0.000000
1577.660034	-210.000000	0.000000
1577.670044	-79.639999	0.000000
1577.680054	-210.000000	0.000000
1577.689941	-82.019997	0.000000
1577.699951	-83.129997	0.000000
1577.709961	-210.000000	0.000000
1577.719971	-84.650002	0.000000
1577.729980	-90.669998	0.000000
1577.739990	-210.000000	0.000000
1577.750000	-210.000000	0.000000
1577.760010	-86.989998	0.000000
1577.770020	-210.000000	0.000000
1577.780029	-83.980003	0.000000
1577.790039	-86.410004	0.000000
1577.800049	-86.989998	0.000000
1577.810059	-210.000000	0.000000
1577.819946	-210.000000	0.000000
1577.829956	-92.430000	0.000000
1577.839966	-82.650002	0.000000
1577.849976	-80.389999	0.000000
1577.859985	-210.000000	0.000000
1577.869995	-210.000000	0.000000
1577.880005	-210.000000	0.000000
1577.890015	-86.989998	0.000000
1577.900024	-210.000000	0.000000
1577.910034	-210.000000	0.000000
1577.920044	-82.019997	0.000000
1577.930054	-84.650002	0.000000
1577.939941	-210.000000	0.000000
1577.949951	-210.000000	0.000000
1577.959961	-210.000000	0.000000
1577.969971	-210.000000	0.000000
1577.979980	-210.000000	0.000000
1577.989990	-210.000000	0.000000
1578.000000	-81.650002	0.000000
1578.010010	-210.000000	0.000000
1578.020020	-80.680000	0.000000
1578.030029	-210.000000	0.000000
1578.040039	-210.000000	0.000000
1578.050049	-78.820000	0.000000
1578.060059	-90.680000	0.000000
1578.069946	-210.000000	0.000000
1578.079956	-210.000000	0.000000
1578.089966	-79.430000	0.000000
1578.099976	-210.000000	0.000000
1578.109985	-210.000000	0.000000
1578.119995	-210.000000	0.000000
1578.130005	-78.129997	0.000000
1578.140015	-81.300003	0.000000
1578.150024	-79.320000	0.000000
1578.160034	-78.290001	0.000000
1578.170044	-92.440002	0.000000
1578.180054	-210.000000	0.000000
1578.189941	-210.000000	0.000000
1578.199951	-210.000000	0.000000
1578.209961	-78.550003	0.000000
1578.219971	-87.669998	0.000000
1578.229980	-85.040001	0.000000
1578.239990	-210.000000	0.000000
1578.250000	-79.769997	0.000000
1578.260010	-210.000000	0.000000
1578.270020	-210.000000	0.000000
1578.280029	-80.830002	0.000000
1578.290039	-210.000000	0.000000
1578.300049	-87.669998	0.000000
1578.310059	-210.000000	0.000000
1578.319946	-88.459999	0.000000
1578.329956	-210.000000	0.000000
1578.339966	-90.680000	0.000000
1578.349976	-210.000000	0.000000
1578.359985	-87.000000	0.000000
1578.369995	-210.000000	0.000000
1578.380005	-210.000000	0.000000
1578.390015	-210.000000	0.000000
1578.400024	-210.000000	0.000000
1578.410034	-82.440002	0.000000
1578.420044	-210.000000	0.000000
1578.430054	-210.000000	0.000000
1578.439941	-210.000000	0.000000
1578.449951	-82.900002	0.000000
1578.459961	-210.000000	0.000000
1578.469971	-210.000000	0.000000
1578.479980	-82.029999	0.000000
1578.489990	-210.000000	0.000000
1578.500000	-87.669998	0.000000
1578.510010	-84.309998	0.000000
1578.520020	-210.000000	0.000000
1578.530029	-210.000000	0.000000
1578.540039	-210.000000	0.000000
1578.550049	-86.419998	0.000000
1578.560059	-210.000000	0.000000
1578.569946	-210.000000	0.000000
1578.579956	-210.000000	0.000000
1578.589966	-210.000000	0.000000
1578.599976	-210.000000	0.000000
1578.609985	-86.419998	0.000000
1578.619995	-210.000000	0.000000
1578.630005	-210.000000	0.000000
1578.640015	-82.660004	0.000000
1578.650024	-83.690002	0.000000
1578.660034	-210.000000	0.000000
1578.670044	-210.000000	0.000000
1578.680054	-87.000000	0.000000
1578.689941	-210.000000	0.000000
1578.699951	-210.000000	0.000000
1578.709961	-210.000000	0.000000
1578.719971	-85.449997	0.000000
1578.729980	-210.000000	0.000000
1578.739990	-79.220001	0.000000
1578.750000	-81.300003	0.000000
1578.760010	-87.000000	0.000000
1578.770020	-210.000000	0.000000
1578.780029	-210.000000	0.000000
1578.790039	-210.000000	0.000000
1578.800049	-210.000000	0.000000
1578.810059	-210.000000	0.000000
1578.819946	-92.440002	0.000000
1578.829956	-81.650002	0.000000
1578.839966	-87.669998	0.000000
1578.849976	-210.000000	0.000000
1578.859985	-210.000000	0.000000
1578.869995	-84.660004	0.000000
1578.880005	-210.000000	0.000000
1578.890015	-84.660004	0.000000
1578.900024	-210.000000	0.000000
1578.910034	-210.000000	0.000000
1578.920044	-210.000000	0.000000
1578.930054	-90.680000	0.000000
1578.939941	-210.000000	0.000000
1578.949951	-210.000000	0.000000
1578.959961	-210.000000	0.000000
1578.969971	-82.900002	0.000000
1578.979980	-82.900002	0.000000
1578.989990	-210.000000	0.000000
1579.000000	-90.680000	0.000000
1579.010010	-82.440002	0.000000
1579.020020	-81.830002	0.000000
1579.030029	-210.000000	0.000000
1579.040039	-210.000000	0.000000
1579.050049	-210.000000	0.000000
1579.060059	-210.000000	0.000000
1579.069946	-82.660004	0.000000
1579.079956	-82.230003	0.000000
1579.089966	-210.000000	0.000000
1579.099976	-210.000000	0.000000
1579.109985	-210.000000	0.000000
1579.119995	-88.459999	0.000000
1579.130005	-85.910004	0.000000
1579.140015	-81.650002	0.000000
1579.150024	-87.000000	0.000000
1579.160034	-210.000000	0.000000
1579.170044	-78.209999	0.000000
1579.180054	-210.000000	0.000000
1579.189941	-89.430000	0.000000
1579.199951	-210.000000	0.000000
1579.209961	-210.000000	0.000000
1579.219971	-210.000000	0.000000
1579.229980	-78.639999	0.000000
1579.239990	-210.000000	0.000000
1579.250000	-82.900002	0.000000
1579.260010	-95.449997	0.000000
1579.270020	-83.410004	0.000000
1579.280029	-210.000000	0.000000
1579.290039	-81.650002	0.000000
1579.300049	-85.910004	0.000000
1579.310059	-83.690002	0.000000
1579.319946	-80.260002	0.000000
1579.329956	-87.669998	0.000000
1579.339966	-79.010002	0.000000
1579.349976	-80.260002	0.000000
1579.359985	-79.889999	0.000000
1579.369995	-83.410004	0.000000
1579.380005	-83.690002	0.000000
1579.390015	-79.889999	0.000000
1579.400024	-210.000000	0.000000
1579.410034	-78.550003	0.000000
1579.420044	-80.680000	0.000000
1579.430054	-80.010002	0.000000
1579.439941	-82.230003	0.000000
1579.449951	-210.000000	0.000000
1579.459961	-82.660004	0.000000
1579.469971	-85.040001	0.000000
1579.479980	-81.470001	0.000000
1579.489990	-77.669998	0.000000
1579.500000	-78.919998	0.000000
1579.510010	-210.000000	0.000000
1579.520020	-82.440002	0.000000
1579.530029	-84.309998	0.000000
1579.540039	-79.650002	0.000000
1579.550049	-78.129997	0.000000
1579.560059	-210.000000	0.000000
1579.569946	-87.669998	0.000000
1579.579956	-79.010002	0.000000
1579.589966	-77.000000	0.000000
1579.599976	-77.739998	0.000000
1579.609985	-79.220001	0.000000
1579.619995	-77.669998	0.000000
1579.630005	-78.459999	0.000000
1579.640015	-79.430000	0.000000
1579.650024	-76.209999	0.000000
1579.660034	-77.599998	0.000000
1579.670044	-77.739998	0.000000
1579.680054	-76.099998	0.000000
1579.689941	-77.599998	0.000000
1579.699951	-210.000000	0.000000
1579.709961	-75.449997	0.000000
1579.719971	-77.000000	0.000000
1579.729980	-75.760002	0.000000
1579.739990	-76.099998	0.000000
1579.750000	-77.529999	0.000000
1579.760010	-77.120003	0.000000
1579.770020	-75.080002	0.000000
1579.780029	-77.000000	0.000000
1579.790039	-74.690002	0.000000
1579.800049	-74.589996	0.000000
1579.810059	-74.480003	0.000000
1579.819946	-73.779999	0.000000
1579.829956	-74.449997	0.000000
1579.839966	-75.629997	0.000000
1579.849976	-75.540001	0.000000
1579.859985	-76.209999	0.000000
1579.869995	-75.199997	0.000000
1579.880005	-73.989998	0.000000
1579.890015	-73.440002	0.000000
1579.900024	-74.690002	0.000000
1579.910034	-73.750000	0.000000
1579.920044	-72.750000	0.000000
1579.930054	-73.930000	0.000000
1579.939941	-73.269997	0.000000
1579.949951	-73.489998	0.000000
1579.959961	-73.519997	0.000000
1579.969971	-73.629997	0.000000
1579.979980	-73.019997	0.000000
1579.989990	-73.040001	0.000000
1580.000000	-72.400002	0.000000
1580.010010	-71.669998	0.000000
1580.020020	-73.220001	0.000000
1580.030029	-72.150002	0.000000
1580.040039	-71.760002	0.000000
1580.050049	-71.330002	0.000000
1580.060059	-71.669998	0.000000
1580.069946	-71.169998	0.000000
1580.079956	-70.690002	0.000000
1580.089966	-71.089996	0.000000
1580.099976	-69.949997	0.000000
1580.109985	-70.580002	0.000000
1580.119995	-69.739998	0.000000
1580.130005	-69.570000	0.000000
1580.140015	-70.279999	0.000000
1580.150024	-69.620003	0.000000
1580.160034	-69.510002	0.000000
1580.170044	-69.870003	0.000000
1580.180054	-69.099998	0.000000
1580.189941	-69.040001	0.000000
1580.199951	-69.050003	0.000000
1580.209961	-69.010002	0.000000
1580.219971	-68.959999	0.000000
1580.229980	-68.430000	0.000000
1580.239990	-68.040001	0.000000
1580.250000	-67.650002	0.000000
1580.260010	-67.300003	0.000000
1580.270020	-67.269997	0.000000
1580.280029	-67.059998	0.000000
1580.290039	-66.930000	0.000000
1580.300049	-66.760002	0.000000
1580.310059	-66.480003	0.000000
1580.319946	-66.290001	0.000000
1580.329956	-66.430000	0.000000
1580.339966	-66.199997	0.000000
1580.349976	-66.440002	0.000000
1580.359985	-66.080002	0.000000
1580.369995	-65.940002	0.000000
1580.380005	-65.650002	0.000000
1580.390015	-65.449997	0.000000
1580.400024	-65.160004	0.000000
1580.410034	-65.059998	0.000000
1580.420044	-64.690002	0.000000
1580.430054	-64.279999	0.000000
1580.439941	-64.120003	0.000000
1580.449951	-63.689999	0.000000
1580.459961	-63.369999	0.000000
1580.469971	-63.119999	0.000000
1580.479980	-62.910000	0.000001
1580.489990	-62.790001	0.000001
1580.500000	-62.650002	0.000001
1580.510010	-62.400002	0.000001
1580.520020	-62.220001	0.000001
1580.530029	-62.070000	0.000001
1580.540039	-61.889999	0.000001
1580.550049	-61.529999	0.000001
1580.560059	-61.119999	0.000001
1580.569946	-60.610001	0.000001
1580.579956	-59.950001	0.000001
1580.589966	-59.259998	0.000001
1580.599976	-58.610001	0.000001
1580.609985	-58.139999	0.000002
1580.619995	-57.790001	0.000002
1580.630005	-57.599998	0.000002
1580.640015	-57.380001	0.000002
1580.650024	-57.220001	0.000002
1580.660034	-57.020000	0.000002
1580.670044	-56.869999	0.000002
1580.680054	-56.680000	0.000002
1580.689941	-56.490002	0.000002
1580.699951	-56.160000	0.000002
1580.709961	-55.849998	0.000003
1580.719971	-55.470001	0.000003
1580.729980	-55.139999	0.000003
1580.739990	-54.830002	0.000003
1580.750000	-54.450001	0.000004
1580.760010	-54.110001	0.000004
1580.770020	-53.790001	0.000004
1580.780029	-53.529999	0.000004
1580.790039	-53.389999	0.000005
1580.800049	-53.259998	0.000005
1580.810059	-53.160000	0.000005
1580.819946	-53.049999	0.000005
1580.829956	-52.910000	0.000005
1580.839966	-52.750000	0.000005
1580.849976	-52.560001	0.000006
1580.859985	-52.380001	0.000006
1580.869995	-52.150002	0.000006
1580.880005	-51.860001	0.000007
1580.890015	-51.480000	0.000007
1580.900024	-51.189999	0.000008
1580.910034	-50.980000	0.000008
1580.920044	-50.799999	0.000008
1580.930054	-50.639999	0.000009
1580.939941	-50.549999	0.000009
1580.949951	-50.450001	0.000009
1580.959961	-50.360001	0.000009
1580.969971	-50.320000	0.000009
1580.979980	-50.240002	0.000009
1580.989990	-50.139999	0.000010
1581.000000	-50.060001	0.000010
1581.010010	-49.970001	0.000010
1581.020020	-49.790001	0.000010
1581.030029	-49.639999	0.000011
1581.040039	-49.400002	0.000011
1581.050049	-49.130001	0.000012
1581.060059	-48.900002	0.000013
1581.069946	-48.750000	0.000013
1581.079956	-48.599998	0.000014
1581.089966	-48.509998	0.000014
1581.099976	-48.439999	0.000014
1581.109985	-48.380001	0.000015
1581.119995	-48.349998	0.000015
1581.130005	-48.349998	0.000015
1581.140015	-48.340000	0.000015
1581.150024	-48.279999	0.000015
1581.160034	-48.209999	0.000015
1581.170044	-48.070000	0.000016
1581.180054	-47.910000	0.000016
1581.189941	-47.759998	0.000017
1581.199951	-47.610001	0.000017
1581.209961	-47.470001	0.000018
1581.219971	-47.380001	0.000018
1581.229980	-47.310001	0.000019
1581.239990	-47.270000	0.000019
1581.250000	-47.259998	0.000019
1581.260010	-47.279999	0.000019
1581.270020	-47.299999	0.000019
1581.280029	-47.299999	0.000019
1581.290039	-47.299999	0.000019
1581.300049	-47.320000	0.000019
1581.310059	-47.330002	0.000018
1581.319946	-47.320000	0.000019
1581.329956	-47.230000	0.000019
1581.339966	-47.119999	0.000019
1581.349976	-47.000000	0.000020
1581.359985	-46.930000	0.000020
1581.369995	-46.880001	0.000021
1581.380005	-46.869999	0.000021
1581.390015	-46.860001	0.000021
1581.400024	-46.860001	0.000021
1581.410034	-46.849998	0.000021
1581.420044	-46.900002	0.000020
1581.430054	-46.980000	0.000020
1581.439941	-47.060001	0.000020
1581.449951	-47.130001	0.000019
1581.459961	-47.180000	0.000019
1581.469971	-47.189999	0.000019
1581.479980	-47.169998	0.000019
1581.489990	-47.139999	0.000019
1581.500000	-47.110001	0.000019
1581.510010	-47.049999	0.000020
1581.520020	-46.990002	0.000020
1581.530029	-46.959999	0.000020
1581.540039	-46.980000	0.000020
1581.550049	-47.020000	0.000020
1581.560059	-47.080002	0.000020
1581.569946	-47.150002	0.000019
1581.579956	-47.230000	0.000019
1581.589966	-47.310001	0.000019
1581.599976	-47.400002	0.000018
1581.609985	-47.500000	0.000018
1581.619995	-47.560001	0.000018
1581.630005	-47.570000	0.000017
1581.640015	-47.509998	0.000018
1581.650024	-47.430000	0.000018
1581.660034	-47.389999	0.000018
1581.670044	-47.380001	0.000018
1581.680054	-47.380001	0.000018
1581.689941	-47.380001	0.000018
1581.699951	-47.389999	0.000018
1581.709961	-47.419998	0.000018
1581.719971	-47.500000	0.000018
1581.729980	-47.599998	0.000017
1581.739990	-47.720001	0.000017
1581.750000	-47.810001	0.000017
1581.760010	-47.869999	0.000016
1581.770020	-47.860001	0.000016
1581.780029	-47.820000	0.000017
1581.790039	-47.790001	0.000017
1581.800049	-47.750000	0.000017
1581.810059	-47.669998	0.000017
1581.819946	-47.590000	0.000017
1581.829956	-47.560001	0.000018
1581.839966	-47.570000	0.000017
1581.849976	-47.610001	0.000017
1581.859985	-47.650002	0.000017
1581.869995	-47.709999	0.000017
1581.880005	-47.750000	0.000017
1581.890015	-47.790001	0.000017
1581.900024	-47.869999	0.000016
1581.910034	-47.930000	0.000016
1581.920044	-47.939999	0.000016
1581.930054	-47.880001	0.000016
1581.939941	-47.770000	0.000017
1581.949951	-47.669998	0.000017
1581.959961	-47.610001	0.000017
1581.969971	-47.560001	0.000018
1581.979980	-47.529999	0.000018
1581.989990	-47.500000	0.000018
1582.000000	-47.480000	0.000018
1582.010010	-47.490002	0.000018
1582.020020	-47.540001	0.000018
1582.030029	-47.599998	0.000017
1582.040039	-47.660000	0.000017
1582.050049	-47.709999	0.000017
1582.060059	-47.700001	0.000017
1582.069946	-47.680000	0.000017
1582.079956	-47.660000	0.000017
1582.089966	-47.599998	0.000017
1582.099976	-47.520000	0.000018
1582.109985	-47.389999	0.000018
1582.119995	-47.310001	0.000019
1582.130005	-47.270000	0.000019
1582.140015	-47.270000	0.000019
1582.150024	-47.290001	0.000019
1582.160034	-47.320000	0.000019
1582.170044	-47.349998	0.000018
1582.180054	-47.369999	0.000018
1582.189941	-47.419998	0.000018
1582.199951	-47.470001	0.000018
1582.209961	-47.500000	0.000018
1582.219971	-47.470001	0.000018
1582.229980	-47.369999	0.000018
1582.239990	-47.270000	0.000019
1582.250000	-47.189999	0.000019
1582.260010	-47.139999	0.000019
1582.270020	-47.110001	0.000019
1582.280029	-47.090000	0.000020
1582.290039	-47.070000	0.000020
1582.300049	-47.049999	0.000020
1582.310059	-47.080002	0.000020
1582.319946	-47.139999	0.000019
1582.329956	-47.220001	0.000019
1582.339966	-47.290001	0.000019
1582.349976	-47.349998	0.000018
1582.359985	-47.360001	0.000018
1582.369995	-47.349998	0.000018
1582.380005	-47.349998	0.000018
1582.390015	-47.299999	0.000019
1582.400024	-47.220001	0.000019
1582.410034	-47.110001	0.000019
1582.420044	-47.029999	0.000020
1582.430054	-46.990002	0.000020
1582.439941	-47.000000	0.000020
1582.449951	-47.029999	0.000020
1582.459961	-47.060001	0.000020
1582.469971	-47.090000	0.000020
1582.479980	-47.150002	0.000019
1582.489990	-47.230000	0.000019
1582.500000	-47.320000	0.000019
1582.510010	-47.400002	0.000018
1582.520020	-47.419998	0.000018
1582.530029	-47.360001	0.000018
1582.540039	-47.259998	0.000019
1582.550049	-47.189999	0.000019
1582.560059	-47.150002	0.000019
1582.569946	-47.090000	0.000020
1582.579956	-47.060001	0.000020
1582.589966	-47.020000	0.000020
1582.599976	-47.020000	0.000020
1582.609985	-47.080002	0.000020
1582.619995	-47.169998	0.000019
1582.630005	-47.270000	0.000019
1582.640015	-47.369999	0.000018
1582.650024	-47.419998	0.000018
1582.660034	-47.430000	0.000018
1582.670044	-47.450001	0.000018
1582.680054	-47.430000	0.000018
1582.689941	-47.349998	0.000018
1582.699951	-47.240002	0.000019
1582.709961	-47.139999	0.000019
1582.719971	-47.080002	0.000020
1582.729980	-47.070000	0.000020
1582.739990	-47.090000	0.000020
1582.750000	-47.130001	0.000019
1582.760010	-47.180000	0.000019
1582.770020	-47.230000	0.000019
1582.780029	-47.299999	0.000019
1582.790039	-47.389999	0.000018
1582.800049	-47.490002	0.000018
1582.810059	-47.549999	0.000018
1582.819946	-47.540001	0.000018
1582.829956	-47.480000	0.000018
1582.839966	-47.410000	0.000018
1582.849976	-47.340000	0.000018
1582.859985	-47.290001	0.000019
1582.869995	-47.250000	0.000019
1582.880005	-47.209999	0.000019
1582.890015	-47.200001	0.000019
1582.900024	-47.209999	0.000019
1582.910034	-47.259998	0.000019
1582.920044	-47.340000	0.000018
1582.930054	-47.439999	0.000018
1582.939941	-47.540001	0.000018
1582.949951	-47.599998	0.000017
1582.959961	-47.669998	0.000017
1582.969971	-47.720001	0.000017
1582.979980	-47.720001	0.000017
1582.989990	-47.660000	0.000017
1583.000000	-47.540001	0.000018
1583.010010	-47.459999	0.000018
1583.020020	-47.400002	0.000018
1583.030029	-47.389999	0.000018
1583.040039	-47.410000	0.000018
1583.050049	-47.439999	0.000018
1583.060059	-47.500000	0.000018
1583.069946	-47.549999	0.000018
1583.079956	-47.639999	0.000017
1583.089966	-47.770000	0.000017
1583.099976	-47.889999	0.000016
1583.109985	-47.950001	0.000016
1583.119995	-47.919998	0.000016
1583.130005	-47.830002	0.000016
1583.140015	-47.740002	0.000017
1583.150024	-47.650002	0.000017
1583.160034	-47.590000	0.000017
1583.170044	-47.549999	0.000018
1583.180054	-47.529999	0.000018
1583.189941	-47.520000	0.000018
1583.199951	-47.549999	0.000018
1583.209961	-47.610001	0.000017
1583.219971	-47.700001	0.000017
1583.229980	-47.779999	0.000017
1583.239990	-47.860001	0.000016
1583.250000	-47.919998	0.000016
1583.260010	-47.939999	0.000016
1583.270020	-47.930000	0.000016
1583.280029	-47.869999	0.000016
1583.290039	-47.750000	0.000017
1583.300049	-47.619999	0.000017
1583.310059	-47.529999	0.000018
1583.319946	-47.480000	0.000018
1583.329956	-47.480000	0.000018
1583.339966	-47.490002	0.000018
1583.349976	-47.520000	0.000018
1583.359985	-47.570000	0.000017
1583.369995	-47.630001	0.000017
1583.380005	-47.709999	0.000017
1583.390015	-47.820000	0.000017
1583.400024	-47.930000	0.000016
1583.410034	-47.980000	0.000016
1583.420044	-47.950001	0.000016
1583.430054	-47.869999	0.000016
1583.439941	-47.759998	0.000017
1583.449951	-47.669998	0.000017
1583.459961	-47.599998	0.000017
1583.469971	-47.549999	0.000018
1583.479980	-47.520000	0.000018
1583.489990	-47.520000	0.000018
1583.500000	-47.549999	0.000018
1583.510010	-47.619999	0.000017
1583.520020	-47.689999	0.000017
1583.530029	-47.790001	0.000017
1583.540039	-47.919998	0.000016
1583.550049	-47.990002	0.000016
1583.560059	-48.049999	0.000016
1583.569946	-48.049999	0.000016
1583.579956	-47.990002	0.000016
1583.589966	-47.900002	0.000016
1583.599976	-47.790001	0.000017
1583.609985	-47.720001	0.000017
1583.619995	-47.689999	0.000017
1583.630005	-47.709999	0.000017
1583.640015	-47.750000	0.000017
1583.650024	-47.810001	0.000017
1583.660034	-47.910000	0.000016
1583.670044	-48.000000	0.000016
1583.680054	-48.139999	0.000015
1583.689941	-48.279999	0.000015
1583.699951	-48.380001	0.000015
1583.709961	-48.430000	0.000014
1583.719971	-48.410000	0.000014
1583.729980	-48.330002	0.000015
1583.739990	-48.250000	0.000015
1583.750000	-48.180000	0.000015
1583.760010	-48.150002	0.000015
1583.770020	-48.130001	0.000015
1583.780029	-48.130001	0.000015
1583.790039	-48.139999	0.000015
1583.800049	-48.189999	0.000015
1583.810059	-48.270000	0.000015
1583.819946	-48.369999	0.000015
1583.829956	-48.500000	0.000014
1583.839966	-48.619999	0.000014
1583.849976	-48.790001	0.000013
1583.859985	-48.900002	0.000013
1583.869995	-48.970001	0.000013
1583.880005	-49.000000	0.000013
1583.890015	-48.980000	0.000013
1583.900024	-48.959999	0.000013
1583.910034	-48.950001	0.000013
1583.920044	-48.970001	0.000013
1583.930054	-49.040001	0.000012
1583.939941	-49.130001	0.000012
1583.949951	-49.230000	0.000012
1583.959961	-49.349998	0.000012
1583.969971	-49.509998	0.000011
1583.979980	-49.770000	0.000011
1583.989990	-50.009998	0.000010
1584.000000	-50.230000	0.000009
1584.010010	-50.459999	0.000009
1584.020020	-50.650002	0.000009
1584.030029	-50.779999	0.000008
1584.040039	-50.930000	0.000008
1584.050049	-51.040001	0.000008
1584.060059	-51.130001	0.000008
1584.069946	-51.230000	0.000008
1584.079956	-51.320000	0.000007
1584.089966	-51.419998	0.000007
1584.099976	-51.610001	0.000007
1584.109985	-51.840000	0.000007
1584.119995	-52.139999	0.000006
1584.130005	-52.520000	0.000006
1584.140015	-52.959999	0.000005
1584.150024	-53.480000	0.000004
1584.160034	-54.009998	0.000004
1584.170044	-54.299999	0.000004
1584.180054	-54.500000	0.000004
1584.189941	-54.689999	0.000003
1584.199951	-54.860001	0.000003
1584.209961	-55.040001	0.000003
1584.219971	-55.230000	0.000003
1584.229980	-55.500000	0.000003
1584.239990	-55.750000	0.000003
1584.250000	-56.090000	0.000002
1584.260010	-56.549999	0.000002
1584.270020	-57.139999	0.000002
1584.280029	-57.830002	0.000002
1584.290039	-58.590000	0.000001
1584.300049	-59.490002	0.000001
1584.310059	-60.450001	0.000001
1584.319946	-61.240002	0.000001
1584.329956	-61.840000	0.000001
1584.339966	-62.209999	0.000001
1584.349976	-62.549999	0.000001
1584.359985	-62.799999	0.000001
1584.369995	-62.919998	0.000001
1584.380005	-63.150002	0.000000
1584.390015	-63.220001	0.000000
1584.400024	-63.560001	0.000000
1584.410034	-63.790001	0.000000
1584.420044	-64.160004	0.000000
1584.430054	-64.550003	0.000000
1584.439941	-65.050003	0.000000
1584.449951	-65.589996	0.000000
1584.459961	-66.089996	0.000000
1584.469971	-66.129997	0.000000
1584.479980	-66.360001	0.000000
1584.489990	-66.529999	0.000000
1584.500000	-66.680000	0.000000
1584.510010	-66.750000	0.000000
1584.520020	-66.879997	0.000000
1584.530029	-66.860001	0.000000
1584.540039	-67.389999	0.000000
1584.550049	-67.599998	0.000000
1584.560059	-67.680000	0.000000
1584.569946	-68.309998	0.000000
1584.579956	-68.480003	0.000000
1584.589966	-68.669998	0.000000
1584.599976	-69.209999	0.000000
1584.609985	-69.739998	0.000000
1584.619995	-69.570000	0.000000
1584.630005	-70.029999	0.000000
1584.640015	-70.059998	0.000000
1584.650024	-70.519997	0.000000
1584.660034	-70.199997	0.000000
1584.670044	-70.620003	0.000000
1584.680054	-70.550003	0.000000
1584.689941	-70.809998	0.000000
1584.699951	-71.150002	0.000000
1584.709961	-70.989998	0.000000
1584.719971	-71.650002	0.000000
1584.729980	-72.129997	0.000000
1584.739990	-71.699997	0.000000
1584.750000	-72.370003	0.000000
1584.760010	-73.599998	0.000000
1584.770020	-72.500000	0.000000
1584.780029	-73.779999	0.000000
1584.790039	-74.080002	0.000000
1584.800049	-73.220001	0.000000
1584.810059	-74.110001	0.000000
1584.819946	-73.870003	0.000000
1584.829956	-73.750000	0.000000
1584.839966	-73.300003	0.000000
1584.849976	-73.720001	0.000000
1584.859985	-74.050003	0.000000
1584.869995	-74.800003	0.000000
1584.880005	-74.379997	0.000000
1584.890015	-76.529999	0.000000
1584.900024	-76.639999	0.000000
1584.910034	-76.309998	0.000000
1584.920044	-77.970001	0.000000
1584.930054	-76.639999	0.000000
1584.939941	-77.459999	0.000000
1584.949951	-77.529999	0.000000
1584.959961	-77.320000	0.000000
1584.969971	-80.260002	0.000000
1584.979980	-76.529999	0.000000
1584.989990	-75.809998	0.000000
1585.000000	-81.139999	0.000000
1585.010010	-77.669998	0.000000
1585.020020	-76.699997	0.000000
1585.030029	-77.970001	0.000000
1585.040039	-80.400002	0.000000
1585.050049	-77.599998	0.000000
1585.060059	-80.980003	0.000000
1585.069946	-77.120003	0.000000
1585.079956	-210.000000	0.000000
1585.089966	-80.260002	0.000000
1585.099976	-78.919998	0.000000
1585.109985	-77.669998	0.000000
1585.119995	-80.540001	0.000000
1585.130005	-80.680000	0.000000
1585.140015	-78.370003	0.000000
1585.150024	-79.540001	0.000000
1585.160034	-78.639999	0.000000
1585.170044	-79.650002	0.000000
1585.180054	-210.000000	0.000000
1585.189941	-79.010002	0.000000
1585.199951	-78.639999	0.000000
1585.209961	-80.680000	0.000000
1585.219971	-85.040001	0.000000
1585.229980	-210.000000	0.000000
1585.239990	-79.540001	0.000000
1585.250000	-81.139999	0.000000
1585.260010	-80.680000	0.000000
1585.270020	-85.910004	0.000000
1585.280029	-80.129997	0.000000
1585.290039	-210.000000	0.000000
1585.300049	-80.400002	0.000000
1585.310059	-210.000000	0.000000
1585.319946	-210.000000	0.000000
1585.329956	-86.419998	0.000000
1585.339966	-85.449997	0.000000
1585.349976	-210.000000	0.000000
1585.359985	-83.410004	0.000000
1585.369995	-210.000000	0.000000
1585.380005	-210.000000	0.000000
1585.390015	-210.000000	0.000000
1585.400024	-79.320000	0.000000
1585.410034	-86.419998	0.000000
1585.420044	-210.000000	0.000000
1585.430054	-210.000000	0.000000
1585.439941	-210.000000	0.000000
1585.449951	-92.440002	0.000000
1585.459961	-81.139999	0.000000
1585.469971	-210.000000	0.000000
1585.479980	-210.000000	0.000000
1585.489990	-82.660004	0.000000
1585.500000	-95.440002	0.000000
1585.510010	-81.820000	0.000000
1585.520020	-210.000000	0.000000
1585.530029	-210.000000	0.000000
1585.540039	-210.000000	0.000000
1585.550049	-80.529999	0.000000
1585.560059	-85.900002	0.000000
1585.569946	-81.290001	0.000000
1585.579956	-210.000000	0.000000
1585.589966	-81.820000	0.000000
1585.599976	-83.980003	0.000000
1585.609985	-79.529999	0.000000
1585.619995	-210.000000	0.000000
1585.630005	-79.529999	0.000000
1585.640015	-210.000000	0.000000
1585.650024	-210.000000	0.000000
1585.660034	-80.389999	0.000000
1585.670044	-210.000000	0.000000
1585.680054	-82.889999	0.000000
1585.689941	-85.900002	0.000000
1585.699951	-210.000000	0.000000
1585.709961	-210.000000	0.000000
1585.719971	-78.720001	0.000000
1585.729980	-210.000000	0.000000
1585.739990	-210.000000	0.000000
1585.750000	-210.000000	0.000000
1585.760010	-89.419998	0.000000
1585.770020	-210.000000	0.000000
1585.780029	-210.000000	0.000000
1585.790039	-210.000000	0.000000
1585.800049	-80.669998	0.000000
1585.810059	-85.440002	0.000000
1585.819946	-210.000000	0.000000
1585.829956	-210.000000	0.000000
1585.839966	-210.000000	0.000000
1585.849976	-210.000000	0.000000
1585.859985	-87.660004	0.000000
1585.869995	-210.000000	0.000000
1585.880005	-210.000000	0.000000
1585.890015	-210.000000	0.000000
1585.900024	-79.000000	0.000000
1585.910034	-83.980003	0.000000
1585.920044	-210.000000	0.000000
1585.930054	-210.000000	0.000000
1585.939941	-210.000000	0.000000
1585.949951	-95.440002	0.000000
1585.959961	-210.000000	0.000000
1585.969971	-90.669998	0.000000
1585.979980	-83.129997	0.000000
1585.989990	-210.000000	0.000000
1586.000000	-87.660004	0.000000
1586.010010	-210.000000	0.000000
1586.020020	-210.000000	0.000000
1586.030029	-210.000000	0.000000
1586.040039	-85.440002	0.000000
1586.050049	-80.820000	0.000000
1586.060059	-210.000000	0.000000
1586.069946	-210.000000	0.000000
1586.079956	-210.000000	0.000000
1586.089966	-89.419998	0.000000
1586.099976	-78.449997	0.000000
1586.109985	-210.000000	0.000000
1586.119995	-210.000000	0.000000
1586.130005	-92.430000	0.000000
1586.140015	-210.000000	0.000000
1586.150024	-210.000000	0.000000
1586.160034	-210.000000	0.000000
1586.170044	-83.680000	0.000000
1586.180054	-210.000000	0.000000
1586.189941	-80.529999	0.000000
1586.199951	-210.000000	0.000000
1586.209961	-210.000000	0.000000
1586.219971	-210.000000	0.000000
1586.229980	-79.419998	0.000000
1586.239990	-210.000000	0.000000
1586.250000	-84.650002	0.000000
1586.260010	-95.440002	0.000000
1586.270020	-81.459999	0.000000
1586.280029	-95.440002	0.000000
1586.290039	-210.000000	0.000000
1586.300049	-210.000000	0.000000
1586.310059	-210.000000	0.000000
1586.319946	-88.449997	0.000000
1586.329956	-85.440002	0.000000
1586.339966	-210.000000	0.000000
1586.349976	-90.669998	0.000000
1586.359985	-210.000000	0.000000
1586.369995	-210.000000	0.000000
1586.380005	-87.660004	0.000000
1586.390015	-210.000000	0.000000
1586.400024	-81.820000	0.000000
1586.410034	-210.000000	0.000000
1586.420044	-210.000000	0.000000
1586.430054	-210.000000	0.000000
1586.439941	-86.989998	0.000000
1586.449951	-210.000000	0.000000
1586.459961	-81.820000	0.000000
1586.469971	-210.000000	0.000000
1586.479980	-210.000000	0.000000
1586.489990	-80.669998	0.000000
1586.500000	-210.000000	0.000000
1586.510010	-92.430000	0.000000
1586.520020	-80.529999	0.000000
1586.530029	-83.400002	0.000000
1586.540039	-210.000000	0.000000
1586.550049	-210.000000	0.000000
1586.560059	-82.220001	0.000000
1586.569946	-82.019997	0.000000
1586.579956	-82.220001	0.000000
1586.589966	-84.300003	0.000000
1586.599976	-210.000000	0.000000
1586.609985	-92.430000	0.000000
1586.619995	-85.900002	0.000000
1586.630005	-210.000000	0.000000
1586.640015	-210.000000	0.000000
1586.650024	-210.000000	0.000000
1586.660034	-81.459999	0.000000
1586.670044	-83.400002	0.000000
1586.680054	-78.629997	0.000000
1586.689941	-87.660004	0.000000
1586.699951	-210.000000	0.000000
1586.709961	-90.669998	0.000000
1586.719971	-87.660004	0.000000
1586.729980	-210.000000	0.000000
1586.739990	-210.000000	0.000000
1586.750000	-210.000000	0.000000
1586.760010	-84.650002	0.000000
1586.770020	-90.669998	0.000000
1586.780029	-210.000000	0.000000
1586.790039	-210.000000	0.000000
1586.800049	-210.000000	0.000000
1586.810059	-210.000000	0.000000
1586.819946	-89.419998	0.000000
1586.829956	-210.000000	0.000000
1586.839966	-90.669998	0.000000
1586.849976	-210.000000	0.000000
1586.859985	-83.680000	0.000000
1586.869995	-210.000000	0.000000
1586.880005	-80.389999	0.000000
1586.890015	-210.000000	0.000000
1586.900024	-210.000000	0.000000
1586.910034	-85.900002	0.000000
1586.920044	-82.650002	0.000000
1586.930054	-84.300003	0.000000
1586.939941	-81.459999	0.000000
1586.949951	-210.000000	0.000000
1586.959961	-79.760002	0.000000
1586.969971	-210.000000	0.000000
1586.979980	-210.000000	0.000000
1586.989990	-84.300003	0.000000
1587.000000	-86.989998	0.000000
