Wavelength (nm)	Transmission (dBm)	Linear Transmission
1577.000000	-81.459999	0.000000
1577.010010	-210.000000	0.000000
1577.020020	-82.650002	0.000000
1577.030029	-86.989998	0.000000
1577.040039	-210.000000	0.000000
1577.050049	-210.000000	0.000000
1577.060059	-210.000000	0.000000
1577.069946	-210.000000	0.000000
1577.079956	-80.669998	0.000000
1577.089966	-83.980003	0.000000
1577.099976	-210.000000	0.000000
1577.109985	-83.680000	0.000000
1577.119995	-210.000000	0.000000
1577.130005	-210.000000	0.000000
1577.140015	-210.000000	0.000000
1577.150024	-210.000000	0.000000
1577.160034	-85.900002	0.000000
1577.170044	-89.419998	0.000000
1577.180054	-210.000000	0.000000
1577.189941	-83.129997	0.000000
1577.199951	-210.000000	0.000000
1577.209961	-210.000000	0.000000
1577.219971	-210.000000	0.000000
1577.229980	-210.000000	0.000000
1577.239990	-210.000000	0.000000
1577.250000	-79.099998	0.000000
1577.260010	-85.900002	0.000000
1577.270020	-210.000000	0.000000
1577.280029	-83.980003	0.000000
1577.290039	-86.989998	0.000000
1577.300049	-210.000000	0.000000
1577.310059	-210.000000	0.000000
1577.319946	-210.000000	0.000000
1577.329956	-80.820000	0.000000
1577.339966	-210.000000	0.000000
1577.349976	-92.430000	0.000000
1577.359985	-83.680000	0.000000
1577.369995	-85.900002	0.000000
1577.380005	-210.000000	0.000000
1577.390015	-83.980003	0.000000
1577.400024	-78.629997	0.000000
1577.410034	-210.000000	0.000000
1577.420044	-89.419998	0.000000
1577.430054	-82.650002	0.000000
1577.439941	-210.000000	0.000000
1577.449951	-210.000000	0.000000
1577.459961	-210.000000	0.000000
1577.469971	-210.000000	0.000000
1577.479980	-210.000000	0.000000
1577.489990	-92.430000	0.000000
1577.500000	-84.300003	0.000000
1577.510010	-210.000000	0.000000
1577.520020	-95.440002	0.000000
1577.530029	-210.000000	0.000000
1577.540039	-210.000000	0.000000
1577.550049	-210.000000	0.000000
1577.560059	-210.000000	0.000000
1577.569946	-82.019997	0.000000
1577.579956	-210.000000	0.000000
1577.589966	-78.449997	0.000000
1577.599976	-210.000000	0.000000
1577.609985	-79.209999	0.000000
1577.619995	-210.000000	0.000000
1577.630005	-95.440002	0.000000
1577.640015	-86.989998	0.000000
1577.650024	-210.000000	0.000000
1577.660034	-210.000000	0.000000
1577.670044	-88.449997	0.000000
1577.680054	-84.300003	0.000000
1577.689941	-210.000000	0.000000
1577.699951	-82.220001	0.000000
1577.709961	-86.410004	0.000000
1577.719971	-210.000000	0.000000
1577.729980	-89.419998	0.000000
1577.739990	-85.029999	0.000000
1577.750000	-80.120003	0.000000
1577.760010	-92.430000	0.000000
1577.770020	-95.440002	0.000000
1577.780029	-210.000000	0.000000
1577.790039	-210.000000	0.000000
1577.800049	-210.000000	0.000000
1577.810059	-210.000000	0.000000
1577.819946	-83.980003	0.000000
1577.829956	-81.290001	0.000000
1577.839966	-210.000000	0.000000
1577.849976	-85.440002	0.000000
1577.859985	-210.000000	0.000000
1577.869995	-210.000000	0.000000
1577.880005	-82.889999	0.000000
1577.890015	-83.129997	0.000000
1577.900024	-81.129997	0.000000
1577.910034	-82.430000	0.000000
1577.920044	-210.000000	0.000000
1577.930054	-83.980003	0.000000
1577.939941	-210.000000	0.000000
1577.949951	-210.000000	0.000000
1577.959961	-92.430000	0.000000
1577.969971	-210.000000	0.000000
1577.979980	-95.440002	0.000000
1577.989990	-210.000000	0.000000
1578.000000	-79.769997	0.000000
1578.010010	-80.010002	0.000000
1578.020020	-210.000000	0.000000
1578.030029	-210.000000	0.000000
1578.040039	-87.669998	0.000000
1578.050049	-86.419998	0.000000
1578.060059	-82.900002	0.000000
1578.069946	-210.000000	0.000000
1578.079956	-87.669998	0.000000
1578.089966	-210.000000	0.000000
1578.099976	-210.000000	0.000000
1578.109985	-85.910004	0.000000
1578.119995	-210.000000	0.000000
1578.130005	-210.000000	0.000000
1578.140015	-85.910004	0.000000
1578.150024	-83.989998	0.000000
1578.160034	-88.459999	0.000000
1578.170044	-95.449997	0.000000
1578.180054	-210.000000	0.000000
1578.189941	-87.000000	0.000000
1578.199951	-79.220001	0.000000
1578.209961	-81.470001	0.000000
1578.219971	-210.000000	0.000000
1578.229980	-92.440002	0.000000
1578.239990	-210.000000	0.000000
1578.250000	-85.449997	0.000000
1578.260010	-210.000000	0.000000
1578.270020	-210.000000	0.000000
1578.280029	-210.000000	0.000000
1578.290039	-210.000000	0.000000
1578.300049	-87.669998	0.000000
1578.310059	-210.000000	0.000000
1578.319946	-210.000000	0.000000
1578.329956	-210.000000	0.000000
1578.339966	-210.000000	0.000000
1578.349976	-85.449997	0.000000
1578.359985	-84.309998	0.000000
1578.369995	-79.540001	0.000000
1578.380005	-85.910004	0.000000
1578.390015	-210.000000	0.000000
1578.400024	-81.830002	0.000000
1578.410034	-82.440002	0.000000
1578.420044	-210.000000	0.000000
1578.430054	-82.900002	0.000000
1578.439941	-82.230003	0.000000
1578.449951	-80.680000	0.000000
1578.459961	-85.040001	0.000000
1578.469971	-89.430000	0.000000
1578.479980	-210.000000	0.000000
1578.489990	-210.000000	0.000000
1578.500000	-80.980003	0.000000
1578.510010	-210.000000	0.000000
1578.520020	-81.830002	0.000000
1578.530029	-210.000000	0.000000
1578.540039	-87.669998	0.000000
1578.550049	-210.000000	0.000000
1578.560059	-210.000000	0.000000
1578.569946	-210.000000	0.000000
1578.579956	-88.459999	0.000000
1578.589966	-210.000000	0.000000
1578.599976	-210.000000	0.000000
1578.609985	-210.000000	0.000000
1578.619995	-210.000000	0.000000
1578.630005	-90.680000	0.000000
1578.640015	-85.449997	0.000000
1578.650024	-210.000000	0.000000
1578.660034	-210.000000	0.000000
1578.670044	-88.459999	0.000000
1578.680054	-83.690002	0.000000
1578.689941	-81.650002	0.000000
1578.699951	-82.440002	0.000000
1578.709961	-210.000000	0.000000
1578.719971	-83.139999	0.000000
1578.729980	-210.000000	0.000000
1578.739990	-210.000000	0.000000
1578.750000	-210.000000	0.000000
1578.760010	-210.000000	0.000000
1578.770020	-210.000000	0.000000
1578.780029	-80.680000	0.000000
1578.790039	-210.000000	0.000000
1578.800049	-210.000000	0.000000
1578.810059	-210.000000	0.000000
1578.819946	-210.000000	0.000000
1578.829956	-210.000000	0.000000
1578.839966	-210.000000	0.000000
1578.849976	-85.040001	0.000000
1578.859985	-210.000000	0.000000
1578.869995	-85.910004	0.000000
1578.880005	-210.000000	0.000000
1578.890015	-210.000000	0.000000
1578.900024	-210.000000	0.000000
1578.910034	-210.000000	0.000000
1578.920044	-83.690002	0.000000
1578.930054	-82.029999	0.000000
1578.939941	-82.660004	0.000000
1578.949951	-210.000000	0.000000
1578.959961	-80.830002	0.000000
1578.969971	-210.000000	0.000000
1578.979980	-210.000000	0.000000
1578.989990	-87.000000	0.000000
1579.000000	-210.000000	0.000000
1579.010010	-210.000000	0.000000
1579.020020	-210.000000	0.000000
1579.030029	-210.000000	0.000000
1579.040039	-210.000000	0.000000
1579.050049	-210.000000	0.000000
1579.060059	-210.000000	0.000000
1579.069946	-81.830002	0.000000
1579.079956	-87.669998	0.000000
1579.089966	-210.000000	0.000000
1579.099976	-210.000000	0.000000
1579.109985	-210.000000	0.000000
1579.119995	-85.040001	0.000000
1579.130005	-210.000000	0.000000
1579.140015	-85.449997	0.000000
1579.150024	-210.000000	0.000000
1579.160034	-210.000000	0.000000
1579.170044	-210.000000	0.000000
1579.180054	-210.000000	0.000000
1579.189941	-84.309998	0.000000
1579.199951	-210.000000	0.000000
1579.209961	-210.000000	0.000000
1579.219971	-82.660004	0.000000
1579.229980	-83.989998	0.000000
1579.239990	-82.440002	0.000000
1579.250000	-82.230003	0.000000
1579.260010	-210.000000	0.000000
1579.270020	-90.680000	0.000000
1579.280029	-87.000000	0.000000
1579.290039	-210.000000	0.000000
1579.300049	-82.900002	0.000000
1579.310059	-210.000000	0.000000
1579.319946	-210.000000	0.000000
1579.329956	-87.669998	0.000000
1579.339966	-210.000000	0.000000
1579.349976	-210.000000	0.000000
1579.359985	-92.440002	0.000000
1579.369995	-210.000000	0.000000
1579.380005	-89.430000	0.000000
1579.390015	-85.040001	0.000000
1579.400024	-210.000000	0.000000
1579.410034	-210.000000	0.000000
1579.420044	-81.830002	0.000000
1579.430054	-86.419998	0.000000
1579.439941	-92.440002	0.000000
1579.449951	-210.000000	0.000000
1579.459961	-210.000000	0.000000
1579.469971	-84.309998	0.000000
1579.479980	-210.000000	0.000000
1579.489990	-87.669998	0.000000
1579.500000	-89.430000	0.000000
1579.510010	-85.040001	0.000000
1579.520020	-210.000000	0.000000
1579.530029	-210.000000	0.000000
1579.540039	-210.000000	0.000000
1579.550049	-83.690002	0.000000
1579.560059	-210.000000	0.000000
1579.569946	-210.000000	0.000000
1579.579956	-82.440002	0.000000
1579.589966	-210.000000	0.000000
1579.599976	-210.000000	0.000000
1579.609985	-210.000000	0.000000
1579.619995	-83.139999	0.000000
1579.630005	-82.230003	0.000000
1579.640015	-85.449997	0.000000
1579.650024	-210.000000	0.000000
1579.660034	-210.000000	0.000000
1579.670044	-80.830002	0.000000
1579.680054	-95.449997	0.000000
1579.689941	-85.449997	0.000000
1579.699951	-210.000000	0.000000
1579.709961	-210.000000	0.000000
1579.719971	-210.000000	0.000000
1579.729980	-92.440002	0.000000
1579.739990	-95.449997	0.000000
1579.750000	-210.000000	0.000000
1579.760010	-95.449997	0.000000
1579.770020	-84.309998	0.000000
1579.780029	-82.440002	0.000000
1579.790039	-210.000000	0.000000
1579.800049	-87.669998	0.000000
1579.810059	-210.000000	0.000000
1579.819946	-83.139999	0.000000
1579.829956	-210.000000	0.000000
1579.839966	-210.000000	0.000000
1579.849976	-82.900002	0.000000
1579.859985	-90.680000	0.000000
1579.869995	-210.000000	0.000000
1579.880005	-210.000000	0.000000
1579.890015	-83.989998	0.000000
1579.900024	-210.000000	0.000000
1579.910034	-210.000000	0.000000
1579.920044	-210.000000	0.000000
1579.930054	-210.000000	0.000000
1579.939941	-82.660004	0.000000
1579.949951	-95.449997	0.000000
1579.959961	-82.029999	0.000000
1579.969971	-210.000000	0.000000
1579.979980	-80.400002	0.000000
1579.989990	-80.540001	0.000000
1580.000000	-83.410004	0.000000
1580.010010	-210.000000	0.000000
1580.020020	-78.639999	0.000000
1580.030029	-85.449997	0.000000
1580.040039	-89.430000	0.000000
1580.050049	-82.440002	0.000000
1580.060059	-80.680000	0.000000
1580.069946	-95.449997	0.000000
1580.079956	-92.440002	0.000000
1580.089966	-210.000000	0.000000
1580.099976	-80.680000	0.000000
1580.109985	-210.000000	0.000000
1580.119995	-210.000000	0.000000
1580.130005	-210.000000	0.000000
1580.140015	-210.000000	0.000000
1580.150024	-85.910004	0.000000
1580.160034	-210.000000	0.000000
1580.170044	-210.000000	0.000000
1580.180054	-210.000000	0.000000
1580.189941	-87.669998	0.000000
1580.199951	-79.540001	0.000000
1580.209961	-210.000000	0.000000
1580.219971	-85.040001	0.000000
1580.229980	-83.989998	0.000000
1580.239990	-210.000000	0.000000
1580.250000	-210.000000	0.000000
1580.260010	-210.000000	0.000000
1580.270020	-210.000000	0.000000
1580.280029	-210.000000	0.000000
1580.290039	-210.000000	0.000000
1580.300049	-92.440002	0.000000
1580.310059	-210.000000	0.000000
1580.319946	-86.419998	0.000000
1580.329956	-210.000000	0.000000
1580.339966	-90.680000	0.000000
1580.349976	-210.000000	0.000000
1580.359985	-210.000000	0.000000
1580.369995	-210.000000	0.000000
1580.380005	-85.449997	0.000000
1580.390015	-89.430000	0.000000
1580.400024	-210.000000	0.000000
1580.410034	-210.000000	0.000000
1580.420044	-78.639999	0.000000
1580.430054	-81.139999	0.000000
1580.439941	-89.430000	0.000000
1580.449951	-80.980003	0.000000
1580.459961	-78.129997	0.000000
1580.469971	-75.449997	0.000000
1580.479980	-76.099998	0.000000
1580.489990	-74.050003	0.000000
1580.500000	-73.309998	0.000000
1580.510010	-71.309998	0.000000
1580.520020	-70.199997	0.000000
1580.530029	-69.419998	0.000000
1580.540039	-68.120003	0.000000
1580.550049	-67.900002	0.000000
1580.560059	-66.860001	0.000000
1580.569946	-66.250000	0.000000
1580.579956	-65.480003	0.000000
1580.589966	-64.839996	0.000000
1580.599976	-64.419998	0.000000
1580.609985	-63.869999	0.000000
1580.619995	-63.450001	0.000000
1580.630005	-63.080002	0.000000
1580.640015	-62.750000	0.000001
1580.650024	-62.529999	0.000001
1580.660034	-62.220001	0.000001
1580.670044	-61.889999	0.000001
1580.680054	-61.590000	0.000001
1580.689941	-61.360001	0.000001
1580.699951	-61.040001	0.000001
1580.709961	-60.889999	0.000001
1580.719971	-60.580002	0.000001
1580.729980	-60.389999	0.000001
1580.739990	-60.209999	0.000001
1580.750000	-60.080002	0.000001
1580.760010	-59.880001	0.000001
1580.770020	-59.669998	0.000001
1580.780029	-59.459999	0.000001
1580.790039	-59.270000	0.000001
1580.800049	-59.139999	0.000001
1580.810059	-59.009998	0.000001
1580.819946	-58.880001	0.000001
1580.829956	-58.740002	0.000001
1580.839966	-58.619999	0.000001
1580.849976	-58.450001	0.000001
1580.859985	-58.380001	0.000001
1580.869995	-58.259998	0.000001
1580.880005	-58.169998	0.000002
1580.890015	-58.090000	0.000002
1580.900024	-57.959999	0.000002
1580.910034	-57.910000	0.000002
1580.920044	-57.869999	0.000002
1580.930054	-57.799999	0.000002
1580.939941	-57.810001	0.000002
1580.949951	-57.790001	0.000002
1580.959961	-57.720001	0.000002
1580.969971	-57.680000	0.000002
1580.979980	-57.660000	0.000002
1580.989990	-57.669998	0.000002
1581.000000	-57.669998	0.000002
1581.010010	-57.650002	0.000002
1581.020020	-57.630001	0.000002
1581.030029	-57.599998	0.000002
1581.040039	-57.570000	0.000002
1581.050049	-57.549999	0.000002
1581.060059	-57.590000	0.000002
1581.069946	-57.570000	0.000002
1581.079956	-57.520000	0.000002
1581.089966	-57.490002	0.000002
1581.099976	-57.509998	0.000002
1581.109985	-57.529999	0.000002
1581.119995	-57.540001	0.000002
1581.130005	-57.529999	0.000002
1581.140015	-57.529999	0.000002
1581.150024	-57.490002	0.000002
1581.160034	-57.509998	0.000002
1581.170044	-57.500000	0.000002
1581.180054	-57.480000	0.000002
1581.189941	-57.470001	0.000002
1581.199951	-57.450001	0.000002
1581.209961	-57.430000	0.000002
1581.219971	-57.439999	0.000002
1581.229980	-57.450001	0.000002
1581.239990	-57.439999	0.000002
1581.250000	-57.439999	0.000002
1581.260010	-57.400002	0.000002
1581.270020	-57.380001	0.000002
1581.280029	-57.369999	0.000002
1581.290039	-57.389999	0.000002
1581.300049	-57.369999	0.000002
1581.310059	-57.369999	0.000002
1581.319946	-57.349998	0.000002
1581.329956	-57.310001	0.000002
1581.339966	-57.330002	0.000002
1581.349976	-57.360001	0.000002
1581.359985	-57.340000	0.000002
1581.369995	-57.330002	0.000002
1581.380005	-57.279999	0.000002
1581.390015	-57.270000	0.000002
1581.400024	-57.270000	0.000002
1581.410034	-57.290001	0.000002
1581.420044	-57.310001	0.000002
1581.430054	-57.270000	0.000002
1581.439941	-57.240002	0.000002
1581.449951	-57.209999	0.000002
1581.459961	-57.220001	0.000002
1581.469971	-57.230000	0.000002
1581.479980	-57.240002	0.000002
1581.489990	-57.209999	0.000002
1581.500000	-57.209999	0.000002
1581.510010	-57.180000	0.000002
1581.520020	-57.169998	0.000002
1581.530029	-57.189999	0.000002
1581.540039	-57.180000	0.000002
1581.550049	-57.150002	0.000002
1581.560059	-57.130001	0.000002
1581.569946	-57.090000	0.000002
1581.579956	-57.119999	0.000002
1581.589966	-57.110001	0.000002
1581.599976	-57.139999	0.000002
1581.609985	-57.099998	0.000002
1581.619995	-57.099998	0.000002
1581.630005	-57.070000	0.000002
1581.640015	-57.060001	0.000002
1581.650024	-57.070000	0.000002
1581.660034	-57.080002	0.000002
1581.670044	-57.060001	0.000002
1581.680054	-57.029999	0.000002
1581.689941	-57.009998	0.000002
1581.699951	-57.020000	0.000002
1581.709961	-57.029999	0.000002
1581.719971	-57.029999	0.000002
1581.729980	-57.009998	0.000002
1581.739990	-56.990002	0.000002
1581.750000	-56.980000	0.000002
1581.760010	-56.980000	0.000002
1581.770020	-56.980000	0.000002
1581.780029	-56.990002	0.000002
1581.790039	-57.000000	0.000002
1581.800049	-56.950001	0.000002
1581.810059	-56.930000	0.000002
1581.819946	-56.980000	0.000002
1581.829956	-56.970001	0.000002
1581.839966	-56.970001	0.000002
1581.849976	-56.930000	0.000002
1581.859985	-56.919998	0.000002
1581.869995	-56.910000	0.000002
1581.880005	-56.919998	0.000002
1581.890015	-56.939999	0.000002
1581.900024	-56.939999	0.000002
1581.910034	-56.910000	0.000002
1581.920044	-56.880001	0.000002
1581.930054	-56.900002	0.000002
1581.939941	-56.900002	0.000002
1581.949951	-56.910000	0.000002
1581.959961	-56.919998	0.000002
1581.969971	-56.889999	0.000002
1581.979980	-56.860001	0.000002
1581.989990	-56.840000	0.000002
1582.000000	-56.860001	0.000002
1582.010010	-56.880001	0.000002
1582.020020	-56.860001	0.000002
1582.030029	-56.849998	0.000002
1582.040039	-56.810001	0.000002
1582.050049	-56.820000	0.000002
1582.060059	-56.830002	0.000002
1582.069946	-56.830002	0.000002
1582.079956	-56.849998	0.000002
1582.089966	-56.810001	0.000002
1582.099976	-56.799999	0.000002
1582.109985	-56.779999	0.000002
1582.119995	-56.799999	0.000002
1582.130005	-56.790001	0.000002
1582.140015	-56.820000	0.000002
1582.150024	-56.779999	0.000002
1582.160034	-56.759998	0.000002
1582.170044	-56.740002	0.000002
1582.180054	-56.759998	0.000002
1582.189941	-56.790001	0.000002
1582.199951	-56.770000	0.000002
1582.209961	-56.759998	0.000002
1582.219971	-56.750000	0.000002
1582.229980	-56.720001	0.000002
1582.239990	-56.759998	0.000002
1582.250000	-56.770000	0.000002
1582.260010	-56.759998	0.000002
1582.270020	-56.730000	0.000002
1582.280029	-56.709999	0.000002
1582.290039	-56.740002	0.000002
1582.300049	-56.750000	0.000002
1582.310059	-56.759998	0.000002
1582.319946	-56.740002	0.000002
1582.329956	-56.709999	0.000002
1582.339966	-56.669998	0.000002
1582.349976	-56.669998	0.000002
1582.359985	-56.740002	0.000002
1582.369995	-56.730000	0.000002
1582.380005	-56.720001	0.000002
1582.390015	-56.689999	0.000002
1582.400024	-56.660000	0.000002
1582.410034	-56.669998	0.000002
1582.420044	-56.660000	0.000002
1582.430054	-56.689999	0.000002
1582.439941	-56.689999	0.000002
1582.449951	-56.689999	0.000002
1582.459961	-56.669998	0.000002
1582.469971	-56.660000	0.000002
1582.479980	-56.660000	0.000002
1582.489990	-56.680000	0.000002
1582.500000	-56.669998	0.000002
1582.510010	-56.660000	0.000002
1582.520020	-56.650002	0.000002
1582.530029	-56.630001	0.000002
1582.540039	-56.650002	0.000002
1582.550049	-56.689999	0.000002
1582.560059	-56.660000	0.000002
1582.569946	-56.639999	0.000002
1582.579956	-56.630001	0.000002
1582.589966	-56.639999	0.000002
1582.599976	-56.660000	0.000002
1582.609985	-56.669998	0.000002
1582.619995	-56.669998	0.000002
1582.630005	-56.650002	0.000002
1582.640015	-56.630001	0.000002
1582.650024	-56.619999	0.000002
1582.660034	-56.669998	0.000002
1582.670044	-56.669998	0.000002
1582.680054	-56.680000	0.000002
1582.689941	-56.630001	0.000002
1582.699951	-56.610001	0.000002
1582.709961	-56.639999	0.000002
1582.719971	-56.639999	0.000002
1582.729980	-56.650002	0.000002
1582.739990	-56.680000	0.000002
1582.750000	-56.639999	0.000002
1582.760010	-56.619999	0.000002
1582.770020	-56.639999	0.000002
1582.780029	-56.660000	0.000002
1582.790039	-56.660000	0.000002
1582.800049	-56.660000	0.000002
1582.810059	-56.610001	0.000002
1582.819946	-56.630001	0.000002
1582.829956	-56.599998	0.000002
1582.839966	-56.630001	0.000002
1582.849976	-56.650002	0.000002
1582.859985	-56.639999	0.000002
1582.869995	-56.619999	0.000002
1582.880005	-56.599998	0.000002
1582.890015	-56.599998	0.000002
1582.900024	-56.630001	0.000002
1582.910034	-56.639999	0.000002
1582.920044	-56.610001	0.000002
1582.930054	-56.619999	0.000002
1582.939941	-56.599998	0.000002
1582.949951	-56.619999	0.000002
1582.959961	-56.639999	0.000002
1582.969971	-56.610001	0.000002
1582.979980	-56.619999	0.000002
1582.989990	-56.590000	0.000002
1583.000000	-56.590000	0.000002
1583.010010	-56.580002	0.000002
1583.020020	-56.599998	0.000002
1583.030029	-56.580002	0.000002
1583.040039	-56.580002	0.000002
1583.050049	-56.549999	0.000002
1583.060059	-56.549999	0.000002
1583.069946	-56.549999	0.000002
1583.079956	-56.549999	0.000002
1583.089966	-56.570000	0.000002
1583.099976	-56.560001	0.000002
1583.109985	-56.540001	0.000002
1583.119995	-56.529999	0.000002
1583.130005	-56.549999	0.000002
1583.140015	-56.560001	0.000002
1583.150024	-56.549999	0.000002
1583.160034	-56.549999	0.000002
1583.170044	-56.540001	0.000002
1583.180054	-56.520000	0.000002
1583.189941	-56.540001	0.000002
1583.199951	-56.549999	0.000002
1583.209961	-56.549999	0.000002
1583.219971	-56.529999	0.000002
1583.229980	-56.529999	0.000002
1583.239990	-56.520000	0.000002
1583.250000	-56.540001	0.000002
1583.260010	-56.529999	0.000002
1583.270020	-56.560001	0.000002
1583.280029	-56.560001	0.000002
1583.290039	-56.529999	0.000002
1583.300049	-56.520000	0.000002
1583.310059	-56.540001	0.000002
1583.319946	-56.540001	0.000002
1583.329956	-56.570000	0.000002
1583.339966	-56.529999	0.000002
1583.349976	-56.509998	0.000002
1583.359985	-56.520000	0.000002
1583.369995	-56.529999	0.000002
1583.380005	-56.549999	0.000002
1583.390015	-56.549999	0.000002
1583.400024	-56.549999	0.000002
1583.410034	-56.540001	0.000002
1583.420044	-56.509998	0.000002
1583.430054	-56.540001	0.000002
1583.439941	-56.560001	0.000002
1583.449951	-56.580002	0.000002
1583.459961	-56.540001	0.000002
1583.469971	-56.520000	0.000002
1583.479980	-56.500000	0.000002
1583.489990	-56.540001	0.000002
1583.500000	-56.570000	0.000002
1583.510010	-56.540001	0.000002
1583.520020	-56.560001	0.000002
1583.530029	-56.520000	0.000002
1583.540039	-56.520000	0.000002
1583.550049	-56.540001	0.000002
1583.560059	-56.560001	0.000002
1583.569946	-56.580002	0.000002
1583.579956	-56.540001	0.000002
1583.589966	-56.520000	0.000002
1583.599976	-56.529999	0.000002
1583.609985	-56.549999	0.000002
1583.619995	-56.540001	0.000002
1583.630005	-56.570000	0.000002
1583.640015	-56.529999	0.000002
1583.650024	-56.520000	0.000002
1583.660034	-56.509998	0.000002
1583.670044	-56.529999	0.000002
1583.680054	-56.529999	0.000002
1583.689941	-56.549999	0.000002
1583.699951	-56.540001	0.000002
1583.709961	-56.500000	0.000002
1583.719971	-56.529999	0.000002
1583.729980	-56.540001	0.000002
1583.739990	-56.540001	0.000002
1583.750000	-56.540001	0.000002
1583.760010	-56.529999	0.000002
1583.770020	-56.500000	0.000002
1583.780029	-56.509998	0.000002
1583.790039	-56.520000	0.000002
1583.800049	-56.540001	0.000002
1583.810059	-56.540001	0.000002
1583.819946	-56.509998	0.000002
1583.829956	-56.500000	0.000002
1583.839966	-56.560001	0.000002
1583.849976	-56.599998	0.000002
1583.859985	-56.650002	0.000002
1583.869995	-56.700001	0.000002
1583.880005	-56.750000	0.000002
1583.890015	-56.759998	0.000002
1583.900024	-56.849998	0.000002
1583.910034	-56.950001	0.000002
1583.920044	-57.049999	0.000002
1583.930054	-57.180000	0.000002
1583.939941	-57.279999	0.000002
1583.949951	-57.400002	0.000002
1583.959961	-57.540001	0.000002
1583.969971	-57.669998	0.000002
1583.979980	-57.889999	0.000002
1583.989990	-58.029999	0.000002
1584.000000	-58.099998	0.000002
1584.010010	-58.220001	0.000002
1584.020020	-58.430000	0.000001
1584.030029	-58.630001	0.000001
1584.040039	-58.869999	0.000001
1584.050049	-59.080002	0.000001
1584.060059	-59.240002	0.000001
1584.069946	-59.509998	0.000001
1584.079956	-59.650002	0.000001
1584.089966	-59.900002	0.000001
1584.099976	-60.189999	0.000001
1584.109985	-60.419998	0.000001
1584.119995	-60.660000	0.000001
1584.130005	-60.980000	0.000001
1584.140015	-61.279999	0.000001
1584.150024	-61.680000	0.000001
1584.160034	-62.169998	0.000001
1584.170044	-62.500000	0.000001
1584.180054	-62.889999	0.000001
1584.189941	-63.200001	0.000000
1584.199951	-63.689999	0.000000
1584.209961	-64.290001	0.000000
1584.219971	-64.989998	0.000000
1584.229980	-65.699997	0.000000
1584.239990	-66.550003	0.000000
1584.250000	-67.389999	0.000000
1584.260010	-68.269997	0.000000
1584.270020	-69.970001	0.000000
1584.280029	-70.750000	0.000000
1584.290039	-72.099998	0.000000
1584.300049	-72.730003	0.000000
1584.310059	-74.209999	0.000000
1584.319946	-78.820000	0.000000
1584.329956	-77.250000	0.000000
1584.339966	-78.050003	0.000000
1584.349976	-81.650002	0.000000
1584.359985	-88.459999	0.000000
1584.369995	-81.830002	0.000000
1584.380005	-95.449997	0.000000
1584.390015	-210.000000	0.000000
1584.400024	-85.449997	0.000000
1584.410034	-210.000000	0.000000
1584.420044	-86.419998	0.000000
1584.430054	-210.000000	0.000000
1584.439941	-80.400002	0.000000
1584.449951	-210.000000	0.000000
1584.459961	-80.830002	0.000000
1584.469971	-210.000000	0.000000
1584.479980	-210.000000	0.000000
1584.489990	-89.430000	0.000000
1584.500000	-83.989998	0.000000
1584.510010	-210.000000	0.000000
1584.520020	-210.000000	0.000000
1584.530029	-82.900002	0.000000
1584.540039	-210.000000	0.000000
1584.550049	-210.000000	0.000000
1584.560059	-210.000000	0.000000
1584.569946	-210.000000	0.000000
1584.579956	-210.000000	0.000000
1584.589966	-210.000000	0.000000
1584.599976	-210.000000	0.000000
1584.609985	-81.470001	0.000000
1584.619995	-86.419998	0.000000
1584.630005	-210.000000	0.000000
1584.640015	-210.000000	0.000000
1584.650024	-210.000000	0.000000
1584.660034	-210.000000	0.000000
1584.670044	-87.669998	0.000000
1584.680054	-210.000000	0.000000
1584.689941	-210.000000	0.000000
1584.699951	-210.000000	0.000000
1584.709961	-85.910004	0.000000
1584.719971	-78.919998	0.000000
1584.729980	-83.989998	0.000000
1584.739990	-210.000000	0.000000
1584.750000	-210.000000	0.000000
1584.760010	-210.000000	0.000000
1584.770020	-210.000000	0.000000
1584.780029	-210.000000	0.000000
1584.790039	-210.000000	0.000000
1584.800049	-210.000000	0.000000
1584.810059	-210.000000	0.000000
1584.819946	-82.230003	0.000000
1584.829956	-89.430000	0.000000
1584.839966	-210.000000	0.000000
1584.849976	-210.000000	0.000000
1584.859985	-92.440002	0.000000
1584.869995	-210.000000	0.000000
1584.880005	-210.000000	0.000000
1584.890015	-80.680000	0.000000
1584.900024	-89.430000	0.000000
1584.910034	-210.000000	0.000000
1584.920044	-210.000000	0.000000
1584.930054	-95.449997	0.000000
1584.939941	-210.000000	0.000000
1584.949951	-210.000000	0.000000
1584.959961	-81.830002	0.000000
1584.969971	-210.000000	0.000000
1584.979980	-82.440002	0.000000
1584.989990	-210.000000	0.000000
1585.000000	-80.980003	0.000000
1585.010010	-210.000000	0.000000
1585.020020	-210.000000	0.000000
1585.030029	-210.000000	0.000000
1585.040039	-88.459999	0.000000
1585.050049	-89.430000	0.000000
1585.060059	-210.000000	0.000000
1585.069946	-210.000000	0.000000
1585.079956	-78.290001	0.000000
1585.089966	-84.309998	0.000000
1585.099976	-82.900002	0.000000
1585.109985	-210.000000	0.000000
1585.119995	-88.459999	0.000000
1585.130005	-84.660004	0.000000
1585.140015	-79.430000	0.000000
1585.150024	-210.000000	0.000000
1585.160034	-210.000000	0.000000
1585.170044	-80.980003	0.000000
1585.180054	-88.459999	0.000000
1585.189941	-80.129997	0.000000
1585.199951	-81.470001	0.000000
1585.209961	-83.139999	0.000000
1585.219971	-210.000000	0.000000
1585.229980	-95.449997	0.000000
1585.239990	-210.000000	0.000000
1585.250000	-210.000000	0.000000
1585.260010	-88.459999	0.000000
1585.270020	-84.309998	0.000000
1585.280029	-210.000000	0.000000
1585.290039	-82.660004	0.000000
1585.300049	-89.430000	0.000000
1585.310059	-95.449997	0.000000
1585.319946	-210.000000	0.000000
1585.329956	-83.989998	0.000000
1585.339966	-82.900002	0.000000
1585.349976	-79.430000	0.000000
1585.359985	-87.000000	0.000000
1585.369995	-210.000000	0.000000
1585.380005	-210.000000	0.000000
1585.390015	-210.000000	0.000000
1585.400024	-210.000000	0.000000
1585.410034	-210.000000	0.000000
1585.420044	-210.000000	0.000000
1585.430054	-80.400002	0.000000
1585.439941	-210.000000	0.000000
1585.449951	-210.000000	0.000000
1585.459961	-210.000000	0.000000
1585.469971	-210.000000	0.000000
1585.479980	-84.660004	0.000000
1585.489990	-92.440002	0.000000
1585.500000	-86.989998	0.000000
1585.510010	-90.669998	0.000000
1585.520020	-85.440002	0.000000
1585.530029	-210.000000	0.000000
1585.540039	-80.389999	0.000000
1585.550049	-210.000000	0.000000
1585.560059	-84.650002	0.000000
1585.569946	-85.900002	0.000000
1585.579956	-210.000000	0.000000
1585.589966	-82.430000	0.000000
1585.599976	-210.000000	0.000000
1585.609985	-85.440002	0.000000
1585.619995	-210.000000	0.000000
1585.630005	-210.000000	0.000000
1585.640015	-85.900002	0.000000
1585.650024	-210.000000	0.000000
1585.660034	-83.400002	0.000000
1585.670044	-80.669998	0.000000
1585.680054	-210.000000	0.000000
1585.689941	-210.000000	0.000000
1585.699951	-80.250000	0.000000
1585.709961	-210.000000	0.000000
1585.719971	-210.000000	0.000000
1585.729980	-81.129997	0.000000
1585.739990	-210.000000	0.000000
1585.750000	-210.000000	0.000000
1585.760010	-95.440002	0.000000
1585.770020	-210.000000	0.000000
1585.780029	-85.440002	0.000000
1585.790039	-210.000000	0.000000
1585.800049	-85.440002	0.000000
1585.810059	-88.449997	0.000000
1585.819946	-210.000000	0.000000
1585.829956	-83.400002	0.000000
1585.839966	-210.000000	0.000000
1585.849976	-210.000000	0.000000
1585.859985	-87.660004	0.000000
1585.869995	-210.000000	0.000000
1585.880005	-210.000000	0.000000
1585.890015	-84.650002	0.000000
1585.900024	-210.000000	0.000000
1585.910034	-210.000000	0.000000
1585.920044	-210.000000	0.000000
1585.930054	-87.660004	0.000000
1585.939941	-210.000000	0.000000
1585.949951	-210.000000	0.000000
1585.959961	-210.000000	0.000000
1585.969971	-210.000000	0.000000
1585.979980	-210.000000	0.000000
1585.989990	-210.000000	0.000000
1586.000000	-80.669998	0.000000
1586.010010	-210.000000	0.000000
1586.020020	-210.000000	0.000000
1586.030029	-87.660004	0.000000
1586.040039	-210.000000	0.000000
1586.050049	-86.410004	0.000000
1586.060059	-90.669998	0.000000
1586.069946	-210.000000	0.000000
1586.079956	-210.000000	0.000000
1586.089966	-210.000000	0.000000
1586.099976	-83.980003	0.000000
1586.109985	-84.300003	0.000000
1586.119995	-210.000000	0.000000
1586.130005	-210.000000	0.000000
1586.140015	-87.660004	0.000000
1586.150024	-81.129997	0.000000
1586.160034	-86.989998	0.000000
1586.170044	-210.000000	0.000000
1586.180054	-210.000000	0.000000
1586.189941	-210.000000	0.000000
1586.199951	-210.000000	0.000000
1586.209961	-210.000000	0.000000
1586.219971	-210.000000	0.000000
1586.229980	-81.459999	0.000000
1586.239990	-87.660004	0.000000
1586.250000	-210.000000	0.000000
1586.260010	-210.000000	0.000000
1586.270020	-87.660004	0.000000
1586.280029	-89.419998	0.000000
1586.290039	-210.000000	0.000000
1586.300049	-210.000000	0.000000
1586.310059	-210.000000	0.000000
1586.319946	-85.440002	0.000000
1586.329956	-210.000000	0.000000
1586.339966	-95.440002	0.000000
1586.349976	-210.000000	0.000000
1586.359985	-210.000000	0.000000
1586.369995	-210.000000	0.000000
1586.380005	-210.000000	0.000000
1586.390015	-210.000000	0.000000
1586.400024	-210.000000	0.000000
1586.410034	-210.000000	0.000000
1586.420044	-210.000000	0.000000
1586.430054	-210.000000	0.000000
1586.439941	-83.980003	0.000000
1586.449951	-210.000000	0.000000
1586.459961	-88.449997	0.000000
1586.469971	-92.430000	0.000000
1586.479980	-82.220001	0.000000
1586.489990	-210.000000	0.000000
1586.500000	-210.000000	0.000000
1586.510010	-210.000000	0.000000
1586.520020	-210.000000	0.000000
1586.530029	-210.000000	0.000000
1586.540039	-81.290001	0.000000
1586.550049	-95.440002	0.000000
1586.560059	-83.129997	0.000000
1586.569946	-85.440002	0.000000
1586.579956	-210.000000	0.000000
1586.589966	-210.000000	0.000000
1586.599976	-210.000000	0.000000
1586.609985	-95.440002	0.000000
1586.619995	-210.000000	0.000000
1586.630005	-83.980003	0.000000
1586.640015	-82.220001	0.000000
1586.650024	-92.430000	0.000000
1586.660034	-88.449997	0.000000
1586.670044	-82.889999	0.000000
1586.680054	-210.000000	0.000000
1586.689941	-88.449997	0.000000
1586.699951	-86.410004	0.000000
1586.709961	-210.000000	0.000000
1586.719971	-210.000000	0.000000
1586.729980	-83.980003	0.000000
1586.739990	-210.000000	0.000000
1586.750000	-210.000000	0.000000
1586.760010	-210.000000	0.000000
1586.770020	-210.000000	0.000000
1586.780029	-80.000000	0.000000
1586.790039	-210.000000	0.000000
1586.800049	-210.000000	0.000000
1586.810059	-92.430000	0.000000
1586.819946	-210.000000	0.000000
1586.829956	-79.529999	0.000000
1586.839966	-210.000000	0.000000
1586.849976	-210.000000	0.000000
1586.859985	-86.410004	0.000000
1586.869995	-210.000000	0.000000
1586.880005	-210.000000	0.000000
1586.890015	-79.760002	0.000000
1586.900024	-210.000000	0.000000
1586.910034	-210.000000	0.000000
1586.920044	-210.000000	0.000000
1586.930054	-210.000000	0.000000
1586.939941	-210.000000	0.000000
1586.949951	-85.900002	0.000000
1586.959961	-84.650002	0.000000
1586.969971	-210.000000	0.000000
1586.979980	-210.000000	0.000000
1586.989990	-95.440002	0.000000
1587.000000	-210.000000	0.000000
