Wavelength (nm)	Transmission (dBm)	Linear Transmission
1577.000000	-90.669998	0.000000
1577.010010	-210.000000	0.000000
1577.020020	-83.980003	0.000000
1577.030029	-92.430000	0.000000
1577.040039	-85.029999	0.000000
1577.050049	-210.000000	0.000000
1577.060059	-210.000000	0.000000
1577.069946	-210.000000	0.000000
1577.079956	-210.000000	0.000000
1577.089966	-210.000000	0.000000
1577.099976	-82.220001	0.000000
1577.109985	-88.449997	0.000000
1577.119995	-83.129997	0.000000
1577.130005	-210.000000	0.000000
1577.140015	-210.000000	0.000000
1577.150024	-210.000000	0.000000
1577.160034	-210.000000	0.000000
1577.170044	-95.440002	0.000000
1577.180054	-92.430000	0.000000
1577.189941	-210.000000	0.000000
1577.199951	-210.000000	0.000000
1577.209961	-210.000000	0.000000
1577.219971	-86.989998	0.000000
1577.229980	-210.000000	0.000000
1577.239990	-210.000000	0.000000
1577.250000	-85.900002	0.000000
1577.260010	-210.000000	0.000000
1577.270020	-79.529999	0.000000
1577.280029	-90.669998	0.000000
1577.290039	-83.129997	0.000000
1577.300049	-210.000000	0.000000
1577.310059	-210.000000	0.000000
1577.319946	-210.000000	0.000000
1577.329956	-82.430000	0.000000
1577.339966	-82.650002	0.000000
1577.349976	-87.660004	0.000000
1577.359985	-83.400002	0.000000
1577.369995	-210.000000	0.000000
1577.380005	-210.000000	0.000000
1577.390015	-83.980003	0.000000
1577.400024	-85.029999	0.000000
1577.410034	-82.220001	0.000000
1577.420044	-210.000000	0.000000
1577.430054	-210.000000	0.000000
1577.439941	-210.000000	0.000000
1577.449951	-210.000000	0.000000
1577.459961	-210.000000	0.000000
1577.469971	-210.000000	0.000000
1577.479980	-210.000000	0.000000
1577.489990	-210.000000	0.000000
1577.500000	-210.000000	0.000000
1577.510010	-210.000000	0.000000
1577.520020	-210.000000	0.000000
1577.530029	-210.000000	0.000000
1577.540039	-210.000000	0.000000
1577.550049	-86.410004	0.000000
1577.560059	-210.000000	0.000000
1577.569946	-85.029999	0.000000
1577.579956	-83.980003	0.000000
1577.589966	-210.000000	0.000000
1577.599976	-89.419998	0.000000
1577.609985	-210.000000	0.000000
1577.619995	-89.419998	0.000000
1577.630005	-77.879997	0.000000
1577.640015	-210.000000	0.000000
1577.650024	-82.220001	0.000000
1577.660034	-85.440002	0.000000
1577.670044	-81.129997	0.000000
1577.680054	-210.000000	0.000000
1577.689941	-210.000000	0.000000
1577.699951	-210.000000	0.000000
1577.709961	-210.000000	0.000000
1577.719971	-210.000000	0.000000
1577.729980	-210.000000	0.000000
1577.739990	-210.000000	0.000000
1577.750000	-210.000000	0.000000
1577.760010	-80.529999	0.000000
1577.770020	-81.820000	0.000000
1577.780029	-210.000000	0.000000
1577.790039	-87.660004	0.000000
1577.800049	-210.000000	0.000000
1577.810059	-210.000000	0.000000
1577.819946	-210.000000	0.000000
1577.829956	-210.000000	0.000000
1577.839966	-86.410004	0.000000
1577.849976	-210.000000	0.000000
1577.859985	-210.000000	0.000000
1577.869995	-210.000000	0.000000
1577.880005	-210.000000	0.000000
1577.890015	-81.459999	0.000000
1577.900024	-210.000000	0.000000
1577.910034	-210.000000	0.000000
1577.920044	-210.000000	0.000000
1577.930054	-210.000000	0.000000
1577.939941	-210.000000	0.000000
1577.949951	-210.000000	0.000000
1577.959961	-90.669998	0.000000
1577.969971	-210.000000	0.000000
1577.979980	-210.000000	0.000000
1577.989990	-80.970001	0.000000
1578.000000	-78.639999	0.000000
1578.010010	-92.440002	0.000000
1578.020020	-210.000000	0.000000
1578.030029	-210.000000	0.000000
1578.040039	-210.000000	0.000000
1578.050049	-78.730003	0.000000
1578.060059	-210.000000	0.000000
1578.069946	-210.000000	0.000000
1578.079956	-82.029999	0.000000
1578.089966	-210.000000	0.000000
1578.099976	-210.000000	0.000000
1578.109985	-83.139999	0.000000
1578.119995	-85.449997	0.000000
1578.130005	-87.669998	0.000000
1578.140015	-83.410004	0.000000
1578.150024	-210.000000	0.000000
1578.160034	-92.440002	0.000000
1578.170044	-80.830002	0.000000
1578.180054	-210.000000	0.000000
1578.189941	-210.000000	0.000000
1578.199951	-210.000000	0.000000
1578.209961	-210.000000	0.000000
1578.219971	-210.000000	0.000000
1578.229980	-210.000000	0.000000
1578.239990	-85.910004	0.000000
1578.250000	-210.000000	0.000000
1578.260010	-83.410004	0.000000
1578.270020	-210.000000	0.000000
1578.280029	-84.660004	0.000000
1578.290039	-82.440002	0.000000
1578.300049	-81.300003	0.000000
1578.310059	-210.000000	0.000000
1578.319946	-210.000000	0.000000
1578.329956	-83.410004	0.000000
1578.339966	-85.449997	0.000000
1578.349976	-210.000000	0.000000
1578.359985	-85.449997	0.000000
1578.369995	-88.459999	0.000000
1578.380005	-210.000000	0.000000
1578.390015	-210.000000	0.000000
1578.400024	-83.690002	0.000000
1578.410034	-210.000000	0.000000
1578.420044	-77.669998	0.000000
1578.430054	-88.459999	0.000000
1578.439941	-210.000000	0.000000
1578.449951	-85.040001	0.000000
1578.459961	-210.000000	0.000000
1578.469971	-79.769997	0.000000
1578.479980	-95.449997	0.000000
1578.489990	-210.000000	0.000000
1578.500000	-83.410004	0.000000
1578.510010	-210.000000	0.000000
1578.520020	-92.440002	0.000000
1578.530029	-81.650002	0.000000
1578.540039	-80.260002	0.000000
1578.550049	-210.000000	0.000000
1578.560059	-95.449997	0.000000
1578.569946	-210.000000	0.000000
1578.579956	-210.000000	0.000000
1578.589966	-210.000000	0.000000
1578.599976	-80.980003	0.000000
1578.609985	-83.139999	0.000000
1578.619995	-90.680000	0.000000
1578.630005	-210.000000	0.000000
1578.640015	-210.000000	0.000000
1578.650024	-210.000000	0.000000
1578.660034	-81.300003	0.000000
1578.670044	-87.669998	0.000000
1578.680054	-210.000000	0.000000
1578.689941	-83.410004	0.000000
1578.699951	-80.260002	0.000000
1578.709961	-210.000000	0.000000
1578.719971	-87.669998	0.000000
1578.729980	-86.419998	0.000000
1578.739990	-210.000000	0.000000
1578.750000	-80.260002	0.000000
1578.760010	-80.400002	0.000000
1578.770020	-210.000000	0.000000
1578.780029	-79.220001	0.000000
1578.790039	-210.000000	0.000000
1578.800049	-210.000000	0.000000
1578.810059	-84.660004	0.000000
1578.819946	-84.309998	0.000000
1578.829956	-80.400002	0.000000
1578.839966	-81.300003	0.000000
1578.849976	-78.209999	0.000000
1578.859985	-82.440002	0.000000
1578.869995	-210.000000	0.000000
1578.880005	-210.000000	0.000000
1578.890015	-83.410004	0.000000
1578.900024	-89.430000	0.000000
1578.910034	-80.680000	0.000000
1578.920044	-210.000000	0.000000
1578.930054	-79.540001	0.000000
1578.939941	-210.000000	0.000000
1578.949951	-79.769997	0.000000
1578.959961	-81.830002	0.000000
1578.969971	-78.820000	0.000000
1578.979980	-79.889999	0.000000
1578.989990	-80.830002	0.000000
1579.000000	-77.459999	0.000000
1579.010010	-77.889999	0.000000
1579.020020	-77.669998	0.000000
1579.030029	-80.680000	0.000000
1579.040039	-77.889999	0.000000
1579.050049	-78.730003	0.000000
1579.060059	-78.050003	0.000000
1579.069946	-77.059998	0.000000
1579.079956	-82.900002	0.000000
1579.089966	-79.430000	0.000000
1579.099976	-76.699997	0.000000
1579.109985	-77.389999	0.000000
1579.119995	-78.370003	0.000000
1579.130005	-76.580002	0.000000
1579.140015	-76.309998	0.000000
1579.150024	-75.629997	0.000000
1579.160034	-77.190002	0.000000
1579.170044	-77.820000	0.000000
1579.180054	-77.459999	0.000000
1579.189941	-77.190002	0.000000
1579.199951	-77.599998	0.000000
1579.209961	-75.809998	0.000000
1579.219971	-75.629997	0.000000
1579.229980	-77.669998	0.000000
1579.239990	-75.629997	0.000000
1579.250000	-74.800003	0.000000
1579.260010	-74.209999	0.000000
1579.270020	-75.320000	0.000000
1579.280029	-75.000000	0.000000
1579.290039	-76.360001	0.000000
1579.300049	-73.599998	0.000000
1579.310059	-74.839996	0.000000
1579.319946	-74.050003	0.000000
1579.329956	-74.519997	0.000000
1579.339966	-73.750000	0.000000
1579.349976	-73.750000	0.000000
1579.359985	-73.459999	0.000000
1579.369995	-73.220001	0.000000
1579.380005	-71.949997	0.000000
1579.390015	-73.250000	0.000000
1579.400024	-72.970001	0.000000
1579.410034	-73.070000	0.000000
1579.420044	-72.480003	0.000000
1579.430054	-72.330002	0.000000
1579.439941	-71.720001	0.000000
1579.449951	-73.220001	0.000000
1579.459961	-72.169998	0.000000
1579.469971	-71.849998	0.000000
1579.479980	-71.489998	0.000000
1579.489990	-71.589996	0.000000
1579.500000	-71.610001	0.000000
1579.510010	-70.860001	0.000000
1579.520020	-71.330002	0.000000
1579.530029	-70.750000	0.000000
1579.540039	-70.379997	0.000000
1579.550049	-70.400002	0.000000
1579.560059	-70.290001	0.000000
1579.569946	-70.370003	0.000000
1579.579956	-69.870003	0.000000
1579.589966	-69.800003	0.000000
1579.599976	-69.669998	0.000000
1579.609985	-69.610001	0.000000
1579.619995	-70.070000	0.000000
1579.630005	-69.459999	0.000000
1579.640015	-69.760002	0.000000
1579.650024	-69.629997	0.000000
1579.660034	-69.050003	0.000000
1579.670044	-69.360001	0.000000
1579.680054	-69.260002	0.000000
1579.689941	-68.949997	0.000000
1579.699951	-68.889999	0.000000
1579.709961	-68.489998	0.000000
1579.719971	-68.330002	0.000000
1579.729980	-68.160004	0.000000
1579.739990	-67.959999	0.000000
1579.750000	-67.839996	0.000000
1579.760010	-67.629997	0.000000
1579.770020	-67.440002	0.000000
1579.780029	-67.639999	0.000000
1579.790039	-67.459999	0.000000
1579.800049	-67.430000	0.000000
1579.810059	-67.860001	0.000000
1579.819946	-67.550003	0.000000
1579.829956	-67.470001	0.000000
1579.839966	-67.220001	0.000000
1579.849976	-67.089996	0.000000
1579.859985	-66.989998	0.000000
1579.869995	-66.910004	0.000000
1579.880005	-66.790001	0.000000
1579.890015	-66.459999	0.000000
1579.900024	-66.269997	0.000000
1579.910034	-65.919998	0.000000
1579.920044	-65.769997	0.000000
1579.930054	-65.690002	0.000000
1579.939941	-65.750000	0.000000
1579.949951	-65.540001	0.000000
1579.959961	-65.260002	0.000000
1579.969971	-65.389999	0.000000
1579.979980	-65.220001	0.000000
1579.989990	-65.120003	0.000000
1580.000000	-65.260002	0.000000
1580.010010	-65.010002	0.000000
1580.020020	-65.150002	0.000000
1580.030029	-64.949997	0.000000
1580.040039	-65.000000	0.000000
1580.050049	-64.660004	0.000000
1580.060059	-64.680000	0.000000
1580.069946	-64.389999	0.000000
1580.079956	-64.220001	0.000000
1580.089966	-63.840000	0.000000
1580.099976	-63.790001	0.000000
1580.109985	-63.779999	0.000000
1580.119995	-63.570000	0.000000
1580.130005	-63.360001	0.000000
1580.140015	-63.250000	0.000000
1580.150024	-63.139999	0.000000
1580.160034	-63.029999	0.000000
1580.170044	-63.110001	0.000000
1580.180054	-63.029999	0.000000
1580.189941	-62.919998	0.000001
1580.199951	-62.849998	0.000001
1580.209961	-62.770000	0.000001
1580.219971	-62.680000	0.000001
1580.229980	-62.509998	0.000001
1580.239990	-62.310001	0.000001
1580.250000	-62.020000	0.000001
1580.260010	-61.790001	0.000001
1580.270020	-61.580002	0.000001
1580.280029	-61.430000	0.000001
1580.290039	-61.279999	0.000001
1580.300049	-61.090000	0.000001
1580.310059	-61.049999	0.000001
1580.319946	-60.990002	0.000001
1580.329956	-60.919998	0.000001
1580.339966	-60.889999	0.000001
1580.349976	-60.799999	0.000001
1580.359985	-60.820000	0.000001
1580.369995	-60.650002	0.000001
1580.380005	-60.580002	0.000001
1580.390015	-60.500000	0.000001
1580.400024	-60.389999	0.000001
1580.410034	-60.150002	0.000001
1580.420044	-60.000000	0.000001
1580.430054	-59.740002	0.000001
1580.439941	-59.529999	0.000001
1580.449951	-59.240002	0.000001
1580.459961	-59.029999	0.000001
1580.469971	-58.720001	0.000001
1580.479980	-58.529999	0.000001
1580.489990	-58.330002	0.000001
1580.500000	-58.139999	0.000002
1580.510010	-58.000000	0.000002
1580.520020	-57.849998	0.000002
1580.530029	-57.680000	0.000002
1580.540039	-57.570000	0.000002
1580.550049	-57.360001	0.000002
1580.560059	-57.110001	0.000002
1580.569946	-56.840000	0.000002
1580.579956	-56.369999	0.000002
1580.589966	-55.869999	0.000003
1580.599976	-55.360001	0.000003
1580.609985	-54.930000	0.000003
1580.619995	-54.560001	0.000003
1580.630005	-54.320000	0.000004
1580.640015	-54.160000	0.000004
1580.650024	-54.009998	0.000004
1580.660034	-53.869999	0.000004
1580.670044	-53.730000	0.000004
1580.680054	-53.630001	0.000004
1580.689941	-53.549999	0.000004
1580.699951	-53.389999	0.000005
1580.709961	-53.250000	0.000005
1580.719971	-53.049999	0.000005
1580.729980	-52.849998	0.000005
1580.739990	-52.660000	0.000005
1580.750000	-52.430000	0.000006
1580.760010	-52.160000	0.000006
1580.770020	-51.880001	0.000006
1580.780029	-51.680000	0.000007
1580.790039	-51.520000	0.000007
1580.800049	-51.410000	0.000007
1580.810059	-51.349998	0.000007
1580.819946	-51.299999	0.000007
1580.829956	-51.160000	0.000008
1580.839966	-51.110001	0.000008
1580.849976	-51.080002	0.000008
1580.859985	-51.020000	0.000008
1580.869995	-50.910000	0.000008
1580.880005	-50.790001	0.000008
1580.890015	-50.630001	0.000009
1580.900024	-50.509998	0.000009
1580.910034	-50.400002	0.000009
1580.920044	-50.270000	0.000009
1580.930054	-50.169998	0.000010
1580.939941	-50.080002	0.000010
1580.949951	-50.029999	0.000010
1580.959961	-50.020000	0.000010
1580.969971	-50.029999	0.000010
1580.979980	-50.040001	0.000010
1580.989990	-50.060001	0.000010
1581.000000	-50.110001	0.000010
1581.010010	-50.169998	0.000010
1581.020020	-50.240002	0.000009
1581.030029	-50.259998	0.000009
1581.040039	-50.220001	0.000010
1581.050049	-50.139999	0.000010
1581.060059	-50.020000	0.000010
1581.069946	-49.930000	0.000010
1581.079956	-49.849998	0.000010
1581.089966	-49.820000	0.000010
1581.099976	-49.799999	0.000010
1581.109985	-49.770000	0.000011
1581.119995	-49.790001	0.000010
1581.130005	-49.840000	0.000010
1581.140015	-49.930000	0.000010
1581.150024	-50.029999	0.000010
1581.160034	-50.119999	0.000010
1581.170044	-50.160000	0.000010
1581.180054	-50.160000	0.000010
1581.189941	-50.139999	0.000010
1581.199951	-50.090000	0.000010
1581.209961	-50.000000	0.000010
1581.219971	-49.939999	0.000010
1581.229980	-49.860001	0.000010
1581.239990	-49.820000	0.000010
1581.250000	-49.830002	0.000010
1581.260010	-49.860001	0.000010
1581.270020	-49.910000	0.000010
1581.280029	-49.959999	0.000010
1581.290039	-50.009998	0.000010
1581.300049	-50.070000	0.000010
1581.310059	-50.150002	0.000010
1581.319946	-50.220001	0.000010
1581.329956	-50.250000	0.000009
1581.339966	-50.220001	0.000010
1581.349976	-50.130001	0.000010
1581.359985	-50.040001	0.000010
1581.369995	-49.980000	0.000010
1581.380005	-49.930000	0.000010
1581.390015	-49.900002	0.000010
1581.400024	-49.860001	0.000010
1581.410034	-49.840000	0.000010
1581.420044	-49.840000	0.000010
1581.430054	-49.869999	0.000010
1581.439941	-49.930000	0.000010
1581.449951	-49.990002	0.000010
1581.459961	-50.029999	0.000010
1581.469971	-50.029999	0.000010
1581.479980	-50.000000	0.000010
1581.489990	-49.950001	0.000010
1581.500000	-49.849998	0.000010
1581.510010	-49.750000	0.000011
1581.520020	-49.570000	0.000011
1581.530029	-49.439999	0.000011
1581.540039	-49.340000	0.000012
1581.550049	-49.290001	0.000012
1581.560059	-49.259998	0.000012
1581.569946	-49.220001	0.000012
1581.579956	-49.189999	0.000012
1581.589966	-49.169998	0.000012
1581.599976	-49.160000	0.000012
1581.609985	-49.169998	0.000012
1581.619995	-49.150002	0.000012
1581.630005	-49.049999	0.000012
1581.640015	-48.840000	0.000013
1581.650024	-48.599998	0.000014
1581.660034	-48.380001	0.000015
1581.670044	-48.200001	0.000015
1581.680054	-48.070000	0.000016
1581.689941	-47.970001	0.000016
1581.699951	-47.849998	0.000016
1581.709961	-47.750000	0.000017
1581.719971	-47.700001	0.000017
1581.729980	-47.669998	0.000017
1581.739990	-47.650002	0.000017
1581.750000	-47.599998	0.000017
1581.760010	-47.500000	0.000018
1581.770020	-47.369999	0.000018
1581.780029	-47.230000	0.000019
1581.790039	-47.110001	0.000019
1581.800049	-46.950001	0.000020
1581.810059	-46.750000	0.000021
1581.819946	-46.540001	0.000022
1581.829956	-46.389999	0.000023
1581.839966	-46.279999	0.000024
1581.849976	-46.230000	0.000024
1581.859985	-46.200001	0.000024
1581.869995	-46.160000	0.000024
1581.880005	-46.130001	0.000024
1581.890015	-46.099998	0.000025
1581.900024	-46.099998	0.000025
1581.910034	-46.099998	0.000025
1581.920044	-46.080002	0.000025
1581.930054	-45.980000	0.000025
1581.939941	-45.849998	0.000026
1581.949951	-45.700001	0.000027
1581.959961	-45.570000	0.000028
1581.969971	-45.459999	0.000028
1581.979980	-45.380001	0.000029
1581.989990	-45.330002	0.000029
1582.000000	-45.240002	0.000030
1582.010010	-45.189999	0.000030
1582.020020	-45.180000	0.000030
1582.030029	-45.220001	0.000030
1582.040039	-45.259998	0.000030
1582.050049	-45.320000	0.000029
1582.060059	-45.349998	0.000029
1582.069946	-45.349998	0.000029
1582.079956	-45.330002	0.000029
1582.089966	-45.290001	0.000030
1582.099976	-45.220001	0.000030
1582.109985	-45.099998	0.000031
1582.119995	-44.980000	0.000032
1582.130005	-44.880001	0.000033
1582.140015	-44.840000	0.000033
1582.150024	-44.830002	0.000033
1582.160034	-44.840000	0.000033
1582.170044	-44.880001	0.000033
1582.180054	-44.910000	0.000032
1582.189941	-44.980000	0.000032
1582.199951	-45.070000	0.000031
1582.209961	-45.169998	0.000030
1582.219971	-45.220001	0.000030
1582.229980	-45.200001	0.000030
1582.239990	-45.110001	0.000031
1582.250000	-45.009998	0.000032
1582.260010	-44.930000	0.000032
1582.270020	-44.880001	0.000033
1582.280029	-44.830002	0.000033
1582.290039	-44.779999	0.000033
1582.300049	-44.750000	0.000033
1582.310059	-44.750000	0.000033
1582.319946	-44.799999	0.000033
1582.329956	-44.889999	0.000032
1582.339966	-44.980000	0.000032
1582.349976	-45.090000	0.000031
1582.359985	-45.130001	0.000031
1582.369995	-45.160000	0.000030
1582.380005	-45.189999	0.000030
1582.390015	-45.180000	0.000030
1582.400024	-45.110001	0.000031
1582.410034	-44.970001	0.000032
1582.420044	-44.840000	0.000033
1582.430054	-44.750000	0.000033
1582.439941	-44.709999	0.000034
1582.449951	-44.709999	0.000034
1582.459961	-44.720001	0.000034
1582.469971	-44.740002	0.000034
1582.479980	-44.770000	0.000033
1582.489990	-44.830002	0.000033
1582.500000	-44.939999	0.000032
1582.510010	-45.060001	0.000031
1582.520020	-45.139999	0.000031
1582.530029	-45.180000	0.000030
1582.540039	-45.130001	0.000031
1582.550049	-45.040001	0.000031
1582.560059	-44.990002	0.000032
1582.569946	-44.910000	0.000032
1582.579956	-44.830002	0.000033
1582.589966	-44.750000	0.000033
1582.599976	-44.720001	0.000034
1582.609985	-44.730000	0.000034
1582.619995	-44.799999	0.000033
1582.630005	-44.900002	0.000032
1582.640015	-45.029999	0.000031
1582.650024	-45.130001	0.000031
1582.660034	-45.209999	0.000030
1582.670044	-45.310001	0.000029
1582.680054	-45.389999	0.000029
1582.689941	-45.410000	0.000029
1582.699951	-45.349998	0.000029
1582.709961	-45.259998	0.000030
1582.719971	-45.169998	0.000030
1582.729980	-45.119999	0.000031
1582.739990	-45.130001	0.000031
1582.750000	-45.150002	0.000031
1582.760010	-45.200001	0.000030
1582.770020	-45.270000	0.000030
1582.780029	-45.340000	0.000029
1582.790039	-45.480000	0.000028
1582.800049	-45.650002	0.000027
1582.810059	-45.840000	0.000026
1582.819946	-46.020000	0.000025
1582.829956	-46.110001	0.000024
1582.839966	-46.119999	0.000024
1582.849976	-46.110001	0.000024
1582.859985	-46.099998	0.000025
1582.869995	-46.070000	0.000025
1582.880005	-46.040001	0.000025
1582.890015	-46.029999	0.000025
1582.900024	-46.040001	0.000025
1582.910034	-46.090000	0.000025
1582.920044	-46.189999	0.000024
1582.930054	-46.310001	0.000023
1582.939941	-46.480000	0.000022
1582.949951	-46.630001	0.000022
1582.959961	-46.820000	0.000021
1582.969971	-47.029999	0.000020
1582.979980	-47.230000	0.000019
1582.989990	-47.360001	0.000018
1583.000000	-47.380001	0.000018
1583.010010	-47.349998	0.000018
1583.020020	-47.320000	0.000019
1583.030029	-47.310001	0.000019
1583.040039	-47.349998	0.000018
1583.050049	-47.389999	0.000018
1583.060059	-47.490002	0.000018
1583.069946	-47.580002	0.000017
1583.079956	-47.720001	0.000017
1583.089966	-47.919998	0.000016
1583.099976	-48.189999	0.000015
1583.109985	-48.459999	0.000014
1583.119995	-48.709999	0.000013
1583.130005	-48.799999	0.000013
1583.140015	-48.810001	0.000013
1583.150024	-48.799999	0.000013
1583.160034	-48.790001	0.000013
1583.170044	-48.779999	0.000013
1583.180054	-48.790001	0.000013
1583.189941	-48.810001	0.000013
1583.199951	-48.840000	0.000013
1583.209961	-48.910000	0.000013
1583.219971	-49.020000	0.000013
1583.229980	-49.139999	0.000012
1583.239990	-49.320000	0.000012
1583.250000	-49.509998	0.000011
1583.260010	-49.689999	0.000011
1583.270020	-49.849998	0.000010
1583.280029	-49.970001	0.000010
1583.290039	-49.980000	0.000010
1583.300049	-49.900002	0.000010
1583.310059	-49.810001	0.000010
1583.319946	-49.759998	0.000011
1583.329956	-49.730000	0.000011
1583.339966	-49.750000	0.000011
1583.349976	-49.790001	0.000010
1583.359985	-49.860001	0.000010
1583.369995	-49.939999	0.000010
1583.380005	-50.049999	0.000010
1583.390015	-50.220001	0.000010
1583.400024	-50.430000	0.000009
1583.410034	-50.660000	0.000009
1583.420044	-50.759998	0.000008
1583.430054	-50.790001	0.000008
1583.439941	-50.730000	0.000008
1583.449951	-50.650002	0.000009
1583.459961	-50.560001	0.000009
1583.469971	-50.480000	0.000009
1583.479980	-50.450001	0.000009
1583.489990	-50.450001	0.000009
1583.500000	-50.459999	0.000009
1583.510010	-50.520000	0.000009
1583.520020	-50.610001	0.000009
1583.530029	-50.730000	0.000008
1583.540039	-50.930000	0.000008
1583.550049	-51.080002	0.000008
1583.560059	-51.209999	0.000008
1583.569946	-51.270000	0.000007
1583.579956	-51.250000	0.000007
1583.589966	-51.150002	0.000008
1583.599976	-50.980000	0.000008
1583.609985	-50.869999	0.000008
1583.619995	-50.790001	0.000008
1583.630005	-50.759998	0.000008
1583.640015	-50.779999	0.000008
1583.650024	-50.820000	0.000008
1583.660034	-50.930000	0.000008
1583.670044	-51.009998	0.000008
1583.680054	-51.150002	0.000008
1583.689941	-51.320000	0.000007
1583.699951	-51.480000	0.000007
1583.709961	-51.570000	0.000007
1583.719971	-51.610001	0.000007
1583.729980	-51.549999	0.000007
1583.739990	-51.410000	0.000007
1583.750000	-51.279999	0.000007
1583.760010	-51.189999	0.000008
1583.770020	-51.110001	0.000008
1583.780029	-51.070000	0.000008
1583.790039	-51.060001	0.000008
1583.800049	-51.060001	0.000008
1583.810059	-51.110001	0.000008
1583.819946	-51.189999	0.000008
1583.829956	-51.320000	0.000007
1583.839966	-51.439999	0.000007
1583.849976	-51.650002	0.000007
1583.859985	-51.790001	0.000007
1583.869995	-51.950001	0.000006
1583.880005	-52.060001	0.000006
1583.890015	-52.110001	0.000006
1583.900024	-52.130001	0.000006
1583.910034	-52.139999	0.000006
1583.920044	-52.150002	0.000006
1583.930054	-52.200001	0.000006
1583.939941	-52.279999	0.000006
1583.949951	-52.380001	0.000006
1583.959961	-52.480000	0.000006
1583.969971	-52.619999	0.000005
1583.979980	-52.860001	0.000005
1583.989990	-53.099998	0.000005
1584.000000	-53.360001	0.000005
1584.010010	-53.630001	0.000004
1584.020020	-53.900002	0.000004
1584.030029	-54.130001	0.000004
1584.040039	-54.259998	0.000004
1584.050049	-54.299999	0.000004
1584.060059	-54.310001	0.000004
1584.069946	-54.349998	0.000004
1584.079956	-54.450001	0.000004
1584.089966	-54.549999	0.000004
1584.099976	-54.709999	0.000003
1584.109985	-54.889999	0.000003
1584.119995	-55.169998	0.000003
1584.130005	-55.570000	0.000003
1584.140015	-56.119999	0.000002
1584.150024	-56.779999	0.000002
1584.160034	-57.540001	0.000002
1584.170044	-58.049999	0.000002
1584.180054	-58.349998	0.000001
1584.189941	-58.580002	0.000001
1584.199951	-58.759998	0.000001
1584.209961	-58.860001	0.000001
1584.219971	-58.990002	0.000001
1584.229980	-59.180000	0.000001
1584.239990	-59.330002	0.000001
1584.250000	-59.549999	0.000001
1584.260010	-59.820000	0.000001
1584.270020	-60.200001	0.000001
1584.280029	-60.509998	0.000001
1584.290039	-60.779999	0.000001
1584.300049	-61.060001	0.000001
1584.310059	-61.330002	0.000001
1584.319946	-61.590000	0.000001
1584.329956	-61.740002	0.000001
1584.339966	-61.779999	0.000001
1584.349976	-61.919998	0.000001
1584.359985	-61.889999	0.000001
1584.369995	-62.000000	0.000001
1584.380005	-62.000000	0.000001
1584.390015	-62.169998	0.000001
1584.400024	-62.310001	0.000001
1584.410034	-62.520000	0.000001
1584.420044	-62.680000	0.000001
1584.430054	-62.950001	0.000001
1584.439941	-63.389999	0.000000
1584.449951	-64.040001	0.000000
1584.459961	-64.500000	0.000000
1584.469971	-64.860001	0.000000
1584.479980	-65.209999	0.000000
1584.489990	-65.360001	0.000000
1584.500000	-65.430000	0.000000
1584.510010	-66.050003	0.000000
1584.520020	-65.919998	0.000000
1584.530029	-66.430000	0.000000
1584.540039	-66.269997	0.000000
1584.550049	-66.400002	0.000000
1584.560059	-66.680000	0.000000
1584.569946	-67.010002	0.000000
1584.579956	-67.320000	0.000000
1584.589966	-67.470001	0.000000
1584.599976	-67.820000	0.000000
1584.609985	-68.440002	0.000000
1584.619995	-68.889999	0.000000
1584.630005	-69.739998	0.000000
1584.640015	-69.239998	0.000000
1584.650024	-69.779999	0.000000
1584.660034	-69.980003	0.000000
1584.670044	-70.029999	0.000000
1584.680054	-70.110001	0.000000
1584.689941	-70.739998	0.000000
1584.699951	-70.980003	0.000000
1584.709961	-70.889999	0.000000
1584.719971	-71.099998	0.000000
1584.729980	-71.330002	0.000000
1584.739990	-71.540001	0.000000
1584.750000	-72.459999	0.000000
1584.760010	-72.680000	0.000000
1584.770020	-73.410004	0.000000
1584.780029	-73.070000	0.000000
1584.790039	-72.550003	0.000000
1584.800049	-73.839996	0.000000
1584.810059	-74.150002	0.000000
1584.819946	-73.870003	0.000000
1584.829956	-74.660004	0.000000
1584.839966	-74.180000	0.000000
1584.849976	-73.989998	0.000000
1584.859985	-74.239998	0.000000
1584.869995	-74.110001	0.000000
1584.880005	-75.809998	0.000000
1584.890015	-76.000000	0.000000
1584.900024	-75.320000	0.000000
1584.910034	-77.320000	0.000000
1584.920044	-76.360001	0.000000
1584.930054	-79.220001	0.000000
1584.939941	-77.599998	0.000000
1584.949951	-80.540001	0.000000
1584.959961	-75.489998	0.000000
1584.969971	-75.809998	0.000000
1584.979980	-78.459999	0.000000
1584.989990	-77.459999	0.000000
1585.000000	-75.669998	0.000000
1585.010010	-78.820000	0.000000
1585.020020	-79.220001	0.000000
1585.030029	-79.430000	0.000000
1585.040039	-76.879997	0.000000
1585.050049	-92.440002	0.000000
1585.060059	-81.300003	0.000000
1585.069946	-78.820000	0.000000
1585.079956	-80.980003	0.000000
1585.089966	-79.650002	0.000000
1585.099976	-82.440002	0.000000
1585.109985	-78.459999	0.000000
1585.119995	-210.000000	0.000000
1585.130005	-210.000000	0.000000
1585.140015	-79.650002	0.000000
1585.150024	-80.260002	0.000000
1585.160034	-81.650002	0.000000
1585.170044	-210.000000	0.000000
1585.180054	-81.650002	0.000000
1585.189941	-80.680000	0.000000
1585.199951	-80.010002	0.000000
1585.209961	-85.449997	0.000000
1585.219971	-210.000000	0.000000
1585.229980	-81.650002	0.000000
1585.239990	-87.669998	0.000000
1585.250000	-210.000000	0.000000
1585.260010	-210.000000	0.000000
1585.270020	-92.440002	0.000000
1585.280029	-81.300003	0.000000
1585.290039	-83.989998	0.000000
1585.300049	-87.669998	0.000000
1585.310059	-210.000000	0.000000
1585.319946	-82.230003	0.000000
1585.329956	-79.889999	0.000000
1585.339966	-210.000000	0.000000
1585.349976	-210.000000	0.000000
1585.359985	-210.000000	0.000000
1585.369995	-80.129997	0.000000
1585.380005	-82.440002	0.000000
1585.390015	-79.320000	0.000000
1585.400024	-210.000000	0.000000
1585.410034	-210.000000	0.000000
1585.420044	-86.419998	0.000000
1585.430054	-210.000000	0.000000
1585.439941	-210.000000	0.000000
1585.449951	-210.000000	0.000000
1585.459961	-210.000000	0.000000
1585.469971	-80.830002	0.000000
1585.479980	-83.989998	0.000000
1585.489990	-82.660004	0.000000
1585.500000	-210.000000	0.000000
1585.510010	-80.529999	0.000000
1585.520020	-210.000000	0.000000
1585.530029	-210.000000	0.000000
1585.540039	-210.000000	0.000000
1585.550049	-210.000000	0.000000
1585.560059	-210.000000	0.000000
1585.569946	-78.040001	0.000000
1585.579956	-86.410004	0.000000
1585.589966	-210.000000	0.000000
1585.599976	-80.669998	0.000000
1585.609985	-210.000000	0.000000
1585.619995	-210.000000	0.000000
1585.630005	-81.290001	0.000000
1585.640015	-210.000000	0.000000
1585.650024	-81.820000	0.000000
1585.660034	-81.290001	0.000000
1585.670044	-85.900002	0.000000
1585.680054	-210.000000	0.000000
1585.689941	-83.980003	0.000000
1585.699951	-79.879997	0.000000
1585.709961	-95.440002	0.000000
1585.719971	-210.000000	0.000000
1585.729980	-78.809998	0.000000
1585.739990	-210.000000	0.000000
1585.750000	-210.000000	0.000000
1585.760010	-82.889999	0.000000
1585.770020	-92.430000	0.000000
1585.780029	-210.000000	0.000000
1585.790039	-210.000000	0.000000
1585.800049	-81.820000	0.000000
1585.810059	-210.000000	0.000000
1585.819946	-210.000000	0.000000
1585.829956	-85.900002	0.000000
1585.839966	-210.000000	0.000000
1585.849976	-210.000000	0.000000
1585.859985	-83.129997	0.000000
1585.869995	-78.809998	0.000000
1585.880005	-210.000000	0.000000
1585.890015	-85.440002	0.000000
1585.900024	-210.000000	0.000000
1585.910034	-92.430000	0.000000
1585.920044	-87.660004	0.000000
1585.930054	-210.000000	0.000000
1585.939941	-210.000000	0.000000
1585.949951	-81.639999	0.000000
1585.959961	-83.400002	0.000000
1585.969971	-210.000000	0.000000
1585.979980	-82.220001	0.000000
1585.989990	-210.000000	0.000000
1586.000000	-83.129997	0.000000
1586.010010	-210.000000	0.000000
1586.020020	-210.000000	0.000000
1586.030029	-210.000000	0.000000
1586.040039	-79.000000	0.000000
1586.050049	-80.970001	0.000000
1586.060059	-210.000000	0.000000
1586.069946	-210.000000	0.000000
1586.079956	-210.000000	0.000000
1586.089966	-79.099998	0.000000
1586.099976	-210.000000	0.000000
1586.109985	-83.680000	0.000000
1586.119995	-210.000000	0.000000
1586.130005	-210.000000	0.000000
1586.140015	-210.000000	0.000000
1586.150024	-210.000000	0.000000
1586.160034	-83.680000	0.000000
1586.170044	-210.000000	0.000000
1586.180054	-210.000000	0.000000
1586.189941	-210.000000	0.000000
1586.199951	-90.669998	0.000000
1586.209961	-80.529999	0.000000
1586.219971	-210.000000	0.000000
1586.229980	-210.000000	0.000000
1586.239990	-92.430000	0.000000
1586.250000	-210.000000	0.000000
1586.260010	-210.000000	0.000000
1586.270020	-210.000000	0.000000
1586.280029	-81.639999	0.000000
1586.290039	-210.000000	0.000000
1586.300049	-210.000000	0.000000
1586.310059	-210.000000	0.000000
1586.319946	-210.000000	0.000000
1586.329956	-81.129997	0.000000
1586.339966	-210.000000	0.000000
1586.349976	-210.000000	0.000000
1586.359985	-210.000000	0.000000
1586.369995	-210.000000	0.000000
1586.380005	-210.000000	0.000000
1586.390015	-85.029999	0.000000
1586.400024	-85.440002	0.000000
1586.410034	-85.440002	0.000000
1586.420044	-210.000000	0.000000
1586.430054	-84.650002	0.000000
1586.439941	-210.000000	0.000000
1586.449951	-210.000000	0.000000
1586.459961	-85.029999	0.000000
1586.469971	-210.000000	0.000000
1586.479980	-79.000000	0.000000
1586.489990	-86.410004	0.000000
1586.500000	-210.000000	0.000000
1586.510010	-210.000000	0.000000
1586.520020	-82.889999	0.000000
1586.530029	-210.000000	0.000000
1586.540039	-82.220001	0.000000
1586.550049	-210.000000	0.000000
1586.560059	-210.000000	0.000000
1586.569946	-83.980003	0.000000
1586.579956	-78.629997	0.000000
1586.589966	-210.000000	0.000000
1586.599976	-210.000000	0.000000
1586.609985	-84.650002	0.000000
1586.619995	-210.000000	0.000000
1586.630005	-82.220001	0.000000
1586.640015	-79.309998	0.000000
1586.650024	-210.000000	0.000000
1586.660034	-210.000000	0.000000
1586.670044	-84.300003	0.000000
1586.680054	-210.000000	0.000000
1586.689941	-210.000000	0.000000
1586.699951	-85.029999	0.000000
1586.709961	-210.000000	0.000000
1586.719971	-210.000000	0.000000
1586.729980	-210.000000	0.000000
1586.739990	-210.000000	0.000000
1586.750000	-210.000000	0.000000
1586.760010	-210.000000	0.000000
1586.770020	-210.000000	0.000000
1586.780029	-84.300003	0.000000
1586.790039	-210.000000	0.000000
1586.800049	-81.129997	0.000000
1586.810059	-210.000000	0.000000
1586.819946	-210.000000	0.000000
1586.829956	-95.440002	0.000000
1586.839966	-210.000000	0.000000
1586.849976	-210.000000	0.000000
1586.859985	-210.000000	0.000000
1586.869995	-85.440002	0.000000
1586.880005	-210.000000	0.000000
1586.890015	-83.680000	0.000000
1586.900024	-210.000000	0.000000
1586.910034	-210.000000	0.000000
1586.920044	-210.000000	0.000000
1586.930054	-81.290001	0.000000
1586.939941	-210.000000	0.000000
1586.949951	-210.000000	0.000000
1586.959961	-81.820000	0.000000
1586.969971	-210.000000	0.000000
1586.979980	-88.449997	0.000000
1586.989990	-210.000000	0.000000
1587.000000	-88.449997	0.000000
