Wavelength (nm)	Transmission (dBm)	Linear Transmission
1577.000000	-210.000000	0.000000
1577.010010	-88.449997	0.000000
1577.020020	-83.400002	0.000000
1577.030029	-210.000000	0.000000
1577.040039	-82.019997	0.000000
1577.050049	-210.000000	0.000000
1577.060059	-85.029999	0.000000
1577.069946	-85.440002	0.000000
1577.079956	-210.000000	0.000000
1577.089966	-85.029999	0.000000
1577.099976	-83.980003	0.000000
1577.109985	-95.440002	0.000000
1577.119995	-210.000000	0.000000
1577.130005	-83.129997	0.000000
1577.140015	-92.430000	0.000000
1577.150024	-92.430000	0.000000
1577.160034	-210.000000	0.000000
1577.170044	-81.639999	0.000000
1577.180054	-210.000000	0.000000
1577.189941	-210.000000	0.000000
1577.199951	-210.000000	0.000000
1577.209961	-210.000000	0.000000
1577.219971	-210.000000	0.000000
1577.229980	-80.000000	0.000000
1577.239990	-79.879997	0.000000
1577.250000	-210.000000	0.000000
1577.260010	-79.309998	0.000000
1577.270020	-81.290001	0.000000
1577.280029	-210.000000	0.000000
1577.290039	-210.000000	0.000000
1577.300049	-84.650002	0.000000
1577.310059	-210.000000	0.000000
1577.319946	-87.660004	0.000000
1577.329956	-210.000000	0.000000
1577.339966	-210.000000	0.000000
1577.349976	-90.669998	0.000000
1577.359985	-210.000000	0.000000
1577.369995	-79.760002	0.000000
1577.380005	-210.000000	0.000000
1577.390015	-210.000000	0.000000
1577.400024	-210.000000	0.000000
1577.410034	-210.000000	0.000000
1577.420044	-210.000000	0.000000
1577.430054	-210.000000	0.000000
1577.439941	-210.000000	0.000000
1577.449951	-210.000000	0.000000
1577.459961	-80.389999	0.000000
1577.469971	-85.440002	0.000000
1577.479980	-81.290001	0.000000
1577.489990	-210.000000	0.000000
1577.500000	-210.000000	0.000000
1577.510010	-210.000000	0.000000
1577.520020	-210.000000	0.000000
1577.530029	-90.669998	0.000000
1577.540039	-85.029999	0.000000
1577.550049	-80.250000	0.000000
1577.560059	-210.000000	0.000000
1577.569946	-210.000000	0.000000
1577.579956	-86.410004	0.000000
1577.589966	-89.419998	0.000000
1577.599976	-82.650002	0.000000
1577.609985	-81.129997	0.000000
1577.619995	-210.000000	0.000000
1577.630005	-86.989998	0.000000
1577.640015	-210.000000	0.000000
1577.650024	-80.250000	0.000000
1577.660034	-82.019997	0.000000
1577.670044	-210.000000	0.000000
1577.680054	-210.000000	0.000000
1577.689941	-210.000000	0.000000
1577.699951	-210.000000	0.000000
1577.709961	-85.440002	0.000000
1577.719971	-78.449997	0.000000
1577.729980	-86.410004	0.000000
1577.739990	-79.639999	0.000000
1577.750000	-86.989998	0.000000
1577.760010	-210.000000	0.000000
1577.770020	-210.000000	0.000000
1577.780029	-86.410004	0.000000
1577.790039	-81.129997	0.000000
1577.800049	-210.000000	0.000000
1577.810059	-83.980003	0.000000
1577.819946	-210.000000	0.000000
1577.829956	-210.000000	0.000000
1577.839966	-210.000000	0.000000
1577.849976	-210.000000	0.000000
1577.859985	-87.660004	0.000000
1577.869995	-88.449997	0.000000
1577.880005	-83.980003	0.000000
1577.890015	-210.000000	0.000000
1577.900024	-79.639999	0.000000
1577.910034	-210.000000	0.000000
1577.920044	-89.419998	0.000000
1577.930054	-210.000000	0.000000
1577.939941	-210.000000	0.000000
1577.949951	-210.000000	0.000000
1577.959961	-210.000000	0.000000
1577.969971	-86.410004	0.000000
1577.979980	-210.000000	0.000000
1577.989990	-210.000000	0.000000
1578.000000	-84.309998	0.000000
1578.010010	-210.000000	0.000000
1578.020020	-210.000000	0.000000
1578.030029	-78.919998	0.000000
1578.040039	-210.000000	0.000000
1578.050049	-88.459999	0.000000
1578.060059	-80.400002	0.000000
1578.069946	-83.690002	0.000000
1578.079956	-82.660004	0.000000
1578.089966	-85.040001	0.000000
1578.099976	-79.889999	0.000000
1578.109985	-85.910004	0.000000
1578.119995	-84.660004	0.000000
1578.130005	-81.300003	0.000000
1578.140015	-82.900002	0.000000
1578.150024	-81.470001	0.000000
1578.160034	-210.000000	0.000000
1578.170044	-84.660004	0.000000
1578.180054	-210.000000	0.000000
1578.189941	-210.000000	0.000000
1578.199951	-86.419998	0.000000
1578.209961	-78.730003	0.000000
1578.219971	-88.459999	0.000000
1578.229980	-210.000000	0.000000
1578.239990	-89.430000	0.000000
1578.250000	-81.470001	0.000000
1578.260010	-82.230003	0.000000
1578.270020	-90.680000	0.000000
1578.280029	-210.000000	0.000000
1578.290039	-80.400002	0.000000
1578.300049	-210.000000	0.000000
1578.310059	-85.449997	0.000000
1578.319946	-210.000000	0.000000
1578.329956	-210.000000	0.000000
1578.339966	-84.660004	0.000000
1578.349976	-81.139999	0.000000
1578.359985	-210.000000	0.000000
1578.369995	-80.540001	0.000000
1578.380005	-86.419998	0.000000
1578.390015	-82.440002	0.000000
1578.400024	-83.690002	0.000000
1578.410034	-79.650002	0.000000
1578.420044	-85.040001	0.000000
1578.430054	-210.000000	0.000000
1578.439941	-80.980003	0.000000
1578.449951	-210.000000	0.000000
1578.459961	-82.900002	0.000000
1578.469971	-89.430000	0.000000
1578.479980	-81.300003	0.000000
1578.489990	-210.000000	0.000000
1578.500000	-210.000000	0.000000
1578.510010	-82.230003	0.000000
1578.520020	-80.980003	0.000000
1578.530029	-78.459999	0.000000
1578.540039	-80.540001	0.000000
1578.550049	-210.000000	0.000000
1578.560059	-80.010002	0.000000
1578.569946	-84.660004	0.000000
1578.579956	-79.650002	0.000000
1578.589966	-210.000000	0.000000
1578.599976	-77.970001	0.000000
1578.609985	-210.000000	0.000000
1578.619995	-210.000000	0.000000
1578.630005	-84.660004	0.000000
1578.640015	-83.410004	0.000000
1578.650024	-85.040001	0.000000
1578.660034	-89.430000	0.000000
1578.670044	-80.980003	0.000000
1578.680054	-76.879997	0.000000
1578.689941	-79.320000	0.000000
1578.699951	-81.139999	0.000000
1578.709961	-85.910004	0.000000
1578.719971	-80.680000	0.000000
1578.729980	-85.040001	0.000000
1578.739990	-84.309998	0.000000
1578.750000	-77.459999	0.000000
1578.760010	-78.639999	0.000000
1578.770020	-78.639999	0.000000
1578.780029	-76.309998	0.000000
1578.790039	-79.110001	0.000000
1578.800049	-80.680000	0.000000
1578.810059	-77.820000	0.000000
1578.819946	-75.720001	0.000000
1578.829956	-85.040001	0.000000
1578.839966	-78.730003	0.000000
1578.849976	-80.400002	0.000000
1578.859985	-79.320000	0.000000
1578.869995	-77.120003	0.000000
1578.880005	-76.699997	0.000000
1578.890015	-76.360001	0.000000
1578.900024	-76.699997	0.000000
1578.910034	-76.879997	0.000000
1578.920044	-76.699997	0.000000
1578.930054	-80.129997	0.000000
1578.939941	-77.000000	0.000000
1578.949951	-76.050003	0.000000
1578.959961	-76.209999	0.000000
1578.969971	-76.879997	0.000000
1578.979980	-75.720001	0.000000
1578.989990	-75.160004	0.000000
1579.000000	-78.639999	0.000000
1579.010010	-74.959999	0.000000
1579.020020	-74.589996	0.000000
1579.030029	-74.480003	0.000000
1579.040039	-73.379997	0.000000
1579.050049	-73.989998	0.000000
1579.060059	-74.620003	0.000000
1579.069946	-74.519997	0.000000
1579.079956	-72.900002	0.000000
1579.089966	-74.080002	0.000000
1579.099976	-73.269997	0.000000
1579.109985	-74.309998	0.000000
1579.119995	-75.040001	0.000000
1579.130005	-73.779999	0.000000
1579.140015	-73.410004	0.000000
1579.150024	-72.709999	0.000000
1579.160034	-72.989998	0.000000
1579.170044	-72.800003	0.000000
1579.180054	-72.440002	0.000000
1579.189941	-72.209999	0.000000
1579.199951	-72.919998	0.000000
1579.209961	-72.150002	0.000000
1579.219971	-72.529999	0.000000
1579.229980	-72.680000	0.000000
1579.239990	-71.849998	0.000000
1579.250000	-71.139999	0.000000
1579.260010	-71.419998	0.000000
1579.270020	-70.930000	0.000000
1579.280029	-70.739998	0.000000
1579.290039	-70.150002	0.000000
1579.300049	-70.400002	0.000000
1579.310059	-70.019997	0.000000
1579.319946	-69.889999	0.000000
1579.329956	-69.980003	0.000000
1579.339966	-70.239998	0.000000
1579.349976	-69.550003	0.000000
1579.359985	-69.230003	0.000000
1579.369995	-69.629997	0.000000
1579.380005	-69.519997	0.000000
1579.390015	-68.519997	0.000000
1579.400024	-68.559998	0.000000
1579.410034	-68.919998	0.000000
1579.420044	-68.389999	0.000000
1579.430054	-68.120003	0.000000
1579.439941	-68.209999	0.000000
1579.449951	-68.010002	0.000000
1579.459961	-68.040001	0.000000
1579.469971	-67.610001	0.000000
1579.479980	-67.650002	0.000000
1579.489990	-67.480003	0.000000
1579.500000	-66.980003	0.000000
1579.510010	-66.790001	0.000000
1579.520020	-66.699997	0.000000
1579.530029	-66.209999	0.000000
1579.540039	-66.089996	0.000000
1579.550049	-65.989998	0.000000
1579.560059	-65.599998	0.000000
1579.569946	-65.480003	0.000000
1579.579956	-65.559998	0.000000
1579.589966	-65.360001	0.000000
1579.599976	-65.379997	0.000000
1579.609985	-65.339996	0.000000
1579.619995	-65.199997	0.000000
1579.630005	-65.180000	0.000000
1579.640015	-65.050003	0.000000
1579.650024	-64.980003	0.000000
1579.660034	-64.870003	0.000000
1579.670044	-64.629997	0.000000
1579.680054	-64.389999	0.000000
1579.689941	-64.279999	0.000000
1579.699951	-64.199997	0.000000
1579.709961	-63.990002	0.000000
1579.719971	-63.810001	0.000000
1579.729980	-63.650002	0.000000
1579.739990	-63.500000	0.000000
1579.750000	-63.360001	0.000000
1579.760010	-63.220001	0.000000
1579.770020	-63.200001	0.000000
1579.780029	-63.049999	0.000000
1579.790039	-63.029999	0.000000
1579.800049	-62.939999	0.000001
1579.810059	-62.820000	0.000001
1579.819946	-62.799999	0.000001
1579.829956	-62.740002	0.000001
1579.839966	-62.639999	0.000001
1579.849976	-62.400002	0.000001
1579.859985	-62.250000	0.000001
1579.869995	-62.130001	0.000001
1579.880005	-61.900002	0.000001
1579.890015	-61.680000	0.000001
1579.900024	-61.500000	0.000001
1579.910034	-61.200001	0.000001
1579.920044	-61.060001	0.000001
1579.930054	-60.910000	0.000001
1579.939941	-60.779999	0.000001
1579.949951	-60.750000	0.000001
1579.959961	-60.630001	0.000001
1579.969971	-60.480000	0.000001
1579.979980	-60.430000	0.000001
1579.989990	-60.349998	0.000001
1580.000000	-60.250000	0.000001
1580.010010	-60.180000	0.000001
1580.020020	-60.060001	0.000001
1580.030029	-59.860001	0.000001
1580.040039	-59.709999	0.000001
1580.050049	-59.590000	0.000001
1580.060059	-59.400002	0.000001
1580.069946	-59.299999	0.000001
1580.079956	-59.139999	0.000001
1580.089966	-58.849998	0.000001
1580.099976	-58.689999	0.000001
1580.109985	-58.570000	0.000001
1580.119995	-58.360001	0.000001
1580.130005	-58.279999	0.000001
1580.140015	-58.189999	0.000002
1580.150024	-58.049999	0.000002
1580.160034	-57.959999	0.000002
1580.170044	-57.919998	0.000002
1580.180054	-57.860001	0.000002
1580.189941	-57.820000	0.000002
1580.199951	-57.740002	0.000002
1580.209961	-57.599998	0.000002
1580.219971	-57.509998	0.000002
1580.229980	-57.380001	0.000002
1580.239990	-57.180000	0.000002
1580.250000	-56.980000	0.000002
1580.260010	-56.779999	0.000002
1580.270020	-56.540001	0.000002
1580.280029	-56.389999	0.000002
1580.290039	-56.310001	0.000002
1580.300049	-56.189999	0.000002
1580.310059	-56.150002	0.000002
1580.319946	-56.090000	0.000002
1580.329956	-56.029999	0.000002
1580.339966	-55.959999	0.000003
1580.349976	-55.910000	0.000003
1580.359985	-55.869999	0.000003
1580.369995	-55.810001	0.000003
1580.380005	-55.730000	0.000003
1580.390015	-55.639999	0.000003
1580.400024	-55.590000	0.000003
1580.410034	-55.540001	0.000003
1580.420044	-55.470001	0.000003
1580.430054	-55.349998	0.000003
1580.439941	-55.189999	0.000003
1580.449951	-55.040001	0.000003
1580.459961	-54.919998	0.000003
1580.469971	-54.750000	0.000003
1580.479980	-54.630001	0.000003
1580.489990	-54.529999	0.000004
1580.500000	-54.410000	0.000004
1580.510010	-54.360001	0.000004
1580.520020	-54.330002	0.000004
1580.530029	-54.340000	0.000004
1580.540039	-54.330002	0.000004
1580.550049	-54.320000	0.000004
1580.560059	-54.270000	0.000004
1580.569946	-54.220001	0.000004
1580.579956	-54.150002	0.000004
1580.589966	-54.040001	0.000004
1580.599976	-53.900002	0.000004
1580.609985	-53.689999	0.000004
1580.619995	-53.509998	0.000004
1580.630005	-53.369999	0.000005
1580.640015	-53.290001	0.000005
1580.650024	-53.220001	0.000005
1580.660034	-53.180000	0.000005
1580.670044	-53.119999	0.000005
1580.680054	-53.090000	0.000005
1580.689941	-53.080002	0.000005
1580.699951	-53.099998	0.000005
1580.709961	-53.110001	0.000005
1580.719971	-53.099998	0.000005
1580.729980	-53.029999	0.000005
1580.739990	-52.910000	0.000005
1580.750000	-52.740002	0.000005
1580.760010	-52.580002	0.000006
1580.770020	-52.400002	0.000006
1580.780029	-52.279999	0.000006
1580.790039	-52.180000	0.000006
1580.800049	-52.099998	0.000006
1580.810059	-52.060001	0.000006
1580.819946	-52.049999	0.000006
1580.829956	-52.070000	0.000006
1580.839966	-52.080002	0.000006
1580.849976	-52.070000	0.000006
1580.859985	-52.040001	0.000006
1580.869995	-52.009998	0.000006
1580.880005	-51.959999	0.000006
1580.890015	-51.820000	0.000007
1580.900024	-51.689999	0.000007
1580.910034	-51.540001	0.000007
1580.920044	-51.389999	0.000007
1580.930054	-51.299999	0.000007
1580.939941	-51.200001	0.000008
1580.949951	-51.099998	0.000008
1580.959961	-51.029999	0.000008
1580.969971	-51.029999	0.000008
1580.979980	-51.029999	0.000008
1580.989990	-51.049999	0.000008
1581.000000	-51.029999	0.000008
1581.010010	-51.020000	0.000008
1581.020020	-50.990002	0.000008
1581.030029	-50.980000	0.000008
1581.040039	-50.910000	0.000008
1581.050049	-50.790001	0.000008
1581.060059	-50.610001	0.000009
1581.069946	-50.439999	0.000009
1581.079956	-50.290001	0.000009
1581.089966	-50.230000	0.000009
1581.099976	-50.200001	0.000010
1581.109985	-50.180000	0.000010
1581.119995	-50.139999	0.000010
1581.130005	-50.110001	0.000010
1581.140015	-50.110001	0.000010
1581.150024	-50.150002	0.000010
1581.160034	-50.169998	0.000010
1581.170044	-50.150002	0.000010
1581.180054	-50.070000	0.000010
1581.189941	-49.939999	0.000010
1581.199951	-49.799999	0.000010
1581.209961	-49.650002	0.000011
1581.219971	-49.590000	0.000011
1581.229980	-49.490002	0.000011
1581.239990	-49.400002	0.000011
1581.250000	-49.330002	0.000012
1581.260010	-49.290001	0.000012
1581.270020	-49.279999	0.000012
1581.280029	-49.310001	0.000012
1581.290039	-49.320000	0.000012
1581.300049	-49.320000	0.000012
1581.310059	-49.290001	0.000012
1581.319946	-49.279999	0.000012
1581.329956	-49.230000	0.000012
1581.339966	-49.160000	0.000012
1581.349976	-49.029999	0.000013
1581.359985	-48.869999	0.000013
1581.369995	-48.720001	0.000013
1581.380005	-48.630001	0.000014
1581.390015	-48.580002	0.000014
1581.400024	-48.529999	0.000014
1581.410034	-48.509998	0.000014
1581.420044	-48.470001	0.000014
1581.430054	-48.430000	0.000014
1581.439941	-48.439999	0.000014
1581.449951	-48.480000	0.000014
1581.459961	-48.500000	0.000014
1581.469971	-48.470001	0.000014
1581.479980	-48.389999	0.000014
1581.489990	-48.270000	0.000015
1581.500000	-48.160000	0.000015
1581.510010	-48.060001	0.000016
1581.520020	-47.900002	0.000016
1581.530029	-47.779999	0.000017
1581.540039	-47.669998	0.000017
1581.550049	-47.590000	0.000017
1581.560059	-47.549999	0.000018
1581.569946	-47.540001	0.000018
1581.579956	-47.560001	0.000018
1581.589966	-47.560001	0.000018
1581.599976	-47.549999	0.000018
1581.609985	-47.529999	0.000018
1581.619995	-47.540001	0.000018
1581.630005	-47.509998	0.000018
1581.640015	-47.400002	0.000018
1581.650024	-47.259998	0.000019
1581.660034	-47.090000	0.000020
1581.670044	-46.939999	0.000020
1581.680054	-46.849998	0.000021
1581.689941	-46.799999	0.000021
1581.699951	-46.759998	0.000021
1581.709961	-46.730000	0.000021
1581.719971	-46.700001	0.000021
1581.729980	-46.689999	0.000021
1581.739990	-46.720001	0.000021
1581.750000	-46.770000	0.000021
1581.760010	-46.810001	0.000021
1581.770020	-46.790001	0.000021
1581.780029	-46.709999	0.000021
1581.790039	-46.630001	0.000022
1581.800049	-46.560001	0.000022
1581.810059	-46.470001	0.000023
1581.819946	-46.369999	0.000023
1581.829956	-46.279999	0.000024
1581.839966	-46.209999	0.000024
1581.849976	-46.160000	0.000024
1581.859985	-46.160000	0.000024
1581.869995	-46.189999	0.000024
1581.880005	-46.220001	0.000024
1581.890015	-46.250000	0.000024
1581.900024	-46.270000	0.000024
1581.910034	-46.320000	0.000023
1581.920044	-46.380001	0.000023
1581.930054	-46.410000	0.000023
1581.939941	-46.389999	0.000023
1581.949951	-46.320000	0.000023
1581.959961	-46.209999	0.000024
1581.969971	-46.099998	0.000025
1581.979980	-46.049999	0.000025
1581.989990	-46.029999	0.000025
1582.000000	-45.980000	0.000025
1582.010010	-45.959999	0.000025
1582.020020	-45.950001	0.000025
1582.030029	-45.990002	0.000025
1582.040039	-46.080002	0.000025
1582.050049	-46.200001	0.000024
1582.060059	-46.279999	0.000024
1582.069946	-46.320000	0.000023
1582.079956	-46.320000	0.000023
1582.089966	-46.290001	0.000023
1582.099976	-46.240002	0.000024
1582.109985	-46.160000	0.000024
1582.119995	-46.080002	0.000025
1582.130005	-46.009998	0.000025
1582.140015	-45.930000	0.000026
1582.150024	-45.919998	0.000026
1582.160034	-45.959999	0.000025
1582.170044	-46.020000	0.000025
1582.180054	-46.080002	0.000025
1582.189941	-46.150002	0.000024
1582.199951	-46.220001	0.000024
1582.209961	-46.279999	0.000024
1582.219971	-46.349998	0.000023
1582.229980	-46.360001	0.000023
1582.239990	-46.299999	0.000023
1582.250000	-46.209999	0.000024
1582.260010	-46.090000	0.000025
1582.270020	-46.009998	0.000025
1582.280029	-45.970001	0.000025
1582.290039	-45.919998	0.000026
1582.300049	-45.900002	0.000026
1582.310059	-45.889999	0.000026
1582.319946	-45.900002	0.000026
1582.329956	-45.939999	0.000025
1582.339966	-46.029999	0.000025
1582.349976	-46.150002	0.000024
1582.359985	-46.220001	0.000024
1582.369995	-46.250000	0.000024
1582.380005	-46.240002	0.000024
1582.390015	-46.200001	0.000024
1582.400024	-46.150002	0.000024
1582.410034	-46.020000	0.000025
1582.420044	-45.919998	0.000026
1582.430054	-45.820000	0.000026
1582.439941	-45.730000	0.000027
1582.449951	-45.689999	0.000027
1582.459961	-45.709999	0.000027
1582.469971	-45.750000	0.000027
1582.479980	-45.799999	0.000026
1582.489990	-45.860001	0.000026
1582.500000	-45.910000	0.000026
1582.510010	-46.009998	0.000025
1582.520020	-46.110001	0.000024
1582.530029	-46.150002	0.000024
1582.540039	-46.119999	0.000024
1582.550049	-46.029999	0.000025
1582.560059	-45.939999	0.000025
1582.569946	-45.830002	0.000026
1582.579956	-45.759998	0.000027
1582.589966	-45.700001	0.000027
1582.599976	-45.669998	0.000027
1582.609985	-45.660000	0.000027
1582.619995	-45.680000	0.000027
1582.630005	-45.740002	0.000027
1582.640015	-45.889999	0.000026
1582.650024	-46.000000	0.000025
1582.660034	-46.090000	0.000025
1582.670044	-46.169998	0.000024
1582.680054	-46.200001	0.000024
1582.689941	-46.200001	0.000024
1582.699951	-46.139999	0.000024
1582.709961	-46.070000	0.000025
1582.719971	-45.990002	0.000025
1582.729980	-45.930000	0.000026
1582.739990	-45.889999	0.000026
1582.750000	-45.900002	0.000026
1582.760010	-45.959999	0.000025
1582.770020	-46.040001	0.000025
1582.780029	-46.139999	0.000024
1582.790039	-46.240002	0.000024
1582.800049	-46.380001	0.000023
1582.810059	-46.540001	0.000022
1582.819946	-46.750000	0.000021
1582.829956	-46.849998	0.000021
1582.839966	-46.900002	0.000020
1582.849976	-46.880001	0.000021
1582.859985	-46.820000	0.000021
1582.869995	-46.779999	0.000021
1582.880005	-46.759998	0.000021
1582.890015	-46.759998	0.000021
1582.900024	-46.779999	0.000021
1582.910034	-46.799999	0.000021
1582.920044	-46.860001	0.000021
1582.930054	-46.970001	0.000020
1582.939941	-47.139999	0.000019
1582.949951	-47.310001	0.000019
1582.959961	-47.509998	0.000018
1582.969971	-47.700001	0.000017
1582.979980	-47.860001	0.000016
1582.989990	-47.990002	0.000016
1583.000000	-48.029999	0.000016
1583.010010	-48.029999	0.000016
1583.020020	-48.009998	0.000016
1583.030029	-47.980000	0.000016
1583.040039	-47.980000	0.000016
1583.050049	-48.020000	0.000016
1583.060059	-48.110001	0.000015
1583.069946	-48.220001	0.000015
1583.079956	-48.360001	0.000015
1583.089966	-48.540001	0.000014
1583.099976	-48.750000	0.000013
1583.109985	-49.009998	0.000013
1583.119995	-49.290001	0.000012
1583.130005	-49.410000	0.000011
1583.140015	-49.480000	0.000011
1583.150024	-49.450001	0.000011
1583.160034	-49.380001	0.000012
1583.170044	-49.349998	0.000012
1583.180054	-49.369999	0.000012
1583.189941	-49.430000	0.000011
1583.199951	-49.470001	0.000011
1583.209961	-49.509998	0.000011
1583.219971	-49.560001	0.000011
1583.229980	-49.660000	0.000011
1583.239990	-49.860001	0.000010
1583.250000	-50.060001	0.000010
1583.260010	-50.259998	0.000009
1583.270020	-50.410000	0.000009
1583.280029	-50.470001	0.000009
1583.290039	-50.470001	0.000009
1583.300049	-50.410000	0.000009
1583.310059	-50.380001	0.000009
1583.319946	-50.330002	0.000009
1583.329956	-50.270000	0.000009
1583.339966	-50.240002	0.000009
1583.349976	-50.259998	0.000009
1583.359985	-50.340000	0.000009
1583.369995	-50.450001	0.000009
1583.380005	-50.570000	0.000009
1583.390015	-50.700001	0.000009
1583.400024	-50.840000	0.000008
1583.410034	-51.040001	0.000008
1583.420044	-51.169998	0.000008
1583.430054	-51.250000	0.000007
1583.439941	-51.240002	0.000008
1583.449951	-51.099998	0.000008
1583.459961	-50.959999	0.000008
1583.469971	-50.869999	0.000008
1583.479980	-50.849998	0.000008
1583.489990	-50.880001	0.000008
1583.500000	-50.919998	0.000008
1583.510010	-50.959999	0.000008
1583.520020	-50.970001	0.000008
1583.530029	-51.070000	0.000008
1583.540039	-51.279999	0.000007
1583.550049	-51.470001	0.000007
1583.560059	-51.630001	0.000007
1583.569946	-51.669998	0.000007
1583.579956	-51.630001	0.000007
1583.589966	-51.529999	0.000007
1583.599976	-51.400002	0.000007
1583.609985	-51.330002	0.000007
1583.619995	-51.259998	0.000007
1583.630005	-51.180000	0.000008
1583.640015	-51.160000	0.000008
1583.650024	-51.209999	0.000008
1583.660034	-51.320000	0.000007
1583.670044	-51.450001	0.000007
1583.680054	-51.599998	0.000007
1583.689941	-51.730000	0.000007
1583.699951	-51.840000	0.000007
1583.709961	-51.939999	0.000006
1583.719971	-52.020000	0.000006
1583.729980	-52.000000	0.000006
1583.739990	-51.889999	0.000006
1583.750000	-51.740002	0.000007
1583.760010	-51.599998	0.000007
1583.770020	-51.540001	0.000007
1583.780029	-51.529999	0.000007
1583.790039	-51.549999	0.000007
1583.800049	-51.560001	0.000007
1583.810059	-51.560001	0.000007
1583.819946	-51.590000	0.000007
1583.829956	-51.709999	0.000007
1583.839966	-51.849998	0.000007
1583.849976	-52.080002	0.000006
1583.859985	-52.250000	0.000006
1583.869995	-52.340000	0.000006
1583.880005	-52.410000	0.000006
1583.890015	-52.470001	0.000006
1583.900024	-52.500000	0.000006
1583.910034	-52.529999	0.000006
1583.920044	-52.540001	0.000006
1583.930054	-52.529999	0.000006
1583.939941	-52.549999	0.000006
1583.949951	-52.630001	0.000005
1583.959961	-52.740002	0.000005
1583.969971	-52.889999	0.000005
1583.979980	-53.110001	0.000005
1583.989990	-53.349998	0.000005
1584.000000	-53.580002	0.000004
1584.010010	-53.790001	0.000004
1584.020020	-53.959999	0.000004
1584.030029	-54.080002	0.000004
1584.040039	-54.160000	0.000004
1584.050049	-54.150002	0.000004
1584.060059	-54.139999	0.000004
1584.069946	-54.130001	0.000004
1584.079956	-54.150002	0.000004
1584.089966	-54.200001	0.000004
1584.099976	-54.320000	0.000004
1584.109985	-54.490002	0.000004
1584.119995	-54.730000	0.000003
1584.130005	-55.000000	0.000003
1584.140015	-55.369999	0.000003
1584.150024	-55.799999	0.000003
1584.160034	-56.310001	0.000002
1584.170044	-56.630001	0.000002
1584.180054	-56.849998	0.000002
1584.189941	-56.919998	0.000002
1584.199951	-56.930000	0.000002
1584.209961	-56.959999	0.000002
1584.219971	-57.049999	0.000002
1584.229980	-57.139999	0.000002
1584.239990	-57.290001	0.000002
1584.250000	-57.380001	0.000002
1584.260010	-57.509998	0.000002
1584.270020	-57.630001	0.000002
1584.280029	-57.830002	0.000002
1584.290039	-58.040001	0.000002
1584.300049	-58.230000	0.000002
1584.310059	-58.340000	0.000001
1584.319946	-58.389999	0.000001
1584.329956	-58.529999	0.000001
1584.339966	-58.610001	0.000001
1584.349976	-58.669998	0.000001
1584.359985	-58.750000	0.000001
1584.369995	-58.790001	0.000001
1584.380005	-58.820000	0.000001
1584.390015	-58.860001	0.000001
1584.400024	-58.939999	0.000001
1584.410034	-59.110001	0.000001
1584.420044	-59.349998	0.000001
1584.430054	-59.590000	0.000001
1584.439941	-59.889999	0.000001
1584.449951	-60.299999	0.000001
1584.459961	-60.740002	0.000001
1584.469971	-61.119999	0.000001
1584.479980	-61.509998	0.000001
1584.489990	-61.590000	0.000001
1584.500000	-61.740002	0.000001
1584.510010	-61.830002	0.000001
1584.520020	-61.900002	0.000001
1584.530029	-61.990002	0.000001
1584.540039	-62.139999	0.000001
1584.550049	-62.189999	0.000001
1584.560059	-62.349998	0.000001
1584.569946	-62.610001	0.000001
1584.579956	-62.740002	0.000001
1584.589966	-62.970001	0.000001
1584.599976	-63.540001	0.000000
1584.609985	-64.029999	0.000000
1584.619995	-64.190002	0.000000
1584.630005	-64.410004	0.000000
1584.640015	-64.760002	0.000000
1584.650024	-64.820000	0.000000
1584.660034	-64.820000	0.000000
1584.670044	-64.930000	0.000000
1584.680054	-65.040001	0.000000
1584.689941	-64.860001	0.000000
1584.699951	-65.120003	0.000000
1584.709961	-65.250000	0.000000
1584.719971	-65.519997	0.000000
1584.729980	-65.750000	0.000000
1584.739990	-65.879997	0.000000
1584.750000	-66.279999	0.000000
1584.760010	-66.529999	0.000000
1584.770020	-66.790001	0.000000
1584.780029	-67.050003	0.000000
1584.790039	-67.370003	0.000000
1584.800049	-67.379997	0.000000
1584.810059	-67.410004	0.000000
1584.819946	-67.330002	0.000000
1584.829956	-67.330002	0.000000
1584.839966	-67.639999	0.000000
1584.849976	-67.889999	0.000000
1584.859985	-67.410004	0.000000
1584.869995	-67.730003	0.000000
1584.880005	-68.120003	0.000000
1584.890015	-68.489998	0.000000
1584.900024	-68.680000	0.000000
1584.910034	-68.660004	0.000000
1584.920044	-69.040001	0.000000
1584.930054	-69.300003	0.000000
1584.939941	-69.169998	0.000000
1584.949951	-69.629997	0.000000
1584.959961	-69.610001	0.000000
1584.969971	-69.849998	0.000000
1584.979980	-69.230003	0.000000
1584.989990	-69.690002	0.000000
1585.000000	-69.440002	0.000000
1585.010010	-69.519997	0.000000
1585.020020	-69.720001	0.000000
1585.030029	-70.400002	0.000000
1585.040039	-70.589996	0.000000
1585.050049	-70.750000	0.000000
1585.060059	-70.489998	0.000000
1585.069946	-71.089996	0.000000
1585.079956	-71.120003	0.000000
1585.089966	-71.010002	0.000000
1585.099976	-70.589996	0.000000
1585.109985	-71.150002	0.000000
1585.119995	-70.739998	0.000000
1585.130005	-71.169998	0.000000
1585.140015	-71.379997	0.000000
1585.150024	-71.419998	0.000000
1585.160034	-71.269997	0.000000
1585.170044	-71.889999	0.000000
1585.180054	-71.470001	0.000000
1585.189941	-72.230003	0.000000
1585.199951	-72.209999	0.000000
1585.209961	-72.480003	0.000000
1585.219971	-72.529999	0.000000
1585.229980	-72.660004	0.000000
1585.239990	-72.529999	0.000000
1585.250000	-73.690002	0.000000
1585.260010	-73.139999	0.000000
1585.270020	-72.970001	0.000000
1585.280029	-72.419998	0.000000
1585.290039	-72.169998	0.000000
1585.300049	-73.570000	0.000000
1585.310059	-72.989998	0.000000
1585.319946	-73.250000	0.000000
1585.329956	-73.040001	0.000000
1585.339966	-73.220001	0.000000
1585.349976	-73.570000	0.000000
1585.359985	-75.000000	0.000000
1585.369995	-76.309998	0.000000
1585.380005	-75.160004	0.000000
1585.390015	-74.019997	0.000000
1585.400024	-75.080002	0.000000
1585.410034	-74.209999	0.000000
1585.420044	-74.550003	0.000000
1585.430054	-74.110001	0.000000
1585.439941	-75.239998	0.000000
1585.449951	-75.449997	0.000000
1585.459961	-74.769997	0.000000
1585.469971	-74.279999	0.000000
1585.479980	-75.320000	0.000000
1585.489990	-75.040001	0.000000
1585.500000	-74.440002	0.000000
1585.510010	-78.360001	0.000000
1585.520020	-75.800003	0.000000
1585.530029	-78.809998	0.000000
1585.540039	-76.629997	0.000000
1585.550049	-79.099998	0.000000
1585.560059	-76.089996	0.000000
1585.569946	-76.570000	0.000000
1585.579956	-76.089996	0.000000
1585.589966	-81.820000	0.000000
1585.599976	-77.589996	0.000000
1585.609985	-75.849998	0.000000
1585.619995	-78.040001	0.000000
1585.630005	-80.250000	0.000000
1585.640015	-77.809998	0.000000
1585.650024	-77.449997	0.000000
1585.660034	-78.040001	0.000000
1585.670044	-85.440002	0.000000
1585.680054	-77.050003	0.000000
1585.689941	-78.120003	0.000000
1585.699951	-79.529999	0.000000
1585.709961	-75.480003	0.000000
1585.719971	-80.250000	0.000000
1585.729980	-77.660004	0.000000
1585.739990	-78.809998	0.000000
1585.750000	-80.669998	0.000000
1585.760010	-78.120003	0.000000
1585.770020	-80.250000	0.000000
1585.780029	-210.000000	0.000000
1585.790039	-78.199997	0.000000
1585.800049	-84.300003	0.000000
1585.810059	-78.199997	0.000000
1585.819946	-77.879997	0.000000
1585.829956	-83.980003	0.000000
1585.839966	-85.440002	0.000000
1585.849976	-89.419998	0.000000
1585.859985	-82.889999	0.000000
1585.869995	-81.820000	0.000000
1585.880005	-77.809998	0.000000
1585.890015	-79.209999	0.000000
1585.900024	-81.639999	0.000000
1585.910034	-85.440002	0.000000
1585.920044	-78.360001	0.000000
1585.930054	-82.889999	0.000000
1585.939941	-85.440002	0.000000
1585.949951	-80.250000	0.000000
1585.959961	-80.529999	0.000000
1585.969971	-80.820000	0.000000
1585.979980	-82.220001	0.000000
1585.989990	-81.639999	0.000000
1586.000000	-82.430000	0.000000
1586.010010	-83.129997	0.000000
1586.020020	-76.809998	0.000000
1586.030029	-85.440002	0.000000
1586.040039	-83.400002	0.000000
1586.050049	-210.000000	0.000000
1586.060059	-81.639999	0.000000
1586.069946	-85.029999	0.000000
1586.079956	-87.660004	0.000000
1586.089966	-210.000000	0.000000
1586.099976	-80.820000	0.000000
1586.109985	-210.000000	0.000000
1586.119995	-210.000000	0.000000
1586.130005	-90.669998	0.000000
1586.140015	-210.000000	0.000000
1586.150024	-210.000000	0.000000
1586.160034	-87.660004	0.000000
1586.170044	-80.120003	0.000000
1586.180054	-88.449997	0.000000
1586.189941	-85.029999	0.000000
1586.199951	-210.000000	0.000000
1586.209961	-86.989998	0.000000
1586.219971	-83.680000	0.000000
1586.229980	-210.000000	0.000000
1586.239990	-80.970001	0.000000
1586.250000	-210.000000	0.000000
1586.260010	-210.000000	0.000000
1586.270020	-79.760002	0.000000
1586.280029	-210.000000	0.000000
1586.290039	-81.459999	0.000000
1586.300049	-86.410004	0.000000
1586.310059	-210.000000	0.000000
1586.319946	-82.889999	0.000000
1586.329956	-81.290001	0.000000
1586.339966	-210.000000	0.000000
1586.349976	-210.000000	0.000000
1586.359985	-84.300003	0.000000
1586.369995	-85.900002	0.000000
1586.380005	-210.000000	0.000000
1586.390015	-210.000000	0.000000
1586.400024	-83.980003	0.000000
1586.410034	-210.000000	0.000000
1586.420044	-85.440002	0.000000
1586.430054	-88.449997	0.000000
1586.439941	-210.000000	0.000000
1586.449951	-210.000000	0.000000
1586.459961	-83.129997	0.000000
1586.469971	-82.019997	0.000000
1586.479980	-82.430000	0.000000
1586.489990	-87.660004	0.000000
1586.500000	-210.000000	0.000000
1586.510010	-210.000000	0.000000
1586.520020	-210.000000	0.000000
1586.530029	-210.000000	0.000000
1586.540039	-88.449997	0.000000
1586.550049	-210.000000	0.000000
1586.560059	-87.660004	0.000000
1586.569946	-210.000000	0.000000
1586.579956	-210.000000	0.000000
1586.589966	-80.970001	0.000000
1586.599976	-81.459999	0.000000
1586.609985	-210.000000	0.000000
1586.619995	-210.000000	0.000000
1586.630005	-88.449997	0.000000
1586.640015	-210.000000	0.000000
1586.650024	-210.000000	0.000000
1586.660034	-210.000000	0.000000
1586.670044	-83.680000	0.000000
1586.680054	-82.889999	0.000000
1586.689941	-81.459999	0.000000
1586.699951	-210.000000	0.000000
1586.709961	-86.410004	0.000000
1586.719971	-79.099998	0.000000
1586.729980	-82.889999	0.000000
1586.739990	-85.900002	0.000000
1586.750000	-210.000000	0.000000
1586.760010	-210.000000	0.000000
1586.770020	-95.440002	0.000000
1586.780029	-210.000000	0.000000
1586.790039	-210.000000	0.000000
1586.800049	-210.000000	0.000000
1586.810059	-210.000000	0.000000
1586.819946	-83.129997	0.000000
1586.829956	-210.000000	0.000000
1586.839966	-82.889999	0.000000
1586.849976	-210.000000	0.000000
1586.859985	-81.459999	0.000000
1586.869995	-88.449997	0.000000
1586.880005	-210.000000	0.000000
1586.890015	-78.809998	0.000000
1586.900024	-210.000000	0.000000
1586.910034	-210.000000	0.000000
1586.920044	-210.000000	0.000000
1586.930054	-80.970001	0.000000
1586.939941	-90.669998	0.000000
1586.949951	-210.000000	0.000000
1586.959961	-210.000000	0.000000
1586.969971	-95.440002	0.000000
1586.979980	-210.000000	0.000000
1586.989990	-84.300003	0.000000
1587.000000	-210.000000	0.000000
