Wavelength (nm)	Transmission (dBm)	Linear Transmission
1577.000000	-83.980003	0.000000
1577.010010	-210.000000	0.000000
1577.020020	-210.000000	0.000000
1577.030029	-92.430000	0.000000
1577.040039	-210.000000	0.000000
1577.050049	-210.000000	0.000000
1577.060059	-210.000000	0.000000
1577.069946	-82.019997	0.000000
1577.079956	-210.000000	0.000000
1577.089966	-84.300003	0.000000
1577.099976	-82.019997	0.000000
1577.109985	-210.000000	0.000000
1577.119995	-82.019997	0.000000
1577.130005	-210.000000	0.000000
1577.140015	-210.000000	0.000000
1577.150024	-210.000000	0.000000
1577.160034	-77.519997	0.000000
1577.170044	-210.000000	0.000000
1577.180054	-87.660004	0.000000
1577.189941	-210.000000	0.000000
1577.199951	-210.000000	0.000000
1577.209961	-85.029999	0.000000
1577.219971	-210.000000	0.000000
1577.229980	-210.000000	0.000000
1577.239990	-210.000000	0.000000
1577.250000	-210.000000	0.000000
1577.260010	-210.000000	0.000000
1577.270020	-210.000000	0.000000
1577.280029	-210.000000	0.000000
1577.290039	-83.980003	0.000000
1577.300049	-210.000000	0.000000
1577.310059	-210.000000	0.000000
1577.319946	-210.000000	0.000000
1577.329956	-210.000000	0.000000
1577.339966	-210.000000	0.000000
1577.349976	-210.000000	0.000000
1577.359985	-210.000000	0.000000
1577.369995	-210.000000	0.000000
1577.380005	-82.889999	0.000000
1577.390015	-210.000000	0.000000
1577.400024	-81.820000	0.000000
1577.410034	-95.440002	0.000000
1577.420044	-210.000000	0.000000
1577.430054	-210.000000	0.000000
1577.439941	-82.019997	0.000000
1577.449951	-210.000000	0.000000
1577.459961	-89.419998	0.000000
1577.469971	-210.000000	0.000000
1577.479980	-210.000000	0.000000
1577.489990	-88.449997	0.000000
1577.500000	-210.000000	0.000000
1577.510010	-210.000000	0.000000
1577.520020	-210.000000	0.000000
1577.530029	-210.000000	0.000000
1577.540039	-85.440002	0.000000
1577.550049	-210.000000	0.000000
1577.560059	-86.989998	0.000000
1577.569946	-210.000000	0.000000
1577.579956	-210.000000	0.000000
1577.589966	-85.900002	0.000000
1577.599976	-210.000000	0.000000
1577.609985	-85.900002	0.000000
1577.619995	-210.000000	0.000000
1577.630005	-210.000000	0.000000
1577.640015	-210.000000	0.000000
1577.650024	-210.000000	0.000000
1577.660034	-210.000000	0.000000
1577.670044	-80.250000	0.000000
1577.680054	-210.000000	0.000000
1577.689941	-210.000000	0.000000
1577.699951	-82.889999	0.000000
1577.709961	-210.000000	0.000000
1577.719971	-89.419998	0.000000
1577.729980	-210.000000	0.000000
1577.739990	-210.000000	0.000000
1577.750000	-85.440002	0.000000
1577.760010	-210.000000	0.000000
1577.770020	-210.000000	0.000000
1577.780029	-210.000000	0.000000
1577.790039	-86.410004	0.000000
1577.800049	-82.889999	0.000000
1577.810059	-83.400002	0.000000
1577.819946	-81.820000	0.000000
1577.829956	-210.000000	0.000000
1577.839966	-89.419998	0.000000
1577.849976	-82.220001	0.000000
1577.859985	-210.000000	0.000000
1577.869995	-82.220001	0.000000
1577.880005	-85.900002	0.000000
1577.890015	-210.000000	0.000000
1577.900024	-210.000000	0.000000
1577.910034	-84.650002	0.000000
1577.920044	-210.000000	0.000000
1577.930054	-210.000000	0.000000
1577.939941	-210.000000	0.000000
1577.949951	-82.889999	0.000000
1577.959961	-82.430000	0.000000
1577.969971	-210.000000	0.000000
1577.979980	-88.449997	0.000000
1577.989990	-210.000000	0.000000
1578.000000	-85.449997	0.000000
1578.010010	-210.000000	0.000000
1578.020020	-210.000000	0.000000
1578.030029	-210.000000	0.000000
1578.040039	-79.010002	0.000000
1578.050049	-88.459999	0.000000
1578.060059	-210.000000	0.000000
1578.069946	-82.660004	0.000000
1578.079956	-82.660004	0.000000
1578.089966	-81.650002	0.000000
1578.099976	-210.000000	0.000000
1578.109985	-210.000000	0.000000
1578.119995	-210.000000	0.000000
1578.130005	-85.040001	0.000000
1578.140015	-210.000000	0.000000
1578.150024	-80.830002	0.000000
1578.160034	-210.000000	0.000000
1578.170044	-210.000000	0.000000
1578.180054	-210.000000	0.000000
1578.189941	-210.000000	0.000000
1578.199951	-210.000000	0.000000
1578.209961	-82.230003	0.000000
1578.219971	-87.669998	0.000000
1578.229980	-83.139999	0.000000
1578.239990	-210.000000	0.000000
1578.250000	-210.000000	0.000000
1578.260010	-80.540001	0.000000
1578.270020	-84.660004	0.000000
1578.280029	-210.000000	0.000000
1578.290039	-79.540001	0.000000
1578.300049	-81.470001	0.000000
1578.310059	-85.910004	0.000000
1578.319946	-89.430000	0.000000
1578.329956	-210.000000	0.000000
1578.339966	-89.430000	0.000000
1578.349976	-80.010002	0.000000
1578.359985	-210.000000	0.000000
1578.369995	-79.769997	0.000000
1578.380005	-210.000000	0.000000
1578.390015	-210.000000	0.000000
1578.400024	-83.989998	0.000000
1578.410034	-210.000000	0.000000
1578.420044	-89.430000	0.000000
1578.430054	-210.000000	0.000000
1578.439941	-78.639999	0.000000
1578.449951	-210.000000	0.000000
1578.459961	-210.000000	0.000000
1578.469971	-79.320000	0.000000
1578.479980	-80.980003	0.000000
1578.489990	-83.989998	0.000000
1578.500000	-210.000000	0.000000
1578.510010	-90.680000	0.000000
1578.520020	-85.040001	0.000000
1578.530029	-95.449997	0.000000
1578.540039	-81.300003	0.000000
1578.550049	-210.000000	0.000000
1578.560059	-210.000000	0.000000
1578.569946	-210.000000	0.000000
1578.579956	-210.000000	0.000000
1578.589966	-85.910004	0.000000
1578.599976	-85.449997	0.000000
1578.609985	-84.660004	0.000000
1578.619995	-210.000000	0.000000
1578.630005	-210.000000	0.000000
1578.640015	-210.000000	0.000000
1578.650024	-210.000000	0.000000
1578.660034	-210.000000	0.000000
1578.670044	-210.000000	0.000000
1578.680054	-210.000000	0.000000
1578.689941	-210.000000	0.000000
1578.699951	-87.669998	0.000000
1578.709961	-210.000000	0.000000
1578.719971	-210.000000	0.000000
1578.729980	-210.000000	0.000000
1578.739990	-88.459999	0.000000
1578.750000	-210.000000	0.000000
1578.760010	-83.989998	0.000000
1578.770020	-88.459999	0.000000
1578.780029	-79.430000	0.000000
1578.790039	-210.000000	0.000000
1578.800049	-210.000000	0.000000
1578.810059	-95.449997	0.000000
1578.819946	-210.000000	0.000000
1578.829956	-85.040001	0.000000
1578.839966	-81.470001	0.000000
1578.849976	-210.000000	0.000000
1578.859985	-210.000000	0.000000
1578.869995	-92.440002	0.000000
1578.880005	-90.680000	0.000000
1578.890015	-95.449997	0.000000
1578.900024	-210.000000	0.000000
1578.910034	-210.000000	0.000000
1578.920044	-210.000000	0.000000
1578.930054	-210.000000	0.000000
1578.939941	-86.419998	0.000000
1578.949951	-210.000000	0.000000
1578.959961	-95.449997	0.000000
1578.969971	-210.000000	0.000000
1578.979980	-79.769997	0.000000
1578.989990	-210.000000	0.000000
1579.000000	-82.900002	0.000000
1579.010010	-210.000000	0.000000
1579.020020	-210.000000	0.000000
1579.030029	-82.900002	0.000000
1579.040039	-210.000000	0.000000
1579.050049	-90.680000	0.000000
1579.060059	-95.449997	0.000000
1579.069946	-83.690002	0.000000
1579.079956	-210.000000	0.000000
1579.089966	-210.000000	0.000000
1579.099976	-82.440002	0.000000
1579.109985	-85.449997	0.000000
1579.119995	-210.000000	0.000000
1579.130005	-210.000000	0.000000
1579.140015	-210.000000	0.000000
1579.150024	-210.000000	0.000000
1579.160034	-95.449997	0.000000
1579.170044	-210.000000	0.000000
1579.180054	-82.440002	0.000000
1579.189941	-210.000000	0.000000
1579.199951	-84.660004	0.000000
1579.209961	-210.000000	0.000000
1579.219971	-95.449997	0.000000
1579.229980	-210.000000	0.000000
1579.239990	-210.000000	0.000000
1579.250000	-210.000000	0.000000
1579.260010	-82.440002	0.000000
1579.270020	-92.440002	0.000000
1579.280029	-210.000000	0.000000
1579.290039	-82.900002	0.000000
1579.300049	-210.000000	0.000000
1579.310059	-210.000000	0.000000
1579.319946	-210.000000	0.000000
1579.329956	-87.669998	0.000000
1579.339966	-210.000000	0.000000
1579.349976	-90.680000	0.000000
1579.359985	-80.260002	0.000000
1579.369995	-210.000000	0.000000
1579.380005	-210.000000	0.000000
1579.390015	-83.690002	0.000000
1579.400024	-85.910004	0.000000
1579.410034	-210.000000	0.000000
1579.420044	-210.000000	0.000000
1579.430054	-89.430000	0.000000
1579.439941	-87.000000	0.000000
1579.449951	-210.000000	0.000000
1579.459961	-87.669998	0.000000
1579.469971	-210.000000	0.000000
1579.479980	-210.000000	0.000000
1579.489990	-86.419998	0.000000
1579.500000	-210.000000	0.000000
1579.510010	-210.000000	0.000000
1579.520020	-210.000000	0.000000
1579.530029	-80.540001	0.000000
1579.540039	-210.000000	0.000000
1579.550049	-210.000000	0.000000
1579.560059	-210.000000	0.000000
1579.569946	-210.000000	0.000000
1579.579956	-210.000000	0.000000
1579.589966	-82.029999	0.000000
1579.599976	-80.260002	0.000000
1579.609985	-210.000000	0.000000
1579.619995	-210.000000	0.000000
1579.630005	-210.000000	0.000000
1579.640015	-85.449997	0.000000
1579.650024	-210.000000	0.000000
1579.660034	-89.430000	0.000000
1579.670044	-210.000000	0.000000
1579.680054	-210.000000	0.000000
1579.689941	-210.000000	0.000000
1579.699951	-210.000000	0.000000
1579.709961	-85.449997	0.000000
1579.719971	-210.000000	0.000000
1579.729980	-88.459999	0.000000
1579.739990	-81.830002	0.000000
1579.750000	-210.000000	0.000000
1579.760010	-82.900002	0.000000
1579.770020	-92.440002	0.000000
1579.780029	-80.980003	0.000000
1579.790039	-210.000000	0.000000
1579.800049	-83.410004	0.000000
1579.810059	-210.000000	0.000000
1579.819946	-210.000000	0.000000
1579.829956	-210.000000	0.000000
1579.839966	-210.000000	0.000000
1579.849976	-83.989998	0.000000
1579.859985	-88.459999	0.000000
1579.869995	-87.669998	0.000000
1579.880005	-210.000000	0.000000
1579.890015	-78.919998	0.000000
1579.900024	-210.000000	0.000000
1579.910034	-210.000000	0.000000
1579.920044	-83.139999	0.000000
1579.930054	-210.000000	0.000000
1579.939941	-87.000000	0.000000
1579.949951	-210.000000	0.000000
1579.959961	-85.910004	0.000000
1579.969971	-95.449997	0.000000
1579.979980	-210.000000	0.000000
1579.989990	-210.000000	0.000000
1580.000000	-80.260002	0.000000
1580.010010	-79.320000	0.000000
1580.020020	-80.980003	0.000000
1580.030029	-86.419998	0.000000
1580.040039	-210.000000	0.000000
1580.050049	-210.000000	0.000000
1580.060059	-210.000000	0.000000
1580.069946	-210.000000	0.000000
1580.079956	-83.410004	0.000000
1580.089966	-210.000000	0.000000
1580.099976	-210.000000	0.000000
1580.109985	-210.000000	0.000000
1580.119995	-83.410004	0.000000
1580.130005	-210.000000	0.000000
1580.140015	-210.000000	0.000000
1580.150024	-89.430000	0.000000
1580.160034	-210.000000	0.000000
1580.170044	-210.000000	0.000000
1580.180054	-210.000000	0.000000
1580.189941	-210.000000	0.000000
1580.199951	-80.830002	0.000000
1580.209961	-82.440002	0.000000
1580.219971	-210.000000	0.000000
1580.229980	-95.449997	0.000000
1580.239990	-210.000000	0.000000
1580.250000	-84.660004	0.000000
1580.260010	-210.000000	0.000000
1580.270020	-210.000000	0.000000
1580.280029	-210.000000	0.000000
1580.290039	-210.000000	0.000000
1580.300049	-210.000000	0.000000
1580.310059	-81.650002	0.000000
1580.319946	-89.430000	0.000000
1580.329956	-210.000000	0.000000
1580.339966	-210.000000	0.000000
1580.349976	-210.000000	0.000000
1580.359985	-210.000000	0.000000
1580.369995	-210.000000	0.000000
1580.380005	-210.000000	0.000000
1580.390015	-210.000000	0.000000
1580.400024	-210.000000	0.000000
1580.410034	-210.000000	0.000000
1580.420044	-210.000000	0.000000
1580.430054	-210.000000	0.000000
1580.439941	-85.040001	0.000000
1580.449951	-84.660004	0.000000
1580.459961	-95.449997	0.000000
1580.469971	-87.669998	0.000000
1580.479980	-210.000000	0.000000
1580.489990	-210.000000	0.000000
1580.500000	-210.000000	0.000000
1580.510010	-76.589996	0.000000
1580.520020	-77.540001	0.000000
1580.530029	-81.839996	0.000000
1580.540039	-77.010002	0.000000
1580.550049	-77.750000	0.000000
1580.560059	-75.290001	0.000000
1580.569946	-74.459999	0.000000
1580.579956	-72.879997	0.000000
1580.589966	-72.910004	0.000000
1580.599976	-72.160004	0.000000
1580.609985	-70.849998	0.000000
1580.619995	-70.720001	0.000000
1580.630005	-70.900002	0.000000
1580.640015	-70.339996	0.000000
1580.650024	-70.760002	0.000000
1580.660034	-70.370003	0.000000
1580.670044	-69.930000	0.000000
1580.680054	-70.230003	0.000000
1580.689941	-69.820000	0.000000
1580.699951	-68.910004	0.000000
1580.709961	-68.760002	0.000000
1580.719971	-68.110001	0.000000
1580.729980	-68.000000	0.000000
1580.739990	-67.750000	0.000000
1580.750000	-67.410004	0.000000
1580.760010	-67.239998	0.000000
1580.770020	-67.190002	0.000000
1580.780029	-66.820000	0.000000
1580.790039	-66.930000	0.000000
1580.800049	-66.730003	0.000000
1580.810059	-66.750000	0.000000
1580.819946	-66.809998	0.000000
1580.829956	-66.580002	0.000000
1580.839966	-66.440002	0.000000
1580.849976	-66.330002	0.000000
1580.859985	-65.959999	0.000000
1580.869995	-66.099998	0.000000
1580.880005	-65.900002	0.000000
1580.890015	-65.459999	0.000000
1580.900024	-65.400002	0.000000
1580.910034	-65.180000	0.000000
1580.920044	-65.169998	0.000000
1580.930054	-65.099998	0.000000
1580.939941	-65.129997	0.000000
1580.949951	-65.050003	0.000000
1580.959961	-65.040001	0.000000
1580.969971	-65.129997	0.000000
1580.979980	-65.279999	0.000000
1580.989990	-65.440002	0.000000
1581.000000	-65.389999	0.000000
1581.010010	-65.190002	0.000000
1581.020020	-65.180000	0.000000
1581.030029	-65.059998	0.000000
1581.040039	-64.879997	0.000000
1581.050049	-64.910004	0.000000
1581.060059	-64.629997	0.000000
1581.069946	-64.529999	0.000000
1581.079956	-64.580002	0.000000
1581.089966	-64.459999	0.000000
1581.099976	-64.589996	0.000000
1581.109985	-64.779999	0.000000
1581.119995	-64.739998	0.000000
1581.130005	-64.769997	0.000000
1581.140015	-65.029999	0.000000
1581.150024	-65.199997	0.000000
1581.160034	-65.099998	0.000000
1581.170044	-64.980003	0.000000
1581.180054	-64.730003	0.000000
1581.189941	-64.720001	0.000000
1581.199951	-64.529999	0.000000
1581.209961	-64.489998	0.000000
1581.219971	-64.480003	0.000000
1581.229980	-64.540001	0.000000
1581.239990	-64.620003	0.000000
1581.250000	-64.550003	0.000000
1581.260010	-64.610001	0.000000
1581.270020	-64.790001	0.000000
1581.280029	-64.839996	0.000000
1581.290039	-65.040001	0.000000
1581.300049	-64.910004	0.000000
1581.310059	-65.089996	0.000000
1581.319946	-64.940002	0.000000
1581.329956	-64.750000	0.000000
1581.339966	-64.940002	0.000000
1581.349976	-64.889999	0.000000
1581.359985	-64.599998	0.000000
1581.369995	-64.540001	0.000000
1581.380005	-64.709999	0.000000
1581.390015	-64.650002	0.000000
1581.400024	-64.860001	0.000000
1581.410034	-64.900002	0.000000
1581.420044	-65.040001	0.000000
1581.430054	-65.050003	0.000000
1581.439941	-65.360001	0.000000
1581.449951	-65.230003	0.000000
1581.459961	-65.389999	0.000000
1581.469971	-65.349998	0.000000
1581.479980	-65.250000	0.000000
1581.489990	-65.169998	0.000000
1581.500000	-65.160004	0.000000
1581.510010	-65.029999	0.000000
1581.520020	-65.290001	0.000000
1581.530029	-65.000000	0.000000
1581.540039	-65.110001	0.000000
1581.550049	-65.150002	0.000000
1581.560059	-65.370003	0.000000
1581.569946	-65.389999	0.000000
1581.579956	-65.529999	0.000000
1581.589966	-65.519997	0.000000
1581.599976	-65.470001	0.000000
1581.609985	-65.470001	0.000000
1581.619995	-65.349998	0.000000
1581.630005	-65.260002	0.000000
1581.640015	-65.169998	0.000000
1581.650024	-65.089996	0.000000
1581.660034	-65.059998	0.000000
1581.670044	-64.970001	0.000000
1581.680054	-65.029999	0.000000
1581.689941	-64.879997	0.000000
1581.699951	-65.010002	0.000000
1581.709961	-64.980003	0.000000
1581.719971	-64.930000	0.000000
1581.729980	-65.070000	0.000000
1581.739990	-65.050003	0.000000
1581.750000	-64.989998	0.000000
1581.760010	-64.660004	0.000000
1581.770020	-64.620003	0.000000
1581.780029	-64.559998	0.000000
1581.790039	-64.339996	0.000000
1581.800049	-64.230003	0.000000
1581.810059	-64.180000	0.000000
1581.819946	-64.089996	0.000000
1581.829956	-63.970001	0.000000
1581.839966	-63.930000	0.000000
1581.849976	-63.990002	0.000000
1581.859985	-63.840000	0.000000
1581.869995	-63.950001	0.000000
1581.880005	-63.790001	0.000000
1581.890015	-63.889999	0.000000
1581.900024	-63.730000	0.000000
1581.910034	-63.570000	0.000000
1581.920044	-63.520000	0.000000
1581.930054	-63.250000	0.000000
1581.939941	-63.139999	0.000000
1581.949951	-63.040001	0.000000
1581.959961	-62.990002	0.000001
1581.969971	-62.799999	0.000001
1581.979980	-62.740002	0.000001
1581.989990	-62.830002	0.000001
1582.000000	-62.660000	0.000001
1582.010010	-62.759998	0.000001
1582.020020	-62.759998	0.000001
1582.030029	-62.650002	0.000001
1582.040039	-62.540001	0.000001
1582.050049	-62.500000	0.000001
1582.060059	-62.439999	0.000001
1582.069946	-62.279999	0.000001
1582.079956	-62.180000	0.000001
1582.089966	-61.990002	0.000001
1582.099976	-61.869999	0.000001
1582.109985	-61.740002	0.000001
1582.119995	-61.660000	0.000001
1582.130005	-61.590000	0.000001
1582.140015	-61.540001	0.000001
1582.150024	-61.480000	0.000001
1582.160034	-61.509998	0.000001
1582.170044	-61.509998	0.000001
1582.180054	-61.540001	0.000001
1582.189941	-61.430000	0.000001
1582.199951	-61.220001	0.000001
1582.209961	-61.099998	0.000001
1582.219971	-60.950001	0.000001
1582.229980	-60.730000	0.000001
1582.239990	-60.500000	0.000001
1582.250000	-60.380001	0.000001
1582.260010	-60.230000	0.000001
1582.270020	-60.080002	0.000001
1582.280029	-60.090000	0.000001
1582.290039	-60.009998	0.000001
1582.300049	-60.000000	0.000001
1582.310059	-59.950001	0.000001
1582.319946	-59.759998	0.000001
1582.329956	-59.720001	0.000001
1582.339966	-59.580002	0.000001
1582.349976	-59.410000	0.000001
1582.359985	-59.250000	0.000001
1582.369995	-59.020000	0.000001
1582.380005	-58.709999	0.000001
1582.390015	-58.459999	0.000001
1582.400024	-58.220001	0.000002
1582.410034	-57.990002	0.000002
1582.420044	-57.820000	0.000002
1582.430054	-57.700001	0.000002
1582.439941	-57.529999	0.000002
1582.449951	-57.439999	0.000002
1582.459961	-57.340000	0.000002
1582.469971	-57.230000	0.000002
1582.479980	-57.070000	0.000002
1582.489990	-56.860001	0.000002
1582.500000	-56.610001	0.000002
1582.510010	-56.259998	0.000002
1582.520020	-55.860001	0.000003
1582.530029	-55.389999	0.000003
1582.540039	-55.070000	0.000003
1582.550049	-54.740002	0.000003
1582.560059	-54.540001	0.000004
1582.569946	-54.360001	0.000004
1582.579956	-54.139999	0.000004
1582.589966	-53.930000	0.000004
1582.599976	-53.779999	0.000004
1582.609985	-53.590000	0.000004
1582.619995	-53.349998	0.000005
1582.630005	-53.160000	0.000005
1582.640015	-52.820000	0.000005
1582.650024	-52.520000	0.000006
1582.660034	-52.180000	0.000006
1582.670044	-51.750000	0.000007
1582.680054	-51.310001	0.000007
1582.689941	-50.910000	0.000008
1582.699951	-50.470001	0.000009
1582.709961	-50.189999	0.000010
1582.719971	-49.980000	0.000010
1582.729980	-49.790001	0.000010
1582.739990	-49.630001	0.000011
1582.750000	-49.520000	0.000011
1582.760010	-49.299999	0.000012
1582.770020	-49.099998	0.000012
1582.780029	-48.900002	0.000013
1582.790039	-48.680000	0.000014
1582.800049	-48.430000	0.000014
1582.810059	-48.139999	0.000015
1582.819946	-47.799999	0.000017
1582.829956	-47.549999	0.000018
1582.839966	-47.349998	0.000018
1582.849976	-47.220001	0.000019
1582.859985	-47.070000	0.000020
1582.869995	-46.900002	0.000020
1582.880005	-46.720001	0.000021
1582.890015	-46.590000	0.000022
1582.900024	-46.490002	0.000022
1582.910034	-46.430000	0.000023
1582.920044	-46.389999	0.000023
1582.930054	-46.349998	0.000023
1582.939941	-46.270000	0.000024
1582.949951	-46.209999	0.000024
1582.959961	-46.139999	0.000024
1582.969971	-46.060001	0.000025
1582.979980	-45.959999	0.000025
1582.989990	-45.840000	0.000026
1583.000000	-45.669998	0.000027
1583.010010	-45.580002	0.000028
1583.020020	-45.529999	0.000028
1583.030029	-45.509998	0.000028
1583.040039	-45.509998	0.000028
1583.050049	-45.520000	0.000028
1583.060059	-45.549999	0.000028
1583.069946	-45.599998	0.000028
1583.079956	-45.700001	0.000027
1583.089966	-45.810001	0.000026
1583.099976	-45.900002	0.000026
1583.109985	-45.930000	0.000026
1583.119995	-45.939999	0.000025
1583.130005	-45.930000	0.000026
1583.140015	-45.939999	0.000025
1583.150024	-45.959999	0.000025
1583.160034	-45.990002	0.000025
1583.170044	-46.029999	0.000025
1583.180054	-46.110001	0.000024
1583.189941	-46.209999	0.000024
1583.199951	-46.360001	0.000023
1583.209961	-46.540001	0.000022
1583.219971	-46.720001	0.000021
1583.229980	-46.869999	0.000021
1583.239990	-47.049999	0.000020
1583.250000	-47.209999	0.000019
1583.260010	-47.369999	0.000018
1583.270020	-47.509998	0.000018
1583.280029	-47.619999	0.000017
1583.290039	-47.689999	0.000017
1583.300049	-47.759998	0.000017
1583.310059	-47.840000	0.000016
1583.319946	-47.939999	0.000016
1583.329956	-48.029999	0.000016
1583.339966	-48.160000	0.000015
1583.349976	-48.290001	0.000015
1583.359985	-48.480000	0.000014
1583.369995	-48.660000	0.000014
1583.380005	-48.900002	0.000013
1583.390015	-49.150002	0.000012
1583.400024	-49.389999	0.000012
1583.410034	-49.619999	0.000011
1583.420044	-49.730000	0.000011
1583.430054	-49.820000	0.000010
1583.439941	-49.910000	0.000010
1583.449951	-49.980000	0.000010
1583.459961	-50.020000	0.000010
1583.469971	-50.049999	0.000010
1583.479980	-50.090000	0.000010
1583.489990	-50.160000	0.000010
1583.500000	-50.259998	0.000009
1583.510010	-50.400002	0.000009
1583.520020	-50.509998	0.000009
1583.530029	-50.660000	0.000009
1583.540039	-50.889999	0.000008
1583.550049	-51.090000	0.000008
1583.560059	-51.270000	0.000007
1583.569946	-51.389999	0.000007
1583.579956	-51.419998	0.000007
1583.589966	-51.380001	0.000007
1583.599976	-51.330002	0.000007
1583.609985	-51.320000	0.000007
1583.619995	-51.340000	0.000007
1583.630005	-51.400002	0.000007
1583.640015	-51.459999	0.000007
1583.650024	-51.540001	0.000007
1583.660034	-51.680000	0.000007
1583.670044	-51.849998	0.000007
1583.680054	-52.070000	0.000006
1583.689941	-52.270000	0.000006
1583.699951	-52.430000	0.000006
1583.709961	-52.500000	0.000006
1583.719971	-52.520000	0.000006
1583.729980	-52.500000	0.000006
1583.739990	-52.480000	0.000006
1583.750000	-52.450001	0.000006
1583.760010	-52.439999	0.000006
1583.770020	-52.430000	0.000006
1583.780029	-52.439999	0.000006
1583.790039	-52.500000	0.000006
1583.800049	-52.610001	0.000005
1583.810059	-52.709999	0.000005
1583.819946	-52.840000	0.000005
1583.829956	-52.990002	0.000005
1583.839966	-53.180000	0.000005
1583.849976	-53.490002	0.000004
1583.859985	-53.619999	0.000004
1583.869995	-53.700001	0.000004
1583.880005	-53.740002	0.000004
1583.890015	-53.779999	0.000004
1583.900024	-53.830002	0.000004
1583.910034	-53.910000	0.000004
1583.920044	-53.930000	0.000004
1583.930054	-53.950001	0.000004
1583.939941	-54.020000	0.000004
1583.949951	-54.160000	0.000004
1583.959961	-54.360001	0.000004
1583.969971	-54.560001	0.000003
1583.979980	-54.889999	0.000003
1583.989990	-55.119999	0.000003
1584.000000	-55.389999	0.000003
1584.010010	-55.660000	0.000003
1584.020020	-55.930000	0.000003
1584.030029	-56.119999	0.000002
1584.040039	-56.270000	0.000002
1584.050049	-56.330002	0.000002
1584.060059	-56.439999	0.000002
1584.069946	-56.599998	0.000002
1584.079956	-56.740002	0.000002
1584.089966	-56.900002	0.000002
1584.099976	-57.110001	0.000002
1584.109985	-57.380001	0.000002
1584.119995	-57.759998	0.000002
1584.130005	-58.279999	0.000001
1584.140015	-58.910000	0.000001
1584.150024	-59.470001	0.000001
1584.160034	-60.049999	0.000001
1584.170044	-60.410000	0.000001
1584.180054	-60.680000	0.000001
1584.189941	-60.930000	0.000001
1584.199951	-61.040001	0.000001
1584.209961	-61.330002	0.000001
1584.219971	-61.529999	0.000001
1584.229980	-61.860001	0.000001
1584.239990	-62.279999	0.000001
1584.250000	-62.759998	0.000001
1584.260010	-63.389999	0.000000
1584.270020	-64.269997	0.000000
1584.280029	-65.099998	0.000000
1584.290039	-66.190002	0.000000
1584.300049	-67.279999	0.000000
1584.310059	-69.010002	0.000000
1584.319946	-70.279999	0.000000
1584.329956	-72.309998	0.000000
1584.339966	-71.330002	0.000000
1584.349976	-72.709999	0.000000
1584.359985	-73.379997	0.000000
1584.369995	-73.379997	0.000000
1584.380005	-74.209999	0.000000
1584.390015	-75.489998	0.000000
1584.400024	-74.410004	0.000000
1584.410034	-74.769997	0.000000
1584.420044	-74.309998	0.000000
1584.430054	-75.959999	0.000000
1584.439941	-75.360001	0.000000
1584.449951	-77.190002	0.000000
1584.459961	-77.320000	0.000000
1584.469971	-76.050003	0.000000
1584.479980	-77.739998	0.000000
1584.489990	-75.449997	0.000000
1584.500000	-78.820000	0.000000
1584.510010	-81.470001	0.000000
1584.520020	-76.419998	0.000000
1584.530029	-76.639999	0.000000
1584.540039	-77.970001	0.000000
1584.550049	-78.820000	0.000000
1584.560059	-77.669998	0.000000
1584.569946	-79.320000	0.000000
1584.579956	-77.250000	0.000000
1584.589966	-77.000000	0.000000
1584.599976	-79.540001	0.000000
1584.609985	-86.419998	0.000000
1584.619995	-82.440002	0.000000
1584.630005	-87.000000	0.000000
1584.640015	-79.110001	0.000000
1584.650024	-80.260002	0.000000
1584.660034	-76.580002	0.000000
1584.670044	-80.260002	0.000000
1584.680054	-80.830002	0.000000
1584.689941	-78.639999	0.000000
1584.699951	-82.230003	0.000000
1584.709961	-86.419998	0.000000
1584.719971	-79.010002	0.000000
1584.729980	-80.830002	0.000000
1584.739990	-79.650002	0.000000
1584.750000	-80.400002	0.000000
1584.760010	-210.000000	0.000000
1584.770020	-81.300003	0.000000
1584.780029	-80.680000	0.000000
1584.790039	-210.000000	0.000000
1584.800049	-88.459999	0.000000
1584.810059	-78.550003	0.000000
1584.819946	-80.680000	0.000000
1584.829956	-210.000000	0.000000
1584.839966	-82.900002	0.000000
1584.849976	-80.400002	0.000000
1584.859985	-85.040001	0.000000
1584.869995	-210.000000	0.000000
1584.880005	-79.110001	0.000000
1584.890015	-88.459999	0.000000
1584.900024	-210.000000	0.000000
1584.910034	-85.910004	0.000000
1584.920044	-83.410004	0.000000
1584.930054	-85.449997	0.000000
1584.939941	-79.430000	0.000000
1584.949951	-84.309998	0.000000
1584.959961	-210.000000	0.000000
1584.969971	-84.309998	0.000000
1584.979980	-92.440002	0.000000
1584.989990	-210.000000	0.000000
1585.000000	-210.000000	0.000000
1585.010010	-78.370003	0.000000
1585.020020	-210.000000	0.000000
1585.030029	-210.000000	0.000000
1585.040039	-79.540001	0.000000
1585.050049	-84.309998	0.000000
1585.060059	-88.459999	0.000000
1585.069946	-84.660004	0.000000
1585.079956	-90.680000	0.000000
1585.089966	-82.230003	0.000000
1585.099976	-87.669998	0.000000
1585.109985	-81.470001	0.000000
1585.119995	-85.040001	0.000000
1585.130005	-210.000000	0.000000
1585.140015	-210.000000	0.000000
1585.150024	-84.309998	0.000000
1585.160034	-80.680000	0.000000
1585.170044	-90.680000	0.000000
1585.180054	-90.680000	0.000000
1585.189941	-84.660004	0.000000
1585.199951	-210.000000	0.000000
1585.209961	-83.139999	0.000000
1585.219971	-210.000000	0.000000
1585.229980	-210.000000	0.000000
1585.239990	-210.000000	0.000000
1585.250000	-83.690002	0.000000
1585.260010	-92.440002	0.000000
1585.270020	-87.669998	0.000000
1585.280029	-84.660004	0.000000
1585.290039	-210.000000	0.000000
1585.300049	-89.430000	0.000000
1585.310059	-210.000000	0.000000
1585.319946	-210.000000	0.000000
1585.329956	-210.000000	0.000000
1585.339966	-210.000000	0.000000
1585.349976	-210.000000	0.000000
1585.359985	-210.000000	0.000000
1585.369995	-210.000000	0.000000
1585.380005	-80.830002	0.000000
1585.390015	-85.910004	0.000000
1585.400024	-83.410004	0.000000
1585.410034	-210.000000	0.000000
1585.420044	-210.000000	0.000000
1585.430054	-210.000000	0.000000
1585.439941	-210.000000	0.000000
1585.449951	-85.449997	0.000000
1585.459961	-92.440002	0.000000
1585.469971	-210.000000	0.000000
1585.479980	-210.000000	0.000000
1585.489990	-210.000000	0.000000
1585.500000	-210.000000	0.000000
1585.510010	-80.000000	0.000000
1585.520020	-87.660004	0.000000
1585.530029	-210.000000	0.000000
1585.540039	-83.400002	0.000000
1585.550049	-88.449997	0.000000
1585.560059	-84.650002	0.000000
1585.569946	-210.000000	0.000000
1585.579956	-210.000000	0.000000
1585.589966	-210.000000	0.000000
1585.599976	-95.440002	0.000000
1585.609985	-85.440002	0.000000
1585.619995	-83.400002	0.000000
1585.630005	-210.000000	0.000000
1585.640015	-85.900002	0.000000
1585.650024	-210.000000	0.000000
1585.660034	-81.459999	0.000000
1585.670044	-210.000000	0.000000
1585.680054	-85.440002	0.000000
1585.689941	-210.000000	0.000000
1585.699951	-210.000000	0.000000
1585.709961	-89.419998	0.000000
1585.719971	-89.419998	0.000000
1585.729980	-210.000000	0.000000
1585.739990	-210.000000	0.000000
1585.750000	-89.419998	0.000000
1585.760010	-210.000000	0.000000
1585.770020	-210.000000	0.000000
1585.780029	-210.000000	0.000000
1585.790039	-210.000000	0.000000
1585.800049	-79.760002	0.000000
1585.810059	-81.459999	0.000000
1585.819946	-82.019997	0.000000
1585.829956	-210.000000	0.000000
1585.839966	-95.440002	0.000000
1585.849976	-210.000000	0.000000
1585.859985	-84.650002	0.000000
1585.869995	-210.000000	0.000000
1585.880005	-210.000000	0.000000
1585.890015	-210.000000	0.000000
1585.900024	-210.000000	0.000000
1585.910034	-210.000000	0.000000
1585.920044	-210.000000	0.000000
1585.930054	-210.000000	0.000000
1585.939941	-210.000000	0.000000
1585.949951	-210.000000	0.000000
1585.959961	-210.000000	0.000000
1585.969971	-210.000000	0.000000
1585.979980	-92.430000	0.000000
1585.989990	-210.000000	0.000000
1586.000000	-210.000000	0.000000
1586.010010	-210.000000	0.000000
1586.020020	-80.970001	0.000000
1586.030029	-210.000000	0.000000
1586.040039	-81.459999	0.000000
1586.050049	-210.000000	0.000000
1586.060059	-210.000000	0.000000
1586.069946	-210.000000	0.000000
1586.079956	-79.000000	0.000000
1586.089966	-86.410004	0.000000
1586.099976	-92.430000	0.000000
1586.109985	-86.410004	0.000000
1586.119995	-88.449997	0.000000
1586.130005	-83.980003	0.000000
1586.140015	-86.410004	0.000000
1586.150024	-210.000000	0.000000
1586.160034	-83.980003	0.000000
1586.170044	-83.129997	0.000000
1586.180054	-210.000000	0.000000
1586.189941	-210.000000	0.000000
1586.199951	-210.000000	0.000000
1586.209961	-210.000000	0.000000
1586.219971	-83.400002	0.000000
1586.229980	-210.000000	0.000000
1586.239990	-210.000000	0.000000
1586.250000	-210.000000	0.000000
1586.260010	-82.650002	0.000000
1586.270020	-210.000000	0.000000
1586.280029	-86.410004	0.000000
1586.290039	-210.000000	0.000000
1586.300049	-84.650002	0.000000
1586.310059	-80.529999	0.000000
1586.319946	-95.440002	0.000000
1586.329956	-81.290001	0.000000
1586.339966	-210.000000	0.000000
1586.349976	-210.000000	0.000000
1586.359985	-84.300003	0.000000
1586.369995	-210.000000	0.000000
1586.380005	-81.639999	0.000000
1586.390015	-92.430000	0.000000
1586.400024	-80.970001	0.000000
1586.410034	-210.000000	0.000000
1586.420044	-210.000000	0.000000
1586.430054	-210.000000	0.000000
1586.439941	-210.000000	0.000000
1586.449951	-83.400002	0.000000
1586.459961	-90.669998	0.000000
1586.469971	-84.650002	0.000000
1586.479980	-210.000000	0.000000
1586.489990	-81.459999	0.000000
1586.500000	-210.000000	0.000000
1586.510010	-210.000000	0.000000
1586.520020	-81.129997	0.000000
1586.530029	-210.000000	0.000000
1586.540039	-210.000000	0.000000
1586.550049	-210.000000	0.000000
1586.560059	-90.669998	0.000000
1586.569946	-210.000000	0.000000
1586.579956	-81.459999	0.000000
1586.589966	-210.000000	0.000000
1586.599976	-210.000000	0.000000
1586.609985	-79.419998	0.000000
1586.619995	-95.440002	0.000000
1586.630005	-80.820000	0.000000
1586.640015	-210.000000	0.000000
1586.650024	-210.000000	0.000000
1586.660034	-92.430000	0.000000
1586.670044	-210.000000	0.000000
1586.680054	-210.000000	0.000000
1586.689941	-83.400002	0.000000
1586.699951	-210.000000	0.000000
1586.709961	-210.000000	0.000000
1586.719971	-210.000000	0.000000
1586.729980	-210.000000	0.000000
1586.739990	-85.900002	0.000000
1586.750000	-210.000000	0.000000
1586.760010	-82.430000	0.000000
1586.770020	-210.000000	0.000000
1586.780029	-89.419998	0.000000
1586.790039	-210.000000	0.000000
1586.800049	-210.000000	0.000000
1586.810059	-210.000000	0.000000
1586.819946	-210.000000	0.000000
1586.829956	-210.000000	0.000000
1586.839966	-210.000000	0.000000
1586.849976	-210.000000	0.000000
1586.859985	-95.440002	0.000000
1586.869995	-210.000000	0.000000
1586.880005	-210.000000	0.000000
1586.890015	-210.000000	0.000000
1586.900024	-210.000000	0.000000
1586.910034	-210.000000	0.000000
1586.920044	-83.680000	0.000000
1586.930054	-210.000000	0.000000
1586.939941	-210.000000	0.000000
1586.949951	-80.820000	0.000000
1586.959961	-210.000000	0.000000
1586.969971	-80.529999	0.000000
1586.979980	-92.430000	0.000000
1586.989990	-92.430000	0.000000
1587.000000	-210.000000	0.000000
